9.500000000000000666e-01 9.722222222222222099e-01 9.944444444444444642e-01 1.016666666666666607e+00 1.038888888888888751e+00 1.061111111111111116e+00 1.083333333333333259e+00 1.105555555555555625e+00 1.127777777777777768e+00 1.149999999999999911e+00
nan -5.864864572196274217e+00 -3.035442262473640351e+00 -1.880421026506291282e+00 -1.292129563470445719e+00 -9.481735467581146048e-01 -7.308086237809786612e-01 -5.822788242597642938e-01 -4.762663768401078079e-01 -3.990053823411807143e-01
nan -5.987321842507134839e+00 -3.119250403430748886e+00 -1.944051116457677253e+00 -1.343167771085390871e+00 -9.774063560449149923e-01 -7.638275370502397577e-01 -6.132230973764196680e-01 -5.007973879596702149e-01 -4.290078215436439746e-01
nan -6.111665736006706595e+00 -3.205716722430162591e+00 -2.012735970330317592e+00 -1.393789328075502265e+00 -1.049183075982890845e+00 -7.973752618430541839e-01 -6.436793753272546104e-01 -5.356253505892032418e-01 -4.589178762959017499e-01
nan -6.234958610910616983e+00 -3.289917269506059228e+00 -2.072991731590072995e+00 -1.446820564137716536e+00 -1.092426864765348560e+00 -8.302514446561307659e-01 -6.753190456745921111e-01 -5.645316794979032826e-01 -4.999259684619919430e-01
nan -6.357331931618818821e+00 -3.374084756230945281e+00 -2.139348681417020615e+00 -1.502033647068594879e+00 -1.136617075002380739e+00 -8.615484150265124708e-01 -7.072786401027346681e-01 -5.949005641569319325e-01 -5.200034118962260088e-01
nan -6.480681433313561612e+00 -3.461298125758178301e+00 -2.203849824437269067e+00 -1.554306820629217434e+00 -1.181554324105171583e+00 -8.876786815934289976e-01 -7.362063624218599944e-01 -6.266275972044497156e-01 -5.453323662201757793e-01
nan -6.602662594802644946e+00 -3.543514174117790017e+00 -2.269738565628548255e+00 -1.607794430287013743e+00 -1.229409744320021591e+00 -9.093892427647994881e-01 -7.665472436736621153e-01 -6.542254583215745267e-01 nan
nan -6.722028721552288033e+00 -3.628581069209050103e+00 -2.337704412458494474e+00 -1.662199364998145468e+00 -1.276866426834613710e+00 -9.360311291015276369e-01 -7.899245283525341277e-01 -6.781701034166282005e-01 nan
nan -6.841909453672553099e+00 -3.712835804290089303e+00 -2.404296457034408530e+00 -1.718184543465020475e+00 -1.326833303208223125e+00 -1.087472224157649103e+00 -8.086147283792919360e-01 -6.843136506111722195e-01 nan
nan -6.962475742791263578e+00 -3.796139883048479380e+00 -2.468164277913531102e+00 -1.772872542761340986e+00 -1.374325347174841561e+00 -1.134808197614629810e+00 -8.167476695933506559e-01 nan nan
