9.500000000000000666e-01 9.722222222222222099e-01 9.944444444444444642e-01 1.016666666666666607e+00 1.038888888888888751e+00 1.061111111111111116e+00 1.083333333333333259e+00 1.105555555555555625e+00 1.127777777777777768e+00 1.149999999999999911e+00
-9.359275455897222429e+00 -3.282095302603784237e+00 -1.699434934649930673e+00 -1.052458868891279709e+00 -7.238228689707157937e-01 -5.312050439278960257e-01 -4.091239605260464929e-01 -3.256490988888759985e-01 -2.665826604889464102e-01 -2.236016279181429200e-01
-9.271684693208117167e+00 -3.222828085064020520e+00 -1.651105765537275394e+00 -1.013819098524926243e+00 -6.888127363458484975e-01 -5.014726080300436761e-01 -3.818388898877932425e-01 -3.015952059851016442e-01 -2.425534615829967877e-01 nan
-9.188403409765154350e+00 -3.158926197292786675e+00 -1.601951461903103002e+00 -9.701620889519242397e-01 -6.526827129192486199e-01 -4.690625224357343193e-01 -3.531583563818796456e-01 -2.734842157904592286e-01 nan nan
-9.091281367078130060e+00 -3.093659852974154134e+00 -1.549567362130536585e+00 -9.256933686211317180e-01 -6.137685166817040683e-01 -4.346231070395936702e-01 -3.219344717583827453e-01 nan nan nan
-8.999539497921150044e+00 -3.025872533202700332e+00 -1.494598306702585866e+00 -8.791177324461606490e-01 -5.729115557741423226e-01 -3.980477006598827638e-01 -2.894606799269446307e-01 nan nan nan
-8.907751303734599446e+00 -2.955274142097050305e+00 -1.437569382645214722e+00 -8.297374647983600804e-01 -5.296063159107370355e-01 -3.584812674531043242e-01 nan nan nan nan
-8.799518762334560762e+00 -2.882015466216008459e+00 -1.377916590793963447e+00 -7.782671766465485419e-01 -4.829551528569005492e-01 nan nan nan nan nan
-8.706598859136123636e+00 -2.805820433845488182e+00 -1.315301417510491122e+00 -7.230250855581814573e-01 -4.334952833531670602e-01 nan nan nan nan nan
-8.607901251056096825e+00 -2.727274999069621675e+00 -1.249460492783957877e+00 -6.669169440729568743e-01 -3.768483278052509600e-01 nan nan nan nan nan
-8.500244250403369506e+00 -2.643701049145656956e+00 -1.179288916992193625e+00 -6.036232587270475847e-01 nan nan nan nan nan nan
