9.399999999999999467e-01 9.633333333333332638e-01 9.866666666666665808e-01 1.010000000000000009e+00 1.033333333333333215e+00 1.056666666666666643e+00 1.080000000000000071e+00 1.103333333333333277e+00 1.126666666666666705e+00 1.149999999999999911e+00
nan -4.658675911440144368e+00 -2.083524180138687676e+00 -1.200534500227066870e+00 -7.892439285034331675e-01 -5.624558729278917868e-01 -4.240425014355246325e-01 -3.330038602461767305e-01 -2.696765910930659094e-01 -2.236016279181429200e-01
nan -4.517578535913062687e+00 -2.000722600108385762e+00 -1.142108621413707725e+00 -7.471649417572033824e-01 -5.306615973692248023e-01 -3.975424058312106990e-01 -3.102258093110399351e-01 -2.484976182619391127e-01 -2.041242748227002080e-01
nan -4.376404825490110007e+00 -1.918181637747894630e+00 -1.085913383309560443e+00 -7.066441485914706222e-01 -4.992370687575721777e-01 -3.723987434357147186e-01 -2.888057741806957512e-01 -2.285183680268510764e-01 nan
nan -4.232176649781563604e+00 -1.834580194443451218e+00 -1.030781623773989297e+00 -6.672677045647125160e-01 -4.690763858490866745e-01 -3.473090369821652534e-01 -2.668198608299194863e-01 -2.113537964140036196e-01 nan
nan -4.088235577338773297e+00 -1.752491355510996440e+00 -9.725933035476016508e-01 -6.286039048805699414e-01 -4.391020613023063901e-01 -3.229466160060800450e-01 -2.447668774974581796e-01 nan nan
nan -3.947309474595370293e+00 -1.671791906766384894e+00 -9.221044761417510616e-01 -5.910940247043637852e-01 -4.107553892255024208e-01 -2.995477977770054090e-01 nan nan nan
nan -3.801425042909383212e+00 -1.593145510060572478e+00 -8.710459080225491091e-01 -5.541141573853585189e-01 -3.827359185494863536e-01 -2.770637006890851461e-01 nan nan nan
nan -3.658254026282468097e+00 -1.514959793391651210e+00 -8.213256493705974881e-01 -5.184831152826795408e-01 -3.559682933165140284e-01 nan nan nan nan
nan -3.514529008311803704e+00 -1.439647001925028036e+00 -7.730327589098902052e-01 -4.878983749952152671e-01 -3.290343144009622023e-01 nan nan nan nan
nan -3.373963668949037764e+00 -1.365803482883282793e+00 -7.266612048738330110e-01 -4.536582477789431467e-01 -3.034697063067304801e-01 nan nan nan nan
