9.500000000000000666e-01 9.722222222222222099e-01 9.944444444444444642e-01 1.016666666666666607e+00 1.038888888888888751e+00 1.061111111111111116e+00 1.083333333333333259e+00 1.105555555555555625e+00 1.127777777777777768e+00 1.149999999999999911e+00
-9.359275455897222429e+00 -3.282095302603784237e+00 -1.699434934649930673e+00 -1.052458868891279709e+00 -7.238228689707157937e-01 -5.312050439278960257e-01 -4.091239605260464929e-01 -3.256490988888759985e-01 -2.665826604889464102e-01 -2.236016279181429200e-01
-9.570922782987876687e+00 -3.397042297811915912e+00 -1.773100249020593377e+00 -1.108553786633547533e+00 -7.618170372329571283e-01 -5.622240029217547841e-01 -4.350757383812857704e-01 -3.486734523674539510e-01 -2.882687797170153665e-01 -2.442405428408651602e-01
-9.785475787217547960e+00 -3.510159571585287797e+00 -1.847988087142157898e+00 -1.164192931648704743e+00 -8.023245734697183051e-01 -5.952661185887226925e-01 -4.633009566198339479e-01 -3.737652216908118885e-01 -3.100405524730755480e-01 -2.652958263147301432e-01
-9.987592528660155011e+00 -3.624567991164420189e+00 -1.924415044652503903e+00 -1.220865977041960759e+00 -8.389606447356759977e-01 -6.277254540708769870e-01 -5.004389001842235452e-01 -3.971319436966024852e-01 -3.310044440211655226e-01 -2.841178474224027029e-01
-1.020304687183196890e+01 -3.736599002285835081e+00 -2.004677767321383808e+00 -1.275555640968959681e+00 -8.756702493501232754e-01 -6.592492134080297772e-01 -4.979276704567685008e-01 -4.231743675501645208e-01 -3.548212491424079240e-01 -2.991469960644144721e-01
-1.040971739866988699e+01 -3.847228252397825177e+00 -2.078121334645186113e+00 -1.334590643945040567e+00 -9.051638478060252124e-01 -6.928314517540470341e-01 -5.413060118920328678e-01 -4.513904204921391217e-01 -3.775978593969732122e-01 nan
-1.061249118986707707e+01 -3.957784750879784763e+00 -2.153376590084922881e+00 -1.393559042642095624e+00 -9.311827883489186553e-01 -7.221734069343567208e-01 -5.689214294650413173e-01 -4.992560035158988829e-01 -4.034360998190124059e-01 nan
-1.081441263415670484e+01 -4.065026607206050357e+00 -2.229174354460020435e+00 -1.450417631454338219e+00 -1.061992589761304284e+00 -7.484477594021569091e-01 -5.939344451536585634e-01 -5.007027049789321005e-01 -4.224106573747006266e-01 nan
-1.101605785191627795e+01 -4.175699178253182708e+00 -2.306577330368446255e+00 -1.508859799653903488e+00 -1.118185045863774763e+00 -7.724421866114635771e-01 -6.176469371750650250e-01 -5.012976134241515780e-01 -4.771970392425262109e-01 nan
-1.120516280561563960e+01 -4.279742066971328640e+00 -2.379863937984561417e+00 -1.567523285383194409e+00 -1.164671826726867865e+00 -7.929745228322694350e-01 -6.330309374056649618e-01 -4.988929169435640798e-01 nan nan
