9.399999999999999467e-01 9.633333333333332638e-01 9.866666666666665808e-01 1.010000000000000009e+00 1.033333333333333215e+00 1.056666666666666643e+00 1.080000000000000071e+00 1.103333333333333277e+00 1.126666666666666705e+00 1.149999999999999911e+00
nan -6.524719993345582836e+00 -2.918910782484569921e+00 -1.680471000350171051e+00 -1.104157477807959475e+00 -7.882046372270760104e-01 -5.939632252664058809e-01 -4.664355278457822385e-01 -3.770218794843219201e-01 -3.125652399061115139e-01
nan -6.730744031341024503e+00 -3.044882348424114316e+00 -1.769552686778932626e+00 -1.174687322950752177e+00 -8.391898165931234166e-01 -6.387053261851310948e-01 -5.010488621376983920e-01 -4.136905794153503124e-01 -3.478384352789308798e-01
nan -6.935845345613338431e+00 -3.174500084523373289e+00 -1.861136610695848459e+00 -1.247689197410114526e+00 -8.874952172767134329e-01 -6.832934174719468290e-01 -5.448355664197073178e-01 -4.522674017609257247e-01 -3.859660469600439958e-01
nan -7.138883664644235516e+00 -3.301199765818619181e+00 -1.952885256449200302e+00 -1.320663308888970544e+00 -9.276486182051560947e-01 -7.274103243532906715e-01 -5.859805985175869925e-01 -4.989933310296833513e-01 -4.218808020150015548e-01
nan -7.338472452281671110e+00 -3.428787539056008082e+00 -2.051885258442457172e+00 -1.395180942989266315e+00 -1.048289498669561226e+00 -7.693167478292827210e-01 -6.243394071079556573e-01 -5.010117306126947723e-01 nan
nan -7.539567138748373587e+00 -3.557873869693901181e+00 -2.144693391668818450e+00 -1.473542665625267700e+00 -1.118545072217642433e+00 -8.074919257630828184e-01 -6.599732141187625301e-01 -5.496147178513088871e-01 nan
nan -7.732655521772731078e+00 -3.678968053505175195e+00 -2.240025019344927149e+00 -1.550052562553945412e+00 -1.180998428674203238e+00 -8.320400460283815525e-01 -6.919922128771187619e-01 -5.565797713401965385e-01 nan
nan -7.924214099656944121e+00 -3.807436506652537300e+00 -2.332888537226518455e+00 -1.623747132015748385e+00 -1.247614508962104241e+00 -8.522009770255046801e-01 -7.044467594751847583e-01 nan nan
nan -8.115296473136405453e+00 -3.924778078867352971e+00 -2.426567161798840910e+00 -1.699734347548346847e+00 -1.310554958326599406e+00 -9.724951463937006046e-01 nan nan nan
nan -8.314857633850991192e+00 -4.046992324924368667e+00 -2.520862286345157077e+00 -1.768330110259946020e+00 -1.378437645322146965e+00 nan nan nan nan
