9.500000000000000666e-01 9.733333333333333837e-01 9.966666666666667007e-01 1.020000000000000018e+00 1.043333333333333446e+00 1.066666666666666652e+00 1.090000000000000080e+00 1.113333333333333508e+00 1.136666666666666714e+00 1.159999999999999920e+00
-9.359275455897222429e+00 -3.156298412579744195e+00 -1.609632756917936502e+00 -9.905184233183688125e-01 -6.762164751238902705e-01 -4.952345011803248043e-01 -3.804107476760602013e-01 -3.034887631210373971e-01 -2.481895191679843182e-01 -2.069228888316642645e-01
-9.429318768701135056e+00 -3.208872584850335663e+00 -1.651162396700482482e+00 -1.025315498335365394e+00 -7.074410505661214987e-01 -5.220494935099849743e-01 -4.033904573100366431e-01 -3.233619799774390957e-01 -2.682972761735512024e-01 -2.181184862318291395e-01
-9.499494024723729169e+00 -3.256538181891227790e+00 -1.691790798152436048e+00 -1.057504939614131390e+00 -7.340363422659272885e-01 -5.447190512537596341e-01 -4.237231303949638428e-01 -3.413986191983808816e-01 -2.828131846952760542e-01 -2.404291435594983484e-01
-9.558239650524123832e+00 -3.304416622261972858e+00 -1.731771996829968296e+00 -1.089875629558711756e+00 -7.606526548438196089e-01 -5.665182136491092590e-01 -4.424637089721208949e-01 -3.570942902306530886e-01 -2.973943562345114922e-01 -2.479453292206940385e-01
-9.625098649626462333e+00 -3.350514824333564512e+00 -1.767489039787678795e+00 -1.117644976367967891e+00 -7.835046024545491150e-01 -5.864706151691112535e-01 -4.579959963644755216e-01 -3.699842198407337079e-01 -3.067403377726540259e-01 -2.360317492583623167e-01
-9.687316720199087072e+00 -3.393849292009539109e+00 -1.804869466797974331e+00 -1.146161931442576165e+00 -8.052552882030723502e-01 -6.029452550739735628e-01 -4.711202187902136518e-01 -3.793323956716416201e-01 -3.071925761678296340e-01 nan
-9.766145571554961435e+00 -3.434657402669672344e+00 -1.843939903216175624e+00 -1.174335163577059138e+00 -8.268331685419808563e-01 -6.194769950450054186e-01 -4.829654149989861533e-01 -3.820342449188857681e-01 -2.996930909381148589e-01 nan
-9.834107613538423109e+00 -3.470620752377732821e+00 -1.887801126276806185e+00 -1.198672587955506241e+00 -8.435797714251276336e-01 -6.323575072757410265e-01 -4.880796396714613961e-01 -3.846349166618319715e-01 -2.692319074800963441e-01 nan
-9.831284678149220468e+00 -3.507152234070307184e+00 -1.994149241309554954e+00 -1.219009067508957767e+00 -8.558680905279933970e-01 -6.421675633303479680e-01 -4.873215919453563472e-01 -3.709786784868001619e-01 nan nan
-9.833999670563985163e+00 -3.542233210483089589e+00 -1.999359737728476638e+00 -1.244736122106739673e+00 -8.705461181096547651e-01 -6.647874714821025988e-01 -4.829758471385245944e-01 -3.505221917162597567e-01 nan nan
