9.499999999999999556e-01 9.733333333333331616e-01 9.966666666666665897e-01 1.020000000000000018e+00 1.043333333333333446e+00 1.066666666666666430e+00 1.090000000000000080e+00 1.113333333333333508e+00 1.136666666666666714e+00 1.159999999999999920e+00
-9.359275455900908369e+00 -3.156583852385340005e+00 -1.610325593347408102e+00 -9.905184233183688125e-01 -6.762164751238902705e-01 -4.956608938690530985e-01 -3.804107476760602013e-01 -3.034887631210373971e-01 -2.481895191679843182e-01 -2.069228888316642645e-01
-9.566325051600003349e+00 -3.264592589399942124e+00 -1.678904998908642421e+00 -1.039358637865156032e+00 -7.142063538292692249e-01 -5.247208987855717099e-01 -4.048020570191471768e-01 -3.247868492462308021e-01 -2.671059024932081472e-01 -2.275481556881560063e-01
-9.771899318277853297e+00 -3.369895065726713046e+00 -1.747696774342787362e+00 -1.090705700490403496e+00 -7.502846030581870052e-01 -5.546008965709444682e-01 -4.300780574272232704e-01 -3.466099024432595654e-01 -2.856200125633778231e-01 -2.379011801521794534e-01
-9.969836840623964136e+00 -3.477850566913243568e+00 -1.816726739975841109e+00 -1.142678037999380836e+00 -7.884474902595781654e-01 -5.848526229791031206e-01 -4.555876861664395205e-01 -3.687614298199423657e-01 -3.058239449108721142e-01 -2.689580806582713701e-01
-1.018080724539808912e+01 -3.582240281298192386e+00 -1.886980371086378838e+00 -1.195643179793213662e+00 -8.222240933654660910e-01 -6.148533228302185405e-01 -4.846357636226623633e-01 -3.904792240557000693e-01 -3.251886348591583875e-01 nan
-1.037660091938536766e+01 -3.687269373603157430e+00 -1.950716799022000236e+00 -1.247345624193887392e+00 -8.573308348023707115e-01 -6.453857780305268799e-01 -4.997091098622852279e-01 -4.130961465030320579e-01 -3.472230956273978930e-01 nan
-1.056929713083538758e+01 -3.789136110210406638e+00 -2.039626725740567803e+00 -1.300672636468000576e+00 -8.836614189768281502e-01 -6.751496933921515842e-01 -5.200000728034542830e-01 -4.375705465660795213e-01 -3.672810120042744875e-01 nan
-1.076464889584175388e+01 -3.894230779731873149e+00 -2.106048347030633039e+00 -1.357958837059955792e+00 -9.096023344812075306e-01 -7.030749361390660201e-01 -5.474212804063504079e-01 -4.700660786055306239e-01 -3.808319610637122543e-01 nan
-1.095795955950580058e+01 -3.990899982143440106e+00 -2.173624615038801888e+00 -1.408274152397730683e+00 -9.332999961968158065e-01 -7.247052190776144265e-01 -5.689793243047882587e-01 -4.998930729296368058e-01 nan nan
-1.115798769844102445e+01 -4.091970611145087311e+00 -2.240144254623191333e+00 -1.463536759661837383e+00 -1.078881712419706318e+00 -7.512744301085468868e-01 -5.863453408665436628e-01 -4.989950111788118980e-01 nan nan
