9.500000000000000666e-01 9.666666666666666741e-01 9.833333333333333925e-01 1.000000000000000000e+00 1.016666666666666607e+00 1.033333333333333437e+00 1.050000000000000044e+00 1.066666666666666874e+00 1.083333333333333481e+00 1.100000000000000089e+00
nan -7.240527406488708628e+00 -4.092763172694509066e+00 -2.659695296139200416e+00 -1.880421026506291282e+00 -1.407649696388953986e+00 -1.098523265849532082e+00 -8.854413313208112646e-01 -7.307193800027080854e-01 -6.148612860778556177e-01
nan -7.410130772150900214e+00 -4.215518515037453007e+00 -2.756263533508542363e+00 -1.956976562820493593e+00 -1.476219221239083446e+00 -1.163212892966265954e+00 -9.235120172984928599e-01 -7.743139675651345977e-01 -6.600858903557305091e-01
nan -7.581207975001389876e+00 -4.341185047634500194e+00 -2.852400470650463316e+00 -2.048907652889058184e+00 -1.545406392061922318e+00 -1.227169285470011584e+00 -9.540287001392252497e-01 -8.179256017317129146e-01 -7.068066280841108773e-01
nan -7.752551975452036004e+00 -4.464612318936739932e+00 -2.949783405163167949e+00 -2.127096670796795319e+00 -1.617595459488690990e+00 -1.292710539315350404e+00 -1.086316391681473981e+00 -8.567847541320021687e-01 -7.542443639256265486e-01
nan -7.921614403723588715e+00 -4.591258061278766789e+00 -3.054555327378669638e+00 -2.212443843385198505e+00 -1.689197406610450480e+00 -1.360308368501100151e+00 -1.144964529206059733e+00 -8.865177158912492805e-01 -7.932395334202544390e-01
nan -8.089553204670158593e+00 -4.715894321425558644e+00 -3.154218563274480580e+00 -2.298028677041577872e+00 -1.760020812124234668e+00 -1.428450202244418765e+00 -1.208687541690932399e+00 -9.167305194413456482e-01 -8.126917917538640790e-01
nan -8.261799804268761704e+00 -4.842166594029563953e+00 -3.258083529640890319e+00 -2.384403142228672667e+00 -1.829683788162023150e+00 -1.499771807052806105e+00 -1.274375622005397890e+00 -1.127319063454229608e+00 nan
nan -8.426962591824235460e+00 -4.969648377725579103e+00 -3.360927279526650047e+00 -2.476126086011257943e+00 -1.891239550293382532e+00 -1.564341581420173100e+00 -1.345307413004971808e+00 -1.190260729693371600e+00 nan
nan -8.601492317855882419e+00 -5.095548584760476452e+00 -3.462735876646732880e+00 -2.562684712388357600e+00 -1.966089946561830004e+00 -1.634781859217861788e+00 -1.413957134148220884e+00 -1.249781863245598368e+00 nan
nan -8.771661486269261232e+00 -5.224744648114759471e+00 -3.570573281080721362e+00 -2.655336843931097146e+00 -2.134942418856692115e+00 -1.698260168854427432e+00 -1.503078288478211677e+00 nan nan
