9.500000000000000666e-01 9.744444444444444464e-01 9.988888888888889372e-01 1.023333333333333428e+00 1.047777777777777697e+00 1.072222222222222188e+00 1.096666666666666456e+00 1.121111111111110947e+00 1.145555555555555438e+00 1.169999999999999929e+00
-9.359275455897222429e+00 -3.037556390978766618e+00 -1.526916117449145682e+00 -9.317446318564736041e-01 -6.345844237373002850e-01 -4.635712027157581350e-01 -3.553136294566007214e-01 -2.828791921365632622e-01 nan nan
-9.411604594221941511e+00 -3.082103041571996105e+00 -1.564441192404999237e+00 -9.656109843121075675e-01 -6.626320442311074421e-01 -4.878630979836038883e-01 -3.774595346453313849e-01 -3.004997829177062929e-01 nan nan
-9.463101698255817595e+00 -3.124868624704279174e+00 -1.600709464812603455e+00 -9.995964806118408097e-01 -6.879203411929093459e-01 -5.089596823546840287e-01 -3.948123048809768498e-01 -3.195833850424790179e-01 -2.464615783956572992e-01 nan
-9.498637349357673898e+00 -3.163820274165401791e+00 -1.635784754501583560e+00 -1.021733879489203245e+00 -7.121295442465771508e-01 -5.279181659356110279e-01 -4.110853362682314605e-01 -3.334601043425889921e-01 -2.778556510358601850e-01 nan
-9.551709794467738490e+00 -3.201364236368290594e+00 -1.668421699565449501e+00 -1.049565434517831575e+00 -7.315430865312919639e-01 -5.468487371102557226e-01 -4.244132251394459043e-01 -3.439926022526240690e-01 -2.813790456629390868e-01 -2.158010844998708155e-01
-9.601239037686505995e+00 -3.235733897735715736e+00 -1.698693581529939989e+00 -1.073473141205893100e+00 -7.518723692290485427e-01 -5.593702391513284411e-01 -4.374117199305386783e-01 -3.493432038959142227e-01 -2.780557023706429209e-01 nan
-9.642879548325232975e+00 -3.270979479604127160e+00 -1.731158478611897422e+00 -1.098198734210814154e+00 -7.667989482406329937e-01 -5.738130948458427527e-01 -4.444539020928601758e-01 -3.507588077820172900e-01 -2.670280996351174219e-01 nan
-9.694845640965104039e+00 -3.300084330147519118e+00 -1.762086074553439241e+00 -1.116056523259285838e+00 -7.833453849021111415e-01 -5.835660144526571003e-01 -4.492214815257040694e-01 -3.482658266423429017e-01 nan nan
-9.828840152782289508e+00 -3.324491413186467792e+00 -1.795775895770981290e+00 -1.136086560110833421e+00 -7.916455761952523318e-01 -5.898783458117727863e-01 -4.474630047665522636e-01 -3.284952855726324117e-01 nan nan
-9.834564207853414786e+00 -3.355033782345135052e+00 -1.834569310707630185e+00 -1.157959181671520899e+00 -8.033698462762418613e-01 -5.928083460512429959e-01 -4.369354631841615988e-01 -2.680282086913856610e-01 nan nan
