9.500000000000000666e-01 9.711111111111110361e-01 9.922222222222222276e-01 1.013333333333333419e+00 1.034444444444444500e+00 1.055555555555555580e+00 1.076666666666666661e+00 1.097777777777777741e+00 1.118888888888888822e+00 1.139999999999999902e+00
-9.359275455897222429e+00 -3.418722521339220499e+00 -1.798196257022609990e+00 -1.122748893851844398e+00 -7.744922556355732235e-01 -5.712119762820958568e-01 -4.407453328084421362e-01 -3.516262141142360020e-01 -2.887292343865892064e-01 -2.409608607158522375e-01
-9.581695245579338049e+00 -3.539429336119496394e+00 -1.876493739892476142e+00 -1.182658107261312042e+00 -8.172252873441192556e-01 -6.049018934928582780e-01 -4.700641944544339812e-01 -3.772530405242252027e-01 -3.119939806440639729e-01 -2.646187085422589957e-01
-9.799598719120469426e+00 -3.659022113130948384e+00 -1.958704320972372237e+00 -1.242403685845825612e+00 -8.565600353330679040e-01 -6.390086148114934028e-01 -4.994915225154768490e-01 -4.029885643466646350e-01 -3.377568750791027918e-01 -2.875642383850861572e-01
-1.001921271321452167e+01 -3.778149773342149853e+00 -2.041053661459308000e+00 -1.305037977863596543e+00 -8.935312147027923979e-01 -6.749685836530362470e-01 -5.264702338317804875e-01 -4.315154448514598173e-01 -3.607970131177672402e-01 -3.091907054306635150e-01
-1.023219166233308108e+01 -3.897019355477800318e+00 -2.123424109392028747e+00 -1.365013324447498455e+00 -9.244383185761201327e-01 -7.101961284441933309e-01 -5.565596335144010753e-01 -4.618536592032466137e-01 -3.879600442488340128e-01 nan
-1.044706103882789705e+01 -4.016833741267277880e+00 -2.203647306325751121e+00 -1.428752531403927328e+00 -9.610028636604363017e-01 -7.422792299453839782e-01 -5.887650268850778135e-01 -4.998949838608054974e-01 -4.137759688099981736e-01 nan
-1.065945686832148809e+01 -4.136448722536461453e+00 -2.287235538204828167e+00 -1.490225303207437735e+00 -1.096472422726391782e+00 -7.725343395126220702e-01 -6.163229434862521616e-01 -4.999058798185785357e-01 -4.421612426189341916e-01 nan
-1.086739002096843087e+01 -4.254674723787617907e+00 -2.366893127919246442e+00 -1.556716799765121007e+00 -1.145199500868514964e+00 -8.029056484760253021e-01 -6.427495680565772362e-01 -4.975989906953378616e-01 -4.983502460092450459e-01 nan
-1.108486906795208249e+01 -4.369241056173679638e+00 -2.453497075606805300e+00 -1.617425181742173645e+00 -1.198538659371699788e+00 -8.219536695535197834e-01 -6.701138740768144419e-01 nan -4.974768836620562240e-01 nan
-1.129682379436287576e+01 -4.484082108437006831e+00 -2.531908617587616650e+00 -1.682182677622519051e+00 -1.247136299330633413e+00 -8.308220070401119983e-01 -6.922300025142614777e-01 nan nan nan
