9.500000000000000666e-01 9.711111111111110361e-01 9.922222222222222276e-01 1.013333333333333419e+00 1.034444444444444500e+00 1.055555555555555580e+00 1.076666666666666661e+00 1.097777777777777741e+00 1.118888888888888822e+00 1.139999999999999902e+00
-9.359275455897222429e+00 -3.418722521339220499e+00 -1.798196257022609990e+00 -1.122748893851844398e+00 -7.744922556355732235e-01 -5.712119762820958568e-01 -4.407453328084421362e-01 -3.516262141142360020e-01 -2.887292343865892064e-01 -2.409608607158522375e-01
-9.463047258862388844e+00 -3.484356415641285398e+00 -1.848906176839426596e+00 -1.164772501403724014e+00 -8.099140052685276370e-01 -6.015275306962399871e-01 -4.676279404410192408e-01 -3.763137852677120310e-01 -3.111580659658836900e-01 -2.647770903658373531e-01
-9.558582522654525349e+00 -3.549458978230802142e+00 -1.899816855434188101e+00 -1.205480252270849650e+00 -8.449563504886535847e-01 -6.308993815512231595e-01 -4.924914995506742832e-01 -3.997133011265980862e-01 -3.330098610560977557e-01 -2.821502001991086361e-01
-9.659176580891326580e+00 -3.611677223139504900e+00 -1.951545871434479551e+00 -1.245045783758618851e+00 -8.763376913553777570e-01 -6.580167356521358091e-01 -5.161282137864439123e-01 -4.199775431190799768e-01 -3.511103832450018225e-01 -2.952410738882578212e-01
-9.757674940707195432e+00 -3.674685395735118654e+00 -2.000024197478625254e+00 -1.280665641814702660e+00 -9.070612019585901908e-01 -6.834307198864830735e-01 -5.383745896037599454e-01 -4.358213338880065346e-01 -3.641675927326620266e-01 -2.963328935795939145e-01
-9.830742026097837538e+00 -3.732758029720436355e+00 -2.005070178391618274e+00 -1.316300543324065764e+00 -9.343342641516595437e-01 -7.059312824492501859e-01 -5.562527762970888023e-01 -4.498078483708635167e-01 -3.727868523711417859e-01 nan
-9.924939957466481388e+00 -3.794065176105752002e+00 -2.068729804830125030e+00 -1.349705454228370627e+00 -9.610926451888047728e-01 -7.278096216633404003e-01 -5.701528475948460795e-01 -4.603351524584329835e-01 -3.724282255999128433e-01 nan
-1.001832773392627729e+01 -3.850308860841189507e+00 -2.113956354552951389e+00 -1.382144709256033277e+00 -9.837819423736026136e-01 -7.430887207831367025e-01 -5.835513963460435827e-01 -4.639607030414013011e-01 -3.484021669836925295e-01 nan
-1.010001846454821717e+01 -3.908346792876011389e+00 -2.151638411344042545e+00 -1.415662657150713599e+00 -1.015952025538141790e+00 -7.586313409468561364e-01 -5.908811126713980899e-01 -4.603439104712521712e-01 nan nan
-1.022539782422628996e+01 -3.958011957038608752e+00 -2.195117816246605624e+00 -1.442744639458579892e+00 -1.033561817975749308e+00 -7.739631852378904275e-01 -5.939694158862597329e-01 -4.436450848353557519e-01 nan nan
