9.399999999999999467e-01 9.633333333333332638e-01 9.866666666666665808e-01 1.010000000000000009e+00 1.033333333333333215e+00 1.056666666666666643e+00 1.080000000000000071e+00 1.103333333333333277e+00 1.126666666666666705e+00 1.149999999999999911e+00
nan -5.437212765520728297e+00 -2.432184653234790606e+00 -1.398935386304007267e+00 -9.200857614866579937e-01 -6.560169834224680585e-01 -4.946244899627751934e-01 -3.881834328965553804e-01 -3.146126665407381617e-01 -2.602590989744749117e-01
nan -5.605852420792198032e+00 -2.535541204723764430e+00 -1.471220364242032064e+00 -9.640917970488305233e-01 -6.978259782958097235e-01 -5.284904239047901742e-01 -4.177820333946630216e-01 -3.410891271968422012e-01 -2.872046203205930182e-01
nan -5.772154149135196199e+00 -2.637056369997588856e+00 -1.543591030047147372e+00 -1.041935505095905601e+00 -7.387865173694369014e-01 -5.636065088782650223e-01 -4.490224700553251957e-01 -3.699092161517303357e-01 -3.131981376496564828e-01
nan -5.935410157839121403e+00 -2.740456810791952247e+00 -1.617414418022566247e+00 -1.099496702952776017e+00 -7.782196091562685325e-01 -5.993672986083247167e-01 -4.870930297683704890e-01 -3.984171012284380420e-01 -3.442571934054395322e-01
nan -6.100895416124320292e+00 -2.843494329872648940e+00 -1.693710238331259443e+00 -1.155766998150994374e+00 -8.179179545516894745e-01 -6.338892610947947093e-01 -5.000063213656382732e-01 -4.285594970158622119e-01 -3.608070351200615145e-01
nan -6.261983655378124070e+00 -2.948371865640430300e+00 -1.766855926345519245e+00 -1.213964483820273221e+00 -8.512792329973712935e-01 -6.697693433609125391e-01 -5.348593666541060498e-01 -4.621091151330536384e-01 nan
nan -6.424819708662651507e+00 -3.047793334258261488e+00 -1.843145780763440156e+00 -1.275850148534257267e+00 -8.788765007982211053e-01 -7.018382303454493432e-01 -5.645116808570496136e-01 -4.999638786817926506e-01 nan
nan -6.580389159387370235e+00 -3.149437217215647067e+00 -1.911884542066657033e+00 -1.338457986196373239e+00 -9.014222626913409586e-01 -7.279153797936043224e-01 -5.872623332479256497e-01 -5.009830191894684148e-01 nan
nan -6.737961035091713846e+00 -3.249701738160835962e+00 -1.976142802009024813e+00 -1.396995072939554827e+00 -9.978307746560288738e-01 -7.505182315280455319e-01 -5.910041789637753284e-01 nan nan
nan -6.892610612630638123e+00 -3.349046964561838813e+00 -2.084545968792202775e+00 -1.460775793938765332e+00 -1.130922502740324465e+00 -7.476179687423818443e-01 nan nan nan
