9.500000000000000666e-01 9.722222222222222099e-01 9.944444444444444642e-01 1.016666666666666607e+00 1.038888888888888751e+00 1.061111111111111116e+00 1.083333333333333259e+00 1.105555555555555625e+00 1.127777777777777768e+00 1.149999999999999911e+00
-9.359275455897222429e+00 -3.282095302603784237e+00 -1.699434934649930673e+00 -1.052458868891279709e+00 -7.238228689707157937e-01 -5.312050439278960257e-01 -4.091239605260464929e-01 -3.256490988888759985e-01 -2.665826604889464102e-01 -2.236016279181429200e-01
-9.445918269350409346e+00 -3.341836154851431484e+00 -1.746154804338173827e+00 -1.090370180058444216e+00 -7.552364547529297756e-01 -5.587783117798836852e-01 -4.337219824085460362e-01 -3.489710181135184941e-01 -2.874423207994966645e-01 -2.438145142745863081e-01
-9.523152081615629427e+00 -3.400033448672801217e+00 -1.792053478598991667e+00 -1.126936164687493580e+00 -7.873681482520309416e-01 -5.847709606094337875e-01 -4.560057102762212766e-01 -3.695239454231632470e-01 -3.065858991017076374e-01 -2.605321354504858133e-01
-9.611163934210980031e+00 -3.453585045545897625e+00 -1.835434815294463951e+00 -1.161973096593844401e+00 -8.140597249470771235e-01 -6.105125889053804045e-01 -4.767300330553294607e-01 -3.866551281666202877e-01 -3.223785233623815971e-01 -2.715558142320007584e-01
-9.689191261085248641e+00 -3.508359926552139907e+00 -1.877975903023089144e+00 -1.196825216394402647e+00 -8.421912308829341276e-01 -6.321059077587305453e-01 -4.969376622880274375e-01 -4.008599955697899619e-01 -3.314335118505193911e-01 -2.651596489849783467e-01
-9.783658975853215978e+00 -3.559700635405477875e+00 -1.929140162711145301e+00 -1.227450832223052624e+00 -8.662606952218530054e-01 -6.512901867852619597e-01 -5.111139709408378806e-01 -4.119052029721653740e-01 -3.374568982204708689e-01 nan
-9.834129566235279896e+00 -3.606632957013910179e+00 -2.002789049688479039e+00 -1.257235037072596651e+00 -8.908768430092181001e-01 -6.656667107925665627e-01 -5.230370738244204398e-01 -4.185290147346492073e-01 -3.334011595855870813e-01 nan
-9.833101852265663467e+00 -3.657335988514351488e+00 -1.998216294246306424e+00 -1.287377099464366292e+00 -9.108874710225789428e-01 -6.815888860040798525e-01 -5.357208693301376279e-01 -4.209376579098867421e-01 -3.064335806907649840e-01 nan
-9.958227911242648389e+00 -3.699651612146639401e+00 -1.999947184780753284e+00 -1.315174717183118513e+00 -9.293053423214692188e-01 -6.956981793398316904e-01 -5.396316815831649905e-01 -4.142912248618748072e-01 nan nan
-1.003703224568356411e+01 -3.747371883451237284e+00 -1.997964356303618239e+00 -1.336539142292055837e+00 -9.398704828369991437e-01 -7.026333292792039664e-01 -5.404900335080535800e-01 -4.005063361946505918e-01 nan nan
