9.699999999999999734e-01 9.933333333333331794e-01 1.016666666666666607e+00 1.040000000000000036e+00 1.063333333333333242e+00 1.086666666666666448e+00 1.109999999999999876e+00 1.133333333333333304e+00 1.156666666666666510e+00 1.179999999999999938e+00
-3.561431656727032991e+00 -1.748392234691807490e+00 -1.052458868891279709e+00 -7.107060601064578709e-01 -5.160273769341826577e-01 -3.940922160740749081e-01 -3.127038114075912367e-01 nan nan nan
-3.669464499245304712e+00 -1.813439201392114564e+00 -1.096980576548103992e+00 -7.485576348686491244e-01 -5.450107138894717540e-01 -4.202682671580049156e-01 -3.490754056167226782e-01 nan nan nan
-3.778928199730811510e+00 -1.880706197110502353e+00 -1.145145004037010583e+00 -7.855709576178909748e-01 -5.749040917839264297e-01 -4.273694316184685205e-01 nan nan nan nan
-3.881590582347877127e+00 -1.941729497834428164e+00 -1.196033971832937803e+00 -8.231638142647454970e-01 -6.042177497656832097e-01 -4.664530704375263737e-01 -3.748405019213453260e-01 nan nan nan
-3.976033581354883939e+00 -2.042422773223373955e+00 -1.244675204516089595e+00 -8.604677682788391957e-01 -6.309099792903218873e-01 -5.006869696563350791e-01 nan nan nan nan
-4.097538794312128196e+00 -2.102764068333893288e+00 -1.295153575640847432e+00 -8.916449973847728749e-01 -6.666022439606362759e-01 -5.002221488129970917e-01 nan nan nan nan
-4.201001513864249581e+00 -2.166845307929886832e+00 -1.347125773642966928e+00 -9.184703869946825305e-01 -6.848290292808005830e-01 -4.994145543082385563e-01 nan nan nan nan
-4.299051153796957792e+00 -2.229508463686226793e+00 -1.399452648082502471e+00 -9.376486316814361954e-01 -7.085560710228734349e-01 nan -4.817860904573972314e-01 nan nan nan
-4.397234930404779973e+00 -2.293441982025329562e+00 -1.446448144367467492e+00 -9.595112728331822716e-01 -7.305187614865332746e-01 nan -5.022826789419606586e-01 nan nan nan
-4.489773838436617481e+00 -2.357578038794982955e+00 -1.501022058063451237e+00 -1.089545143444703656e+00 -7.484996337198278615e-01 nan -4.985960305671057746e-01 nan nan nan
