9.500000000000000666e-01 9.744444444444444464e-01 9.988888888888889372e-01 1.023333333333333428e+00 1.047777777777777697e+00 1.072222222222222188e+00 1.096666666666666456e+00 1.121111111111110947e+00 1.145555555555555438e+00 1.169999999999999929e+00
-9.359275455897222429e+00 -3.037556390978766618e+00 -1.526916117449145682e+00 -9.317446318564736041e-01 -6.345844237373002850e-01 -4.635712027157581350e-01 -3.553136294566007214e-01 -2.828791921365632622e-01 nan nan
-9.559814479622009031e+00 -3.137601398955599752e+00 -1.592545977665041024e+00 -9.983049628947667786e-01 -6.704023516148105433e-01 -4.903045393242771999e-01 -3.783435194767744147e-01 -3.088021290401365970e-01 -2.441731858420473911e-01 nan
-9.757659432813742484e+00 -3.239145575604069016e+00 -1.657043420282205526e+00 -1.011317225079416016e+00 -7.046547288309216173e-01 -5.196072729140498447e-01 -3.993242939201643305e-01 -2.944583698579737452e-01 nan nan
-9.952301977439175218e+00 -3.340154455565627956e+00 -1.719838640473647429e+00 -1.070659278345262644e+00 -7.400357192467912348e-01 -5.462140262056651707e-01 -4.238874025002640766e-01 -3.427208788986267907e-01 nan nan
-1.014460666560879609e+01 -3.438686155342828954e+00 -1.786483394568799676e+00 -1.119754625112428847e+00 -7.741210720567257564e-01 -5.739990322579628934e-01 -4.482158433634900740e-01 -3.667606825063266518e-01 nan nan
-1.034034225290405473e+01 -3.538566380660962185e+00 -1.848919466222965102e+00 -1.169243551233719813e+00 -8.065845959397132114e-01 -6.015076901019531519e-01 -4.741712138858084624e-01 -3.850866725648096067e-01 nan nan
-1.053144343498042090e+01 -3.635406740626429212e+00 -1.911003892170210827e+00 -1.219707755752542644e+00 -8.363126077811158243e-01 -6.274997489231369796e-01 -5.010947684257550661e-01 -4.001673867871903267e-01 nan nan
-1.071525059575195371e+01 -3.730726600209989474e+00 -1.963928073690475395e+00 -1.271824682042231203e+00 -8.631828682886499848e-01 -6.538041579291432592e-01 -4.997730986818417764e-01 -4.206946745886693817e-01 nan nan
-1.090165590689780295e+01 -3.822105503454243713e+00 -2.061225708926571532e+00 -1.318098677260526763e+00 -8.839520519396202314e-01 -6.739423481560272711e-01 -5.000588528742901939e-01 -4.497695254454606162e-01 nan nan
-1.109208010676225342e+01 -3.916253248666727416e+00 -2.117837963720605288e+00 -1.366464795502318141e+00 -8.969211860224812760e-01 -6.935289561969960603e-01 -5.014356684185465873e-01 -5.001389350973390879e-01 nan nan
