9.500000000000000666e-01 9.733333333333333837e-01 9.966666666666667007e-01 1.020000000000000018e+00 1.043333333333333446e+00 1.066666666666666652e+00 1.090000000000000080e+00 1.113333333333333508e+00 1.136666666666666714e+00 1.159999999999999920e+00
-9.359275455897222429e+00 -3.156298412579744195e+00 -1.609632756917936502e+00 -9.905184233183688125e-01 -6.762164751238902705e-01 -4.952345011803248043e-01 -3.804107476760602013e-01 -3.034887631210373971e-01 -2.481895191679843182e-01 -2.069228888316642645e-01
-9.566325051610546026e+00 -3.264592457747087728e+00 -1.679885000534047768e+00 -1.039358637865156032e+00 -7.142063538292692249e-01 -5.245280257217969089e-01 -4.048020570191471768e-01 -3.247868492462308021e-01 -2.671059024932081472e-01 -2.275481556881560063e-01
-9.771899318269989365e+00 -3.369895067690280133e+00 -1.748985187768422378e+00 -1.090705700490403496e+00 -7.502846030581870052e-01 -5.548355116002076093e-01 -4.300780574272232704e-01 -3.466099024432595654e-01 -2.856200125633778231e-01 -2.379011801521794534e-01
-9.969836840622626539e+00 -3.477467578619557464e+00 -1.817789187799443207e+00 -1.142678037999380836e+00 -7.884474902595781654e-01 -5.845973963066319889e-01 -4.555876861664395205e-01 -3.687614298199423657e-01 -3.058239449108721142e-01 -2.689580806582713701e-01
-1.018080724540773296e+01 -3.582240283740649289e+00 -1.887312736059188589e+00 -1.195643179793213662e+00 -8.222240933654660910e-01 -6.142858629619377675e-01 -4.846357636226623633e-01 -3.904792240557000693e-01 -3.251886348591583875e-01 nan
-1.037660091938318097e+01 -3.687269520532437284e+00 -1.950717781247405247e+00 -1.247345624193887392e+00 -8.573308348023707115e-01 -6.454684355618535152e-01 -4.997091098622852279e-01 -4.130961465030320579e-01 -3.472230956273978930e-01 nan
-1.056929713082882216e+01 -3.789136110323854556e+00 -2.039626541232310242e+00 -1.300672636468000576e+00 -8.836614189768281502e-01 -6.737245115370614768e-01 -5.200000728034542830e-01 -4.375705465660795213e-01 -3.672810120042744875e-01 nan
-1.076464889584845430e+01 -3.894230777446613168e+00 -2.105530712385087266e+00 -1.357958837059955792e+00 -9.096023344812075306e-01 -7.016165901743862676e-01 -5.474212804063504079e-01 -4.700660786055306239e-01 -3.808319610637122543e-01 nan
-1.095795955949372313e+01 -3.990899976957556383e+00 -2.173623940579557878e+00 -1.408274152397730683e+00 -9.332999961968158065e-01 -7.265523077900563065e-01 -5.689793243047882587e-01 -4.998930729296368058e-01 nan nan
-1.115798769840155558e+01 -4.091970591950407687e+00 -2.240852687655549680e+00 -1.463536759661837383e+00 -1.078881712419706318e+00 -7.491405452237296370e-01 -5.863453408665436628e-01 -4.989950111788118980e-01 nan nan
