9.500000000000000666e-01 9.666666666666666741e-01 9.833333333333333925e-01 1.000000000000000000e+00 1.016666666666666607e+00 1.033333333333333437e+00 1.050000000000000044e+00 1.066666666666666874e+00 1.083333333333333481e+00 1.100000000000000089e+00
-9.359275455897222429e+00 -4.052335896475733001e+00 -2.292710491426609654e+00 -1.488177894858899508e+00 -1.052458868891279709e+00 -7.884896372879759419e-01 -6.159599722113908715e-01 -4.958835276614835252e-01 -4.086719160423543107e-01 -3.439668842909929247e-01
-9.519968613814183911e+00 -4.158747892083487940e+00 -2.371159621962240838e+00 -1.551219676224368405e+00 -1.103833270470141237e+00 -8.336651361447129371e-01 -6.545361159888370972e-01 -5.312296481673166593e-01 -4.435350994216608611e-01 -3.768196251473142633e-01
-9.684252725177865173e+00 -4.260978027384171973e+00 -2.447593474241849698e+00 -1.610860146778854363e+00 -1.156733122976615125e+00 -8.783035374615861812e-01 -6.934334681316142168e-01 -5.675866432387586258e-01 -4.770785876507127043e-01 -4.110398135802451058e-01
-9.834104704118805884e+00 -4.363918562020782765e+00 -2.525337936933625738e+00 -1.670282630171038951e+00 -1.206264192923254264e+00 -9.205320106675121128e-01 -7.312058108002689183e-01 -6.020937148080907075e-01 -5.078348755500371459e-01 -4.391619228264555530e-01
-1.000424904587496755e+01 -4.469586245804491043e+00 -2.603851395478357311e+00 -1.728818615746569032e+00 -1.252597134388028444e+00 -9.658180275629550948e-01 -7.675974344736805621e-01 -6.316956756486299396e-01 -5.376611376816078369e-01 -4.577548188381321270e-01
-1.015108862672582113e+01 -4.572185950117226838e+00 -2.678771810759348782e+00 -1.780689942683856497e+00 -1.299560392519510499e+00 -1.001226679502239092e+00 -8.027266344408994225e-01 -6.591364114640272387e-01 -5.606815506821073436e-01 nan
-1.032773346681423021e+01 -4.670558360938028564e+00 -2.757061462052528000e+00 -1.825694087533951127e+00 -1.344523579908403432e+00 -1.027886190786424958e+00 -8.389603572031738565e-01 -6.962110069298628190e-01 -5.770418285848785134e-01 nan
-1.048089454207091187e+01 -4.772258997423538318e+00 -2.831792939587939095e+00 -1.867695818015014053e+00 -1.387495648312900176e+00 -1.070331512190663359e+00 -8.688923362446864251e-01 -7.194380257117428679e-01 -5.690298737884242897e-01 nan
-1.063907760510129741e+01 -4.873472721930645513e+00 -2.905870129787232248e+00 -1.898421421989345825e+00 -1.429161045665706453e+00 -1.101978017348698824e+00 -8.976576727999422411e-01 -7.343704838083862096e-01 nan nan
-1.079408243891036356e+01 -4.973767095178609488e+00 -2.981241645171261556e+00 -2.079831113172487367e+00 -1.463708595997330164e+00 -1.125256599278746883e+00 -9.321088579656144901e-01 -7.480713360841357851e-01 nan nan
