9.500000000000000666e-01 9.666666666666666741e-01 9.833333333333333925e-01 1.000000000000000000e+00 1.016666666666666607e+00 1.033333333333333437e+00 1.050000000000000044e+00 1.066666666666666874e+00 1.083333333333333481e+00 1.100000000000000089e+00
-9.359275455897222429e+00 -4.052335896475733001e+00 -2.292710491426609654e+00 -1.488177894858899508e+00 -1.052458868891279709e+00 -7.884896372879759419e-01 -6.159599722113908715e-01 -4.958835276614835252e-01 -4.086719160423543107e-01 -3.439668842909929247e-01
-9.615236528036090746e+00 -4.208695436170694748e+00 -2.401469355160330998e+00 -1.572943883325616854e+00 -1.125841857831867410e+00 -8.346344774740485084e-01 -6.561736910558351177e-01 -5.308143823962010455e-01 -4.442983060390119365e-01 -3.778608129498761681e-01
-9.869383758239122173e+00 -4.365046524197548017e+00 -2.513142750162735251e+00 -1.657493523168416250e+00 -1.194960552353460770e+00 -8.744587058898360965e-01 -6.982576666543831578e-01 -5.694343681977618310e-01 -5.013153339680682663e-01 -4.158324217548596824e-01
-1.012483771311343972e+01 -4.521095177920471109e+00 -2.625951167242591033e+00 -1.741306155927718091e+00 -1.268072770428373852e+00 -9.089340429527437148e-01 -7.394971036402131492e-01 -6.094986826508546063e-01 -4.984285749363180917e-01 -4.553493432147331932e-01
-1.037943767471467638e+01 -4.679214136532555912e+00 -2.740019739850647174e+00 -1.828729666704194123e+00 -1.340679084942273169e+00 -9.928435226282109616e-01 -7.794242069707408849e-01 -6.471419163933472829e-01 -5.506461174409916781e-01 -4.999810593786143675e-01
-1.063491252206138959e+01 -4.836595573588667207e+00 -2.854271145492749184e+00 -1.908831706290768704e+00 -1.413365577912003346e+00 -1.123487458292473429e+00 -8.124029016969985806e-01 -6.876072503586244666e-01 -5.896172372552535013e-01 nan
-1.088773555453727759e+01 -4.991634845975622348e+00 -2.962052722867939636e+00 -2.044228344162666744e+00 -1.499544911241813994e+00 -1.191633881123807193e+00 -8.385747403130642263e-01 -7.181315399404198940e-01 -6.210647050113561329e-01 nan
-1.114249733995344194e+01 -5.152741364272650948e+00 -3.092351487123836229e+00 -2.136627473524323140e+00 -1.561291419574436956e+00 -1.250969375094251435e+00 -8.605720612288337845e-01 -7.511933932625202148e-01 -6.354820521860200522e-01 nan
-1.141586511730555920e+01 -5.308295331350637802e+00 -3.208717975568318170e+00 -2.228194102791349440e+00 -1.635101481281324931e+00 -1.318081363996316480e+00 -9.748318236603763509e-01 -7.484065519662712607e-01 -5.885945064760347289e-01 nan
-1.204110837836269532e+01 -5.465333110647267567e+00 -3.326538569203996154e+00 -2.322235368230860075e+00 -1.705371334081785317e+00 -1.396094584801266913e+00 -1.079720838364459867e+00 nan nan nan
