7.330000000000000000e+02
7.330000000000000000e+02
7.330000000000000000e+02
7.330000000000000000e+02
9.160000000000000000e+02
9.200000000000000000e+02
9.080000000000000000e+02
9.080000000000000000e+02
9.100000000000000000e+02
9.100000000000000000e+02
9.460000000000000000e+02
9.460000000000000000e+02
9.460000000000000000e+02
9.460000000000000000e+02
9.460000000000000000e+02
9.460000000000000000e+02
9.460000000000000000e+02
9.460000000000000000e+02
9.460000000000000000e+02
9.460000000000000000e+02
9.460000000000000000e+02
9.440000000000000000e+02
9.440000000000000000e+02
9.440000000000000000e+02
9.440000000000000000e+02
9.440000000000000000e+02
9.440000000000000000e+02
9.440000000000000000e+02
9.440000000000000000e+02
9.440000000000000000e+02
9.440000000000000000e+02
9.440000000000000000e+02
9.440000000000000000e+02
9.440000000000000000e+02
9.440000000000000000e+02
9.440000000000000000e+02
9.440000000000000000e+02
9.440000000000000000e+02
9.440000000000000000e+02
9.440000000000000000e+02
9.440000000000000000e+02
9.440000000000000000e+02
9.440000000000000000e+02
9.500000000000000000e+02
9.500000000000000000e+02
9.500000000000000000e+02
9.500000000000000000e+02
9.500000000000000000e+02
9.500000000000000000e+02
9.460000000000000000e+02
9.410000000000000000e+02
9.310000000000000000e+02
9.310000000000000000e+02
9.310000000000000000e+02
9.370000000000000000e+02
9.370000000000000000e+02
9.370000000000000000e+02
9.370000000000000000e+02
9.370000000000000000e+02
9.370000000000000000e+02
9.380000000000000000e+02
1.174000000000000000e+03
1.174000000000000000e+03
1.174000000000000000e+03
9.880000000000000000e+02
9.880000000000000000e+02
9.880000000000000000e+02
9.460000000000000000e+02
9.460000000000000000e+02
9.460000000000000000e+02
1.088000000000000000e+03
1.036000000000000000e+03
1.050000000000000000e+03
1.064000000000000000e+03
1.032000000000000000e+03
1.032000000000000000e+03
1.032000000000000000e+03
1.046000000000000000e+03
1.046000000000000000e+03
1.046000000000000000e+03
1.046000000000000000e+03
1.046000000000000000e+03
1.046000000000000000e+03
1.046000000000000000e+03
1.046000000000000000e+03
1.046000000000000000e+03
1.046000000000000000e+03
1.046000000000000000e+03
1.132000000000000000e+03
1.134000000000000000e+03
1.332000000000000000e+03
1.332000000000000000e+03
1.332000000000000000e+03
1.222000000000000000e+03
1.222000000000000000e+03
1.222000000000000000e+03
1.222000000000000000e+03
1.222000000000000000e+03
1.222000000000000000e+03
1.222000000000000000e+03
1.222000000000000000e+03
1.222000000000000000e+03
1.222000000000000000e+03
1.232000000000000000e+03
1.320000000000000000e+03
1.320000000000000000e+03
1.320000000000000000e+03
1.313000000000000000e+03
1.313000000000000000e+03
1.313000000000000000e+03
1.313000000000000000e+03
1.313000000000000000e+03
1.313000000000000000e+03
1.313000000000000000e+03
1.313000000000000000e+03
1.313000000000000000e+03
1.313000000000000000e+03
1.313000000000000000e+03
1.313000000000000000e+03
1.313000000000000000e+03
1.313000000000000000e+03
1.313000000000000000e+03
1.313000000000000000e+03
1.313000000000000000e+03
1.313000000000000000e+03
1.313000000000000000e+03
1.313000000000000000e+03
1.313000000000000000e+03
1.313000000000000000e+03
1.313000000000000000e+03
1.313000000000000000e+03
1.313000000000000000e+03
1.313000000000000000e+03
1.313000000000000000e+03
1.313000000000000000e+03
1.313000000000000000e+03
1.313000000000000000e+03
1.313000000000000000e+03
1.313000000000000000e+03
1.313000000000000000e+03
1.313000000000000000e+03
1.313000000000000000e+03
1.313000000000000000e+03
1.313000000000000000e+03
1.313000000000000000e+03
1.313000000000000000e+03
1.313000000000000000e+03
1.313000000000000000e+03
1.313000000000000000e+03
1.313000000000000000e+03
1.313000000000000000e+03
1.313000000000000000e+03
1.313000000000000000e+03
1.313000000000000000e+03
1.313000000000000000e+03
1.313000000000000000e+03
1.313000000000000000e+03
1.313000000000000000e+03
1.313000000000000000e+03
1.313000000000000000e+03
1.313000000000000000e+03
1.313000000000000000e+03
1.313000000000000000e+03
1.313000000000000000e+03
1.313000000000000000e+03
1.313000000000000000e+03
1.313000000000000000e+03
1.313000000000000000e+03
1.313000000000000000e+03
1.313000000000000000e+03
1.313000000000000000e+03
2.561000000000000000e+03
2.651000000000000000e+03
2.651000000000000000e+03
2.651000000000000000e+03
2.653000000000000000e+03
2.651000000000000000e+03
1.577000000000000000e+03
1.577000000000000000e+03
1.929000000000000000e+03
1.929000000000000000e+03
1.929000000000000000e+03
1.929000000000000000e+03
2.719000000000000000e+03
2.719000000000000000e+03
2.719000000000000000e+03
2.719000000000000000e+03
2.719000000000000000e+03
2.715000000000000000e+03
2.715000000000000000e+03
2.715000000000000000e+03
2.715000000000000000e+03
2.693000000000000000e+03
2.341000000000000000e+03
2.341000000000000000e+03
2.341000000000000000e+03
2.341000000000000000e+03
2.341000000000000000e+03
2.341000000000000000e+03
2.341000000000000000e+03
2.343000000000000000e+03
2.345000000000000000e+03
2.345000000000000000e+03
2.345000000000000000e+03
3.197000000000000000e+03
3.197000000000000000e+03
3.197000000000000000e+03
3.197000000000000000e+03
3.197000000000000000e+03
3.197000000000000000e+03
3.197000000000000000e+03
3.197000000000000000e+03
3.197000000000000000e+03
3.197000000000000000e+03
3.197000000000000000e+03
3.197000000000000000e+03
3.197000000000000000e+03
3.197000000000000000e+03
3.197000000000000000e+03
3.197000000000000000e+03
3.197000000000000000e+03
3.197000000000000000e+03
3.197000000000000000e+03
3.197000000000000000e+03
3.197000000000000000e+03
3.197000000000000000e+03
3.197000000000000000e+03
3.197000000000000000e+03
3.197000000000000000e+03
3.197000000000000000e+03
3.197000000000000000e+03
3.197000000000000000e+03
3.197000000000000000e+03
3.197000000000000000e+03
3.197000000000000000e+03
3.197000000000000000e+03
3.197000000000000000e+03
3.197000000000000000e+03
3.197000000000000000e+03
3.197000000000000000e+03
3.197000000000000000e+03
3.197000000000000000e+03
3.197000000000000000e+03
3.197000000000000000e+03
3.197000000000000000e+03
3.197000000000000000e+03
3.197000000000000000e+03
3.197000000000000000e+03
3.197000000000000000e+03
3.197000000000000000e+03
3.197000000000000000e+03
3.197000000000000000e+03
3.197000000000000000e+03
3.197000000000000000e+03
3.197000000000000000e+03
3.197000000000000000e+03
3.197000000000000000e+03
3.197000000000000000e+03
3.197000000000000000e+03
3.197000000000000000e+03
3.197000000000000000e+03
3.197000000000000000e+03
3.197000000000000000e+03
3.197000000000000000e+03
3.197000000000000000e+03
3.197000000000000000e+03
3.197000000000000000e+03
3.197000000000000000e+03
3.197000000000000000e+03
3.197000000000000000e+03
3.197000000000000000e+03
3.197000000000000000e+03
3.197000000000000000e+03
3.197000000000000000e+03
3.197000000000000000e+03
3.197000000000000000e+03
3.197000000000000000e+03
3.197000000000000000e+03
3.197000000000000000e+03
3.197000000000000000e+03
3.197000000000000000e+03
3.197000000000000000e+03
2.431000000000000000e+03
3.771000000000000000e+03
3.771000000000000000e+03
3.771000000000000000e+03
3.771000000000000000e+03
2.343000000000000000e+03
3.133000000000000000e+03
3.133000000000000000e+03
3.133000000000000000e+03
3.133000000000000000e+03
3.133000000000000000e+03
3.129000000000000000e+03
3.129000000000000000e+03
3.129000000000000000e+03
3.129000000000000000e+03
3.129000000000000000e+03
2.433000000000000000e+03
3.771000000000000000e+03
3.771000000000000000e+03
3.771000000000000000e+03
3.771000000000000000e+03
2.785000000000000000e+03
3.135000000000000000e+03
3.135000000000000000e+03
3.135000000000000000e+03
3.135000000000000000e+03
3.135000000000000000e+03
3.131000000000000000e+03
3.131000000000000000e+03
3.131000000000000000e+03
3.131000000000000000e+03
3.131000000000000000e+03
2.345000000000000000e+03
2.345000000000000000e+03
2.345000000000000000e+03
2.345000000000000000e+03
2.345000000000000000e+03
2.433000000000000000e+03
3.771000000000000000e+03
3.771000000000000000e+03
3.771000000000000000e+03
3.771000000000000000e+03
3.135000000000000000e+03
3.135000000000000000e+03
3.135000000000000000e+03
3.135000000000000000e+03
3.135000000000000000e+03
3.135000000000000000e+03
3.131000000000000000e+03
3.131000000000000000e+03
3.131000000000000000e+03
3.131000000000000000e+03
2.345000000000000000e+03
2.433000000000000000e+03
3.771000000000000000e+03
3.771000000000000000e+03
3.771000000000000000e+03
3.771000000000000000e+03
3.135000000000000000e+03
3.135000000000000000e+03
3.135000000000000000e+03
3.135000000000000000e+03
3.135000000000000000e+03
3.135000000000000000e+03
3.131000000000000000e+03
3.131000000000000000e+03
3.131000000000000000e+03
3.131000000000000000e+03
2.345000000000000000e+03
2.433000000000000000e+03
3.771000000000000000e+03
3.771000000000000000e+03
3.771000000000000000e+03
3.771000000000000000e+03
3.135000000000000000e+03
3.135000000000000000e+03
3.135000000000000000e+03
3.135000000000000000e+03
3.135000000000000000e+03
3.135000000000000000e+03
3.131000000000000000e+03
3.131000000000000000e+03
3.131000000000000000e+03
3.131000000000000000e+03
2.345000000000000000e+03
2.433000000000000000e+03
3.771000000000000000e+03
3.771000000000000000e+03
3.771000000000000000e+03
3.771000000000000000e+03
3.135000000000000000e+03
3.135000000000000000e+03
3.135000000000000000e+03
3.135000000000000000e+03
3.135000000000000000e+03
3.135000000000000000e+03
3.131000000000000000e+03
3.131000000000000000e+03
3.131000000000000000e+03
3.131000000000000000e+03
2.345000000000000000e+03
2.433000000000000000e+03
3.771000000000000000e+03
3.771000000000000000e+03
3.771000000000000000e+03
3.771000000000000000e+03
2.697000000000000000e+03
3.135000000000000000e+03
3.135000000000000000e+03
3.135000000000000000e+03
3.135000000000000000e+03
3.135000000000000000e+03
3.131000000000000000e+03
3.131000000000000000e+03
3.131000000000000000e+03
3.131000000000000000e+03
2.537000000000000000e+03
3.197000000000000000e+03
3.197000000000000000e+03
3.202000000000000000e+03
3.202000000000000000e+03
3.202000000000000000e+03
3.183000000000000000e+03
3.179000000000000000e+03
3.198000000000000000e+03
3.198000000000000000e+03
3.198000000000000000e+03
3.198000000000000000e+03
3.198000000000000000e+03
3.198000000000000000e+03
3.198000000000000000e+03
3.198000000000000000e+03
3.198000000000000000e+03
3.198000000000000000e+03
3.198000000000000000e+03
3.198000000000000000e+03
3.194000000000000000e+03
3.194000000000000000e+03
3.194000000000000000e+03
3.194000000000000000e+03
3.194000000000000000e+03
3.194000000000000000e+03
3.194000000000000000e+03
3.194000000000000000e+03
3.193000000000000000e+03
3.193000000000000000e+03
3.193000000000000000e+03
3.193000000000000000e+03
3.193000000000000000e+03
3.193000000000000000e+03
3.193000000000000000e+03
3.193000000000000000e+03
3.193000000000000000e+03
3.193000000000000000e+03
3.193000000000000000e+03
3.193000000000000000e+03
3.193000000000000000e+03
3.193000000000000000e+03
3.193000000000000000e+03
3.193000000000000000e+03
3.193000000000000000e+03
3.193000000000000000e+03
2.341000000000000000e+03
3.767000000000000000e+03
3.767000000000000000e+03
3.767000000000000000e+03
3.767000000000000000e+03
3.767000000000000000e+03
3.131000000000000000e+03
3.131000000000000000e+03
3.131000000000000000e+03
3.131000000000000000e+03
3.127000000000000000e+03
3.127000000000000000e+03
3.127000000000000000e+03
3.127000000000000000e+03
2.848000000000000000e+03
3.192000000000000000e+03
3.192000000000000000e+03
3.192000000000000000e+03
3.192000000000000000e+03
3.192000000000000000e+03
3.192000000000000000e+03
3.192000000000000000e+03
3.192000000000000000e+03
3.192000000000000000e+03
3.192000000000000000e+03
3.192000000000000000e+03
3.192000000000000000e+03
3.192000000000000000e+03
3.192000000000000000e+03
3.192000000000000000e+03
3.192000000000000000e+03
3.192000000000000000e+03
3.192000000000000000e+03
3.192000000000000000e+03
3.192000000000000000e+03
3.192000000000000000e+03
3.192000000000000000e+03
3.192000000000000000e+03
3.192000000000000000e+03
3.192000000000000000e+03
3.192000000000000000e+03
3.192000000000000000e+03
3.192000000000000000e+03
3.192000000000000000e+03
3.192000000000000000e+03
3.192000000000000000e+03
3.192000000000000000e+03
3.192000000000000000e+03
3.192000000000000000e+03
3.192000000000000000e+03
3.192000000000000000e+03
3.192000000000000000e+03
3.192000000000000000e+03
3.192000000000000000e+03
3.192000000000000000e+03
3.192000000000000000e+03
3.192000000000000000e+03
3.192000000000000000e+03
3.192000000000000000e+03
3.192000000000000000e+03
3.192000000000000000e+03
3.192000000000000000e+03
3.192000000000000000e+03
3.192000000000000000e+03
3.192000000000000000e+03
3.192000000000000000e+03
3.192000000000000000e+03
3.192000000000000000e+03
3.192000000000000000e+03
3.192000000000000000e+03
3.192000000000000000e+03
3.192000000000000000e+03
3.192000000000000000e+03
3.192000000000000000e+03
3.192000000000000000e+03
3.192000000000000000e+03
3.192000000000000000e+03
3.192000000000000000e+03
3.192000000000000000e+03
3.192000000000000000e+03
3.192000000000000000e+03
3.192000000000000000e+03
3.192000000000000000e+03
3.192000000000000000e+03
3.192000000000000000e+03
3.192000000000000000e+03
3.192000000000000000e+03
3.192000000000000000e+03
3.192000000000000000e+03
3.192000000000000000e+03
3.192000000000000000e+03
3.192000000000000000e+03
3.192000000000000000e+03
3.192000000000000000e+03
3.192000000000000000e+03
3.192000000000000000e+03
3.212000000000000000e+03
3.212000000000000000e+03
3.212000000000000000e+03
3.215000000000000000e+03
3.215000000000000000e+03
3.215000000000000000e+03
3.215000000000000000e+03
3.215000000000000000e+03
3.215000000000000000e+03
3.215000000000000000e+03
3.215000000000000000e+03
3.215000000000000000e+03
3.215000000000000000e+03
3.215000000000000000e+03
3.215000000000000000e+03
3.214000000000000000e+03
3.214000000000000000e+03
3.214000000000000000e+03
3.214000000000000000e+03
3.214000000000000000e+03
2.450000000000000000e+03
3.788000000000000000e+03
3.788000000000000000e+03
3.788000000000000000e+03
3.788000000000000000e+03
3.152000000000000000e+03
3.152000000000000000e+03
3.152000000000000000e+03
3.152000000000000000e+03
3.148000000000000000e+03
3.144000000000000000e+03
3.144000000000000000e+03
3.144000000000000000e+03
3.144000000000000000e+03
3.144000000000000000e+03
3.210000000000000000e+03
3.209000000000000000e+03
3.213000000000000000e+03
3.212000000000000000e+03
3.212000000000000000e+03
3.212000000000000000e+03
3.212000000000000000e+03
3.212000000000000000e+03
3.212000000000000000e+03
3.212000000000000000e+03
3.212000000000000000e+03
3.212000000000000000e+03
3.212000000000000000e+03
3.212000000000000000e+03
3.212000000000000000e+03
3.212000000000000000e+03
3.212000000000000000e+03
3.212000000000000000e+03
3.212000000000000000e+03
3.211000000000000000e+03
3.211000000000000000e+03
3.211000000000000000e+03
3.211000000000000000e+03
3.211000000000000000e+03
3.211000000000000000e+03
3.211000000000000000e+03
3.211000000000000000e+03
3.211000000000000000e+03
3.211000000000000000e+03
3.211000000000000000e+03
3.211000000000000000e+03
3.204000000000000000e+03
3.204000000000000000e+03
3.204000000000000000e+03
3.204000000000000000e+03
3.204000000000000000e+03
3.204000000000000000e+03
3.204000000000000000e+03
3.204000000000000000e+03
3.200000000000000000e+03
3.200000000000000000e+03
3.200000000000000000e+03
3.200000000000000000e+03
3.200000000000000000e+03
2.348000000000000000e+03
3.200000000000000000e+03
3.200000000000000000e+03
3.200000000000000000e+03
3.200000000000000000e+03
3.200000000000000000e+03
3.200000000000000000e+03
3.200000000000000000e+03
3.200000000000000000e+03
3.200000000000000000e+03
3.200000000000000000e+03
3.200000000000000000e+03
3.200000000000000000e+03
3.200000000000000000e+03
3.200000000000000000e+03
3.200000000000000000e+03
3.200000000000000000e+03
3.200000000000000000e+03
3.200000000000000000e+03
3.200000000000000000e+03
3.200000000000000000e+03
3.200000000000000000e+03
3.200000000000000000e+03
3.200000000000000000e+03
3.200000000000000000e+03
3.200000000000000000e+03
3.200000000000000000e+03
3.200000000000000000e+03
3.200000000000000000e+03
3.200000000000000000e+03
3.200000000000000000e+03
3.200000000000000000e+03
3.200000000000000000e+03
3.200000000000000000e+03
3.200000000000000000e+03
3.200000000000000000e+03
3.200000000000000000e+03
3.200000000000000000e+03
3.200000000000000000e+03
3.200000000000000000e+03
3.200000000000000000e+03
3.200000000000000000e+03
3.200000000000000000e+03
3.200000000000000000e+03
3.200000000000000000e+03
2.436000000000000000e+03
3.774000000000000000e+03
3.774000000000000000e+03
3.774000000000000000e+03
3.774000000000000000e+03
2.348000000000000000e+03
3.138000000000000000e+03
3.138000000000000000e+03
3.138000000000000000e+03
3.138000000000000000e+03
3.138000000000000000e+03
3.134000000000000000e+03
3.145000000000000000e+03
3.145000000000000000e+03
3.145000000000000000e+03
3.206000000000000000e+03
3.206000000000000000e+03
3.206000000000000000e+03
3.206000000000000000e+03
3.206000000000000000e+03
3.206000000000000000e+03
3.206000000000000000e+03
3.206000000000000000e+03
3.206000000000000000e+03
3.206000000000000000e+03
3.206000000000000000e+03
3.206000000000000000e+03
3.206000000000000000e+03
3.206000000000000000e+03
3.206000000000000000e+03
3.206000000000000000e+03
3.206000000000000000e+03
3.206000000000000000e+03
3.206000000000000000e+03
3.206000000000000000e+03
3.206000000000000000e+03
3.206000000000000000e+03
3.206000000000000000e+03
3.206000000000000000e+03
3.206000000000000000e+03
3.206000000000000000e+03
3.206000000000000000e+03
3.206000000000000000e+03
3.206000000000000000e+03
3.206000000000000000e+03
3.206000000000000000e+03
3.206000000000000000e+03
3.206000000000000000e+03
3.206000000000000000e+03
3.206000000000000000e+03
3.206000000000000000e+03
3.206000000000000000e+03
3.206000000000000000e+03
3.206000000000000000e+03
3.206000000000000000e+03
3.206000000000000000e+03
3.206000000000000000e+03
3.206000000000000000e+03
3.206000000000000000e+03
3.206000000000000000e+03
3.206000000000000000e+03
3.206000000000000000e+03
3.206000000000000000e+03
3.206000000000000000e+03
3.206000000000000000e+03
3.206000000000000000e+03
3.206000000000000000e+03
3.206000000000000000e+03
3.206000000000000000e+03
3.206000000000000000e+03
3.206000000000000000e+03
2.354000000000000000e+03
3.206000000000000000e+03
3.206000000000000000e+03
3.206000000000000000e+03
3.206000000000000000e+03
3.206000000000000000e+03
3.206000000000000000e+03
3.206000000000000000e+03
3.206000000000000000e+03
3.206000000000000000e+03
3.206000000000000000e+03
3.206000000000000000e+03
3.206000000000000000e+03
3.206000000000000000e+03
3.206000000000000000e+03
3.206000000000000000e+03
3.206000000000000000e+03
3.206000000000000000e+03
3.206000000000000000e+03
3.206000000000000000e+03
3.206000000000000000e+03
3.206000000000000000e+03
3.206000000000000000e+03
3.206000000000000000e+03
3.206000000000000000e+03
3.206000000000000000e+03
3.206000000000000000e+03
3.206000000000000000e+03
3.206000000000000000e+03
3.206000000000000000e+03
3.206000000000000000e+03
3.206000000000000000e+03
3.206000000000000000e+03
3.206000000000000000e+03
2.354000000000000000e+03
2.442000000000000000e+03
3.780000000000000000e+03
3.780000000000000000e+03
3.780000000000000000e+03
3.780000000000000000e+03
3.144000000000000000e+03
3.144000000000000000e+03
3.144000000000000000e+03
3.144000000000000000e+03
3.144000000000000000e+03
3.144000000000000000e+03
3.140000000000000000e+03
3.140000000000000000e+03
3.140000000000000000e+03
3.140000000000000000e+03
3.206000000000000000e+03
3.206000000000000000e+03
3.206000000000000000e+03
3.206000000000000000e+03
3.206000000000000000e+03
3.206000000000000000e+03
3.206000000000000000e+03
3.206000000000000000e+03
3.206000000000000000e+03
3.206000000000000000e+03
3.206000000000000000e+03
3.206000000000000000e+03
3.206000000000000000e+03
3.206000000000000000e+03
3.206000000000000000e+03
3.206000000000000000e+03
3.206000000000000000e+03
3.206000000000000000e+03
3.206000000000000000e+03
3.206000000000000000e+03
3.206000000000000000e+03
3.206000000000000000e+03
3.206000000000000000e+03
3.206000000000000000e+03
3.206000000000000000e+03
3.206000000000000000e+03
3.206000000000000000e+03
3.206000000000000000e+03
3.206000000000000000e+03
3.206000000000000000e+03
3.206000000000000000e+03
3.206000000000000000e+03
3.206000000000000000e+03
2.354000000000000000e+03
3.206000000000000000e+03
3.206000000000000000e+03
3.206000000000000000e+03
3.206000000000000000e+03
3.206000000000000000e+03
3.206000000000000000e+03
3.206000000000000000e+03
3.206000000000000000e+03
3.206000000000000000e+03
3.206000000000000000e+03
3.206000000000000000e+03
3.206000000000000000e+03
3.206000000000000000e+03
3.206000000000000000e+03
3.206000000000000000e+03
3.206000000000000000e+03
3.206000000000000000e+03
3.206000000000000000e+03
3.206000000000000000e+03
3.217000000000000000e+03
3.217000000000000000e+03
3.217000000000000000e+03
3.217000000000000000e+03
3.217000000000000000e+03
3.217000000000000000e+03
3.217000000000000000e+03
3.217000000000000000e+03
3.217000000000000000e+03
3.217000000000000000e+03
3.217000000000000000e+03
3.217000000000000000e+03
3.217000000000000000e+03
3.217000000000000000e+03
2.453000000000000000e+03
3.783000000000000000e+03
3.783000000000000000e+03
3.783000000000000000e+03
3.783000000000000000e+03
3.061000000000000000e+03
3.147000000000000000e+03
3.147000000000000000e+03
3.147000000000000000e+03
3.147000000000000000e+03
3.147000000000000000e+03
3.143000000000000000e+03
3.143000000000000000e+03
3.143000000000000000e+03
3.143000000000000000e+03
3.209000000000000000e+03
3.209000000000000000e+03
3.209000000000000000e+03
3.209000000000000000e+03
3.209000000000000000e+03
3.207000000000000000e+03
3.207000000000000000e+03
3.207000000000000000e+03
3.207000000000000000e+03
3.207000000000000000e+03
3.207000000000000000e+03
3.207000000000000000e+03
3.207000000000000000e+03
3.207000000000000000e+03
3.207000000000000000e+03
3.207000000000000000e+03
3.207000000000000000e+03
3.207000000000000000e+03
3.207000000000000000e+03
3.207000000000000000e+03
3.207000000000000000e+03
3.207000000000000000e+03
3.207000000000000000e+03
3.207000000000000000e+03
3.207000000000000000e+03
3.207000000000000000e+03
3.207000000000000000e+03
3.207000000000000000e+03
3.207000000000000000e+03
3.207000000000000000e+03
3.207000000000000000e+03
3.207000000000000000e+03
3.207000000000000000e+03
2.355000000000000000e+03
3.207000000000000000e+03
3.207000000000000000e+03
3.207000000000000000e+03
3.207000000000000000e+03
3.207000000000000000e+03
3.207000000000000000e+03
3.207000000000000000e+03
3.207000000000000000e+03
3.207000000000000000e+03
3.207000000000000000e+03
3.207000000000000000e+03
3.207000000000000000e+03
3.207000000000000000e+03
3.207000000000000000e+03
3.207000000000000000e+03
3.207000000000000000e+03
3.207000000000000000e+03
3.207000000000000000e+03
3.207000000000000000e+03
3.207000000000000000e+03
3.207000000000000000e+03
3.207000000000000000e+03
3.207000000000000000e+03
3.207000000000000000e+03
3.207000000000000000e+03
3.207000000000000000e+03
3.207000000000000000e+03
3.207000000000000000e+03
3.207000000000000000e+03
3.207000000000000000e+03
3.207000000000000000e+03
3.207000000000000000e+03
3.207000000000000000e+03
2.443000000000000000e+03
3.781000000000000000e+03
3.781000000000000000e+03
3.781000000000000000e+03
3.781000000000000000e+03
2.995000000000000000e+03
3.144000000000000000e+03
3.144000000000000000e+03
3.144000000000000000e+03
3.144000000000000000e+03
3.144000000000000000e+03
3.140000000000000000e+03
3.140000000000000000e+03
3.140000000000000000e+03
3.140000000000000000e+03
3.058000000000000000e+03
3.206000000000000000e+03
3.206000000000000000e+03
3.206000000000000000e+03
3.206000000000000000e+03
3.206000000000000000e+03
3.206000000000000000e+03
3.206000000000000000e+03
3.206000000000000000e+03
3.206000000000000000e+03
3.206000000000000000e+03
3.206000000000000000e+03
3.206000000000000000e+03
3.206000000000000000e+03
3.206000000000000000e+03
3.206000000000000000e+03
3.206000000000000000e+03
3.206000000000000000e+03
3.206000000000000000e+03
3.198000000000000000e+03
3.198000000000000000e+03
3.198000000000000000e+03
3.198000000000000000e+03
3.172000000000000000e+03
3.198000000000000000e+03
3.198000000000000000e+03
3.198000000000000000e+03
3.236000000000000000e+03
3.236000000000000000e+03
3.239000000000000000e+03
3.239000000000000000e+03
3.239000000000000000e+03
3.240000000000000000e+03
3.240000000000000000e+03
3.245000000000000000e+03
3.245000000000000000e+03
3.245000000000000000e+03
3.245000000000000000e+03
3.245000000000000000e+03
3.246000000000000000e+03
3.246000000000000000e+03
3.246000000000000000e+03
3.246000000000000000e+03
3.246000000000000000e+03
3.246000000000000000e+03
2.482000000000000000e+03
3.820000000000000000e+03
3.820000000000000000e+03
3.820000000000000000e+03
3.820000000000000000e+03
3.098000000000000000e+03
3.184000000000000000e+03
3.184000000000000000e+03
3.184000000000000000e+03
3.184000000000000000e+03
3.184000000000000000e+03
3.180000000000000000e+03
3.180000000000000000e+03
3.180000000000000000e+03
3.180000000000000000e+03
3.220000000000000000e+03
3.246000000000000000e+03
3.246000000000000000e+03
3.246000000000000000e+03
3.246000000000000000e+03
3.246000000000000000e+03
3.245000000000000000e+03
3.245000000000000000e+03
3.245000000000000000e+03
3.244000000000000000e+03
3.244000000000000000e+03
3.244000000000000000e+03
3.244000000000000000e+03
3.244000000000000000e+03
3.244000000000000000e+03
3.244000000000000000e+03
3.244000000000000000e+03
3.244000000000000000e+03
3.244000000000000000e+03
3.244000000000000000e+03
3.244000000000000000e+03
3.244000000000000000e+03
3.244000000000000000e+03
3.218000000000000000e+03
3.243000000000000000e+03
3.243000000000000000e+03
3.243000000000000000e+03
3.243000000000000000e+03
3.243000000000000000e+03
3.243000000000000000e+03
3.243000000000000000e+03
3.243000000000000000e+03
3.243000000000000000e+03
3.243000000000000000e+03
3.243000000000000000e+03
3.242000000000000000e+03
3.242000000000000000e+03
3.242000000000000000e+03
3.242000000000000000e+03
3.242000000000000000e+03
3.242000000000000000e+03
3.242000000000000000e+03
3.236000000000000000e+03
3.236000000000000000e+03
3.236000000000000000e+03
3.236000000000000000e+03
2.462000000000000000e+03
3.800000000000000000e+03
3.800000000000000000e+03
3.798000000000000000e+03
3.798000000000000000e+03
2.596000000000000000e+03
3.160000000000000000e+03
3.156000000000000000e+03
3.156000000000000000e+03
3.156000000000000000e+03
3.150000000000000000e+03
3.146000000000000000e+03
3.146000000000000000e+03
3.146000000000000000e+03
3.146000000000000000e+03
3.186000000000000000e+03
3.212000000000000000e+03
3.212000000000000000e+03
3.212000000000000000e+03
3.212000000000000000e+03
3.217000000000000000e+03
3.217000000000000000e+03
3.217000000000000000e+03
3.217000000000000000e+03
3.217000000000000000e+03
3.217000000000000000e+03
3.191000000000000000e+03
3.217000000000000000e+03
3.217000000000000000e+03
3.217000000000000000e+03
3.227000000000000000e+03
3.236000000000000000e+03
3.236000000000000000e+03
3.236000000000000000e+03
3.236000000000000000e+03
3.236000000000000000e+03
3.236000000000000000e+03
2.384000000000000000e+03
2.472000000000000000e+03
3.810000000000000000e+03
3.810000000000000000e+03
3.810000000000000000e+03
3.810000000000000000e+03
3.174000000000000000e+03
3.174000000000000000e+03
3.174000000000000000e+03
3.174000000000000000e+03
3.174000000000000000e+03
3.170000000000000000e+03
3.170000000000000000e+03
3.170000000000000000e+03
3.170000000000000000e+03
3.020000000000000000e+03
3.236000000000000000e+03
3.236000000000000000e+03
3.236000000000000000e+03
3.236000000000000000e+03
3.236000000000000000e+03
3.235000000000000000e+03
3.235000000000000000e+03
3.234000000000000000e+03
3.234000000000000000e+03
3.234000000000000000e+03
3.234000000000000000e+03
3.234000000000000000e+03
3.234000000000000000e+03
3.234000000000000000e+03
3.225000000000000000e+03
3.225000000000000000e+03
3.225000000000000000e+03
3.218000000000000000e+03
3.218000000000000000e+03
3.218000000000000000e+03
3.218000000000000000e+03
3.218000000000000000e+03
2.454000000000000000e+03
3.792000000000000000e+03
3.792000000000000000e+03
3.792000000000000000e+03
3.792000000000000000e+03
2.718000000000000000e+03
3.156000000000000000e+03
3.160000000000000000e+03
3.160000000000000000e+03
3.160000000000000000e+03
3.160000000000000000e+03
3.152000000000000000e+03
3.152000000000000000e+03
3.152000000000000000e+03
3.152000000000000000e+03
3.192000000000000000e+03
3.218000000000000000e+03
3.218000000000000000e+03
3.218000000000000000e+03
3.218000000000000000e+03
3.218000000000000000e+03
3.218000000000000000e+03
3.218000000000000000e+03
3.218000000000000000e+03
3.218000000000000000e+03
3.218000000000000000e+03
3.218000000000000000e+03
3.218000000000000000e+03
3.218000000000000000e+03
3.218000000000000000e+03
3.218000000000000000e+03
3.218000000000000000e+03
3.218000000000000000e+03
3.218000000000000000e+03
3.218000000000000000e+03
3.218000000000000000e+03
3.218000000000000000e+03
3.218000000000000000e+03
3.218000000000000000e+03
3.218000000000000000e+03
3.218000000000000000e+03
3.218000000000000000e+03
3.218000000000000000e+03
3.218000000000000000e+03
3.218000000000000000e+03
3.218000000000000000e+03
3.218000000000000000e+03
3.218000000000000000e+03
3.218000000000000000e+03
3.218000000000000000e+03
3.218000000000000000e+03
3.218000000000000000e+03
3.218000000000000000e+03
3.218000000000000000e+03
3.218000000000000000e+03
3.218000000000000000e+03
3.218000000000000000e+03
3.218000000000000000e+03
3.218000000000000000e+03
3.218000000000000000e+03
2.454000000000000000e+03
3.792000000000000000e+03
3.792000000000000000e+03
3.792000000000000000e+03
3.792000000000000000e+03
3.792000000000000000e+03
3.156000000000000000e+03
3.156000000000000000e+03
3.156000000000000000e+03
3.156000000000000000e+03
3.156000000000000000e+03
3.152000000000000000e+03
3.152000000000000000e+03
3.152000000000000000e+03
3.152000000000000000e+03
2.724000000000000000e+03
3.224000000000000000e+03
3.223000000000000000e+03
3.220000000000000000e+03
3.220000000000000000e+03
3.220000000000000000e+03
3.220000000000000000e+03
3.220000000000000000e+03
3.220000000000000000e+03
3.221000000000000000e+03
3.221000000000000000e+03
3.219000000000000000e+03
3.219000000000000000e+03
3.219000000000000000e+03
3.217000000000000000e+03
3.217000000000000000e+03
2.871000000000000000e+03
2.453000000000000000e+03
3.792000000000000000e+03
3.792000000000000000e+03
3.792000000000000000e+03
3.156000000000000000e+03
3.156000000000000000e+03
3.156000000000000000e+03
3.156000000000000000e+03
3.156000000000000000e+03
3.152000000000000000e+03
3.152000000000000000e+03
3.152000000000000000e+03
3.152000000000000000e+03
3.069000000000000000e+03
3.217000000000000000e+03
3.217000000000000000e+03
3.217000000000000000e+03
3.217000000000000000e+03
3.217000000000000000e+03
3.217000000000000000e+03
3.217000000000000000e+03
3.217000000000000000e+03
3.217000000000000000e+03
3.217000000000000000e+03
3.217000000000000000e+03
3.217000000000000000e+03
3.217000000000000000e+03
3.217000000000000000e+03
3.217000000000000000e+03
3.217000000000000000e+03
3.217000000000000000e+03
3.217000000000000000e+03
3.217000000000000000e+03
3.219000000000000000e+03
3.219000000000000000e+03
3.219000000000000000e+03
2.451000000000000000e+03
3.789000000000000000e+03
3.789000000000000000e+03
3.789000000000000000e+03
3.789000000000000000e+03
2.367000000000000000e+03
1.325000000000000000e+03
1.325000000000000000e+03
1.325000000000000000e+03
1.325000000000000000e+03
1.325000000000000000e+03
9.730000000000000000e+02
9.730000000000000000e+02
9.730000000000000000e+02
9.730000000000000000e+02
9.730000000000000000e+02
9.730000000000000000e+02
9.730000000000000000e+02
9.730000000000000000e+02
9.730000000000000000e+02
9.730000000000000000e+02
9.730000000000000000e+02
9.730000000000000000e+02
9.730000000000000000e+02
9.730000000000000000e+02
9.730000000000000000e+02
9.730000000000000000e+02
9.730000000000000000e+02
9.730000000000000000e+02
9.730000000000000000e+02
9.730000000000000000e+02
9.730000000000000000e+02
9.730000000000000000e+02
9.730000000000000000e+02
9.730000000000000000e+02
9.730000000000000000e+02
9.690000000000000000e+02
9.670000000000000000e+02
9.670000000000000000e+02
9.670000000000000000e+02
9.650000000000000000e+02
9.590000000000000000e+02
