7.200000000000000000e+02
7.200000000000000000e+02
7.230000000000000000e+02
7.110000000000000000e+02
8.940000000000000000e+02
8.980000000000000000e+02
8.980000000000000000e+02
8.980000000000000000e+02
9.000000000000000000e+02
9.000000000000000000e+02
9.360000000000000000e+02
9.360000000000000000e+02
9.360000000000000000e+02
9.360000000000000000e+02
9.140000000000000000e+02
9.140000000000000000e+02
9.190000000000000000e+02
9.190000000000000000e+02
9.190000000000000000e+02
9.190000000000000000e+02
9.190000000000000000e+02
9.190000000000000000e+02
9.190000000000000000e+02
9.190000000000000000e+02
9.190000000000000000e+02
9.190000000000000000e+02
9.190000000000000000e+02
9.190000000000000000e+02
9.190000000000000000e+02
9.190000000000000000e+02
9.190000000000000000e+02
9.190000000000000000e+02
9.190000000000000000e+02
9.190000000000000000e+02
9.190000000000000000e+02
9.190000000000000000e+02
9.190000000000000000e+02
9.190000000000000000e+02
9.190000000000000000e+02
9.190000000000000000e+02
9.190000000000000000e+02
9.190000000000000000e+02
9.190000000000000000e+02
9.140000000000000000e+02
9.140000000000000000e+02
9.140000000000000000e+02
9.140000000000000000e+02
9.140000000000000000e+02
9.140000000000000000e+02
9.100000000000000000e+02
9.100000000000000000e+02
9.100000000000000000e+02
9.210000000000000000e+02
9.240000000000000000e+02
9.240000000000000000e+02
9.240000000000000000e+02
9.240000000000000000e+02
9.240000000000000000e+02
9.240000000000000000e+02
9.240000000000000000e+02
9.240000000000000000e+02
9.240000000000000000e+02
1.412000000000000000e+03
1.412000000000000000e+03
1.412000000000000000e+03
1.412000000000000000e+03
1.014000000000000000e+03
1.014000000000000000e+03
1.014000000000000000e+03
1.014000000000000000e+03
9.320000000000000000e+02
9.320000000000000000e+02
9.320000000000000000e+02
9.320000000000000000e+02
1.234000000000000000e+03
1.234000000000000000e+03
1.234000000000000000e+03
1.170000000000000000e+03
1.200000000000000000e+03
1.480000000000000000e+03
1.133000000000000000e+03
1.133000000000000000e+03
1.163000000000000000e+03
1.163000000000000000e+03
1.163000000000000000e+03
1.163000000000000000e+03
1.165000000000000000e+03
1.165000000000000000e+03
1.165000000000000000e+03
1.165000000000000000e+03
1.165000000000000000e+03
1.165000000000000000e+03
1.165000000000000000e+03
1.195000000000000000e+03
1.653000000000000000e+03
1.817000000000000000e+03
1.817000000000000000e+03
1.817000000000000000e+03
1.817000000000000000e+03
1.834000000000000000e+03
1.588000000000000000e+03
1.598000000000000000e+03
1.598000000000000000e+03
1.598000000000000000e+03
1.598000000000000000e+03
1.598000000000000000e+03
1.598000000000000000e+03
1.598000000000000000e+03
1.598000000000000000e+03
1.598000000000000000e+03
1.810000000000000000e+03
1.810000000000000000e+03
1.810000000000000000e+03
1.810000000000000000e+03
1.810000000000000000e+03
1.810000000000000000e+03
1.810000000000000000e+03
1.810000000000000000e+03
1.810000000000000000e+03
1.810000000000000000e+03
1.810000000000000000e+03
1.809000000000000000e+03
1.809000000000000000e+03
1.809000000000000000e+03
1.809000000000000000e+03
1.808000000000000000e+03
1.808000000000000000e+03
1.808000000000000000e+03
1.808000000000000000e+03
1.808000000000000000e+03
1.807000000000000000e+03
1.807000000000000000e+03
1.807000000000000000e+03
1.807000000000000000e+03
1.812000000000000000e+03
1.799000000000000000e+03
1.799000000000000000e+03
1.799000000000000000e+03
1.799000000000000000e+03
1.799000000000000000e+03
1.799000000000000000e+03
1.799000000000000000e+03
1.799000000000000000e+03
1.798000000000000000e+03
1.798000000000000000e+03
1.798000000000000000e+03
1.798000000000000000e+03
1.799000000000000000e+03
1.801000000000000000e+03
1.801000000000000000e+03
1.801000000000000000e+03
1.801000000000000000e+03
1.801000000000000000e+03
1.801000000000000000e+03
1.800000000000000000e+03
1.800000000000000000e+03
1.800000000000000000e+03
1.800000000000000000e+03
1.800000000000000000e+03
1.800000000000000000e+03
1.800000000000000000e+03
1.800000000000000000e+03
1.800000000000000000e+03
1.800000000000000000e+03
1.800000000000000000e+03
1.801000000000000000e+03
1.801000000000000000e+03
1.801000000000000000e+03
1.801000000000000000e+03
2.983000000000000000e+03
4.563000000000000000e+03
4.565000000000000000e+03
4.565000000000000000e+03
4.565000000000000000e+03
4.565000000000000000e+03
4.565000000000000000e+03
4.565000000000000000e+03
4.565000000000000000e+03
4.565000000000000000e+03
4.564000000000000000e+03
4.564000000000000000e+03
2.457000000000000000e+03
2.457000000000000000e+03
2.457000000000000000e+03
3.315000000000000000e+03
3.315000000000000000e+03
3.314000000000000000e+03
3.314000000000000000e+03
5.218000000000000000e+03
5.218000000000000000e+03
5.218000000000000000e+03
5.218000000000000000e+03
5.218000000000000000e+03
5.217000000000000000e+03
5.217000000000000000e+03
5.217000000000000000e+03
5.216000000000000000e+03
5.216000000000000000e+03
5.216000000000000000e+03
5.216000000000000000e+03
5.211000000000000000e+03
5.211000000000000000e+03
5.211000000000000000e+03
5.191000000000000000e+03
5.185000000000000000e+03
5.185000000000000000e+03
5.185000000000000000e+03
5.185000000000000000e+03
5.185000000000000000e+03
5.185000000000000000e+03
5.185000000000000000e+03
5.185000000000000000e+03
5.185000000000000000e+03
5.185000000000000000e+03
5.185000000000000000e+03
5.185000000000000000e+03
5.185000000000000000e+03
5.185000000000000000e+03
5.185000000000000000e+03
5.151000000000000000e+03
4.293000000000000000e+03
4.293000000000000000e+03
4.310000000000000000e+03
5.270000000000000000e+03
4.310000000000000000e+03
4.310000000000000000e+03
4.310000000000000000e+03
4.310000000000000000e+03
4.314000000000000000e+03
4.314000000000000000e+03
4.321000000000000000e+03
6.373000000000000000e+03
6.373000000000000000e+03
6.373000000000000000e+03
6.373000000000000000e+03
6.375000000000000000e+03
6.375000000000000000e+03
6.375000000000000000e+03
6.375000000000000000e+03
6.379000000000000000e+03
6.379000000000000000e+03
6.379000000000000000e+03
6.379000000000000000e+03
6.378000000000000000e+03
6.378000000000000000e+03
6.378000000000000000e+03
6.371000000000000000e+03
6.371000000000000000e+03
6.371000000000000000e+03
6.372000000000000000e+03
6.372000000000000000e+03
6.370000000000000000e+03
6.370000000000000000e+03
6.370000000000000000e+03
6.367000000000000000e+03
6.367000000000000000e+03
6.367000000000000000e+03
6.366000000000000000e+03
6.366000000000000000e+03
6.366000000000000000e+03
6.366000000000000000e+03
6.366000000000000000e+03
6.366000000000000000e+03
6.366000000000000000e+03
6.366000000000000000e+03
6.366000000000000000e+03
6.366000000000000000e+03
6.366000000000000000e+03
6.366000000000000000e+03
6.368000000000000000e+03
6.368000000000000000e+03
6.368000000000000000e+03
6.367000000000000000e+03
6.367000000000000000e+03
6.367000000000000000e+03
6.367000000000000000e+03
6.367000000000000000e+03
6.367000000000000000e+03
6.367000000000000000e+03
6.366000000000000000e+03
6.366000000000000000e+03
6.366000000000000000e+03
6.361000000000000000e+03
6.358000000000000000e+03
6.358000000000000000e+03
6.358000000000000000e+03
6.358000000000000000e+03
6.358000000000000000e+03
6.356000000000000000e+03
6.356000000000000000e+03
6.356000000000000000e+03
6.356000000000000000e+03
6.356000000000000000e+03
6.356000000000000000e+03
6.356000000000000000e+03
6.356000000000000000e+03
6.360000000000000000e+03
6.369000000000000000e+03
6.369000000000000000e+03
6.369000000000000000e+03
6.369000000000000000e+03
6.369000000000000000e+03
6.369000000000000000e+03
6.369000000000000000e+03
6.369000000000000000e+03
6.369000000000000000e+03
6.371000000000000000e+03
6.371000000000000000e+03
6.371000000000000000e+03
6.371000000000000000e+03
6.371000000000000000e+03
6.371000000000000000e+03
6.371000000000000000e+03
6.371000000000000000e+03
6.371000000000000000e+03
6.371000000000000000e+03
6.371000000000000000e+03
6.371000000000000000e+03
6.371000000000000000e+03
6.371000000000000000e+03
6.371000000000000000e+03
6.371000000000000000e+03
6.371000000000000000e+03
6.371000000000000000e+03
6.371000000000000000e+03
6.360000000000000000e+03
6.358000000000000000e+03
6.361000000000000000e+03
6.361000000000000000e+03
6.361000000000000000e+03
6.361000000000000000e+03
6.361000000000000000e+03
6.361000000000000000e+03
6.361000000000000000e+03
6.361000000000000000e+03
6.361000000000000000e+03
6.361000000000000000e+03
6.361000000000000000e+03
6.361000000000000000e+03
6.361000000000000000e+03
6.361000000000000000e+03
6.361000000000000000e+03
6.362000000000000000e+03
6.362000000000000000e+03
6.364000000000000000e+03
6.364000000000000000e+03
6.364000000000000000e+03
6.364000000000000000e+03
6.364000000000000000e+03
6.364000000000000000e+03
6.364000000000000000e+03
6.364000000000000000e+03
6.364000000000000000e+03
6.364000000000000000e+03
6.364000000000000000e+03
6.364000000000000000e+03
6.364000000000000000e+03
6.364000000000000000e+03
6.364000000000000000e+03
6.364000000000000000e+03
6.364000000000000000e+03
6.364000000000000000e+03
6.364000000000000000e+03
6.362000000000000000e+03
6.362000000000000000e+03
6.362000000000000000e+03
6.362000000000000000e+03
6.362000000000000000e+03
6.357000000000000000e+03
6.357000000000000000e+03
6.356000000000000000e+03
6.356000000000000000e+03
6.370000000000000000e+03
6.370000000000000000e+03
6.370000000000000000e+03
6.370000000000000000e+03
6.370000000000000000e+03
6.370000000000000000e+03
6.370000000000000000e+03
6.370000000000000000e+03
6.382000000000000000e+03
6.384000000000000000e+03
6.384000000000000000e+03
6.384000000000000000e+03
6.381000000000000000e+03
6.385000000000000000e+03
6.384000000000000000e+03
6.384000000000000000e+03
6.384000000000000000e+03
6.384000000000000000e+03
6.384000000000000000e+03
6.384000000000000000e+03
6.381000000000000000e+03
6.381000000000000000e+03
6.381000000000000000e+03
6.381000000000000000e+03
6.381000000000000000e+03
6.381000000000000000e+03
6.381000000000000000e+03
6.381000000000000000e+03
6.379000000000000000e+03
6.379000000000000000e+03
6.379000000000000000e+03
6.379000000000000000e+03
6.379000000000000000e+03
6.379000000000000000e+03
6.379000000000000000e+03
6.378000000000000000e+03
6.378000000000000000e+03
6.378000000000000000e+03
6.378000000000000000e+03
6.378000000000000000e+03
6.378000000000000000e+03
6.378000000000000000e+03
6.378000000000000000e+03
6.378000000000000000e+03
6.378000000000000000e+03
6.378000000000000000e+03
6.380000000000000000e+03
6.380000000000000000e+03
6.380000000000000000e+03
6.380000000000000000e+03
6.380000000000000000e+03
6.380000000000000000e+03
6.380000000000000000e+03
6.380000000000000000e+03
6.380000000000000000e+03
6.380000000000000000e+03
6.380000000000000000e+03
6.380000000000000000e+03
6.380000000000000000e+03
6.380000000000000000e+03
6.380000000000000000e+03
6.380000000000000000e+03
6.380000000000000000e+03
6.380000000000000000e+03
6.380000000000000000e+03
6.380000000000000000e+03
6.378000000000000000e+03
6.378000000000000000e+03
6.378000000000000000e+03
6.378000000000000000e+03
6.378000000000000000e+03
6.378000000000000000e+03
6.378000000000000000e+03
6.378000000000000000e+03
6.378000000000000000e+03
6.378000000000000000e+03
6.378000000000000000e+03
6.378000000000000000e+03
6.378000000000000000e+03
6.378000000000000000e+03
6.378000000000000000e+03
6.378000000000000000e+03
6.378000000000000000e+03
6.378000000000000000e+03
6.380000000000000000e+03
6.380000000000000000e+03
6.380000000000000000e+03
6.380000000000000000e+03
6.380000000000000000e+03
6.380000000000000000e+03
6.380000000000000000e+03
6.380000000000000000e+03
6.380000000000000000e+03
6.380000000000000000e+03
6.380000000000000000e+03
6.380000000000000000e+03
6.380000000000000000e+03
6.380000000000000000e+03
6.380000000000000000e+03
6.380000000000000000e+03
6.380000000000000000e+03
6.380000000000000000e+03
6.380000000000000000e+03
6.380000000000000000e+03
6.378000000000000000e+03
6.378000000000000000e+03
6.378000000000000000e+03
6.378000000000000000e+03
6.378000000000000000e+03
6.378000000000000000e+03
6.378000000000000000e+03
6.378000000000000000e+03
6.378000000000000000e+03
6.378000000000000000e+03
6.378000000000000000e+03
6.378000000000000000e+03
6.378000000000000000e+03
6.378000000000000000e+03
6.378000000000000000e+03
6.378000000000000000e+03
6.378000000000000000e+03
6.378000000000000000e+03
6.380000000000000000e+03
6.380000000000000000e+03
6.380000000000000000e+03
6.380000000000000000e+03
6.380000000000000000e+03
6.380000000000000000e+03
6.380000000000000000e+03
6.380000000000000000e+03
6.380000000000000000e+03
6.380000000000000000e+03
6.380000000000000000e+03
6.380000000000000000e+03
6.380000000000000000e+03
6.380000000000000000e+03
6.380000000000000000e+03
6.380000000000000000e+03
6.380000000000000000e+03
6.380000000000000000e+03
6.380000000000000000e+03
6.378000000000000000e+03
6.378000000000000000e+03
6.378000000000000000e+03
6.378000000000000000e+03
6.378000000000000000e+03
6.378000000000000000e+03
6.378000000000000000e+03
6.378000000000000000e+03
6.378000000000000000e+03
6.378000000000000000e+03
6.384000000000000000e+03
6.384000000000000000e+03
6.384000000000000000e+03
6.384000000000000000e+03
6.384000000000000000e+03
6.383000000000000000e+03
6.383000000000000000e+03
6.383000000000000000e+03
6.385000000000000000e+03
6.385000000000000000e+03
6.385000000000000000e+03
6.385000000000000000e+03
6.385000000000000000e+03
6.385000000000000000e+03
6.382000000000000000e+03
6.382000000000000000e+03
6.382000000000000000e+03
6.382000000000000000e+03
6.382000000000000000e+03
6.382000000000000000e+03
6.382000000000000000e+03
6.378000000000000000e+03
6.378000000000000000e+03
6.378000000000000000e+03
6.378000000000000000e+03
6.378000000000000000e+03
6.378000000000000000e+03
6.376000000000000000e+03
6.376000000000000000e+03
6.376000000000000000e+03
6.376000000000000000e+03
6.376000000000000000e+03
6.376000000000000000e+03
6.376000000000000000e+03
6.376000000000000000e+03
6.376000000000000000e+03
6.376000000000000000e+03
6.376000000000000000e+03
6.376000000000000000e+03
6.376000000000000000e+03
6.376000000000000000e+03
6.376000000000000000e+03
6.376000000000000000e+03
6.376000000000000000e+03
6.376000000000000000e+03
6.338000000000000000e+03
6.378000000000000000e+03
6.378000000000000000e+03
6.378000000000000000e+03
6.378000000000000000e+03
6.378000000000000000e+03
6.378000000000000000e+03
6.378000000000000000e+03
6.378000000000000000e+03
6.378000000000000000e+03
6.378000000000000000e+03
6.378000000000000000e+03
6.378000000000000000e+03
6.378000000000000000e+03
6.378000000000000000e+03
6.378000000000000000e+03
6.378000000000000000e+03
6.378000000000000000e+03
6.378000000000000000e+03
6.378000000000000000e+03
6.376000000000000000e+03
6.376000000000000000e+03
6.376000000000000000e+03
6.376000000000000000e+03
6.376000000000000000e+03
6.376000000000000000e+03
6.376000000000000000e+03
6.376000000000000000e+03
6.376000000000000000e+03
6.376000000000000000e+03
6.376000000000000000e+03
6.376000000000000000e+03
6.376000000000000000e+03
6.376000000000000000e+03
6.376000000000000000e+03
6.376000000000000000e+03
6.376000000000000000e+03
6.376000000000000000e+03
6.378000000000000000e+03
6.378000000000000000e+03
6.378000000000000000e+03
6.378000000000000000e+03
6.378000000000000000e+03
6.378000000000000000e+03
6.378000000000000000e+03
6.378000000000000000e+03
6.378000000000000000e+03
6.378000000000000000e+03
6.378000000000000000e+03
6.378000000000000000e+03
6.378000000000000000e+03
6.378000000000000000e+03
6.378000000000000000e+03
6.378000000000000000e+03
6.378000000000000000e+03
6.378000000000000000e+03
6.378000000000000000e+03
6.378000000000000000e+03
6.376000000000000000e+03
6.376000000000000000e+03
6.376000000000000000e+03
6.376000000000000000e+03
6.376000000000000000e+03
6.376000000000000000e+03
6.376000000000000000e+03
6.376000000000000000e+03
6.376000000000000000e+03
6.376000000000000000e+03
6.376000000000000000e+03
6.376000000000000000e+03
6.376000000000000000e+03
6.376000000000000000e+03
6.376000000000000000e+03
6.376000000000000000e+03
6.376000000000000000e+03
6.370000000000000000e+03
6.357000000000000000e+03
6.357000000000000000e+03
6.357000000000000000e+03
6.357000000000000000e+03
6.334000000000000000e+03
6.334000000000000000e+03
6.334000000000000000e+03
6.334000000000000000e+03
6.334000000000000000e+03
6.334000000000000000e+03
6.330000000000000000e+03
6.330000000000000000e+03
6.360000000000000000e+03
6.365000000000000000e+03
6.365000000000000000e+03
6.366000000000000000e+03
6.366000000000000000e+03
6.366000000000000000e+03
6.370000000000000000e+03
6.370000000000000000e+03
6.374000000000000000e+03
6.370000000000000000e+03
6.370000000000000000e+03
6.370000000000000000e+03
6.370000000000000000e+03
6.370000000000000000e+03
6.370000000000000000e+03
6.370000000000000000e+03
6.370000000000000000e+03
6.370000000000000000e+03
6.370000000000000000e+03
6.370000000000000000e+03
6.370000000000000000e+03
6.370000000000000000e+03
6.370000000000000000e+03
6.370000000000000000e+03
6.372000000000000000e+03
6.372000000000000000e+03
6.372000000000000000e+03
6.372000000000000000e+03
6.408000000000000000e+03
6.407000000000000000e+03
6.396000000000000000e+03
6.396000000000000000e+03
6.390000000000000000e+03
6.390000000000000000e+03
6.389000000000000000e+03
6.389000000000000000e+03
6.389000000000000000e+03
6.387000000000000000e+03
6.387000000000000000e+03
6.387000000000000000e+03
6.387000000000000000e+03
6.387000000000000000e+03
6.387000000000000000e+03
6.387000000000000000e+03
6.387000000000000000e+03
6.387000000000000000e+03
6.387000000000000000e+03
6.386000000000000000e+03
6.386000000000000000e+03
6.386000000000000000e+03
6.386000000000000000e+03
6.386000000000000000e+03
6.386000000000000000e+03
6.386000000000000000e+03
6.348000000000000000e+03
6.388000000000000000e+03
6.388000000000000000e+03
6.388000000000000000e+03
6.388000000000000000e+03
6.388000000000000000e+03
6.388000000000000000e+03
6.387000000000000000e+03
6.387000000000000000e+03
6.387000000000000000e+03
6.387000000000000000e+03
6.387000000000000000e+03
6.387000000000000000e+03
6.387000000000000000e+03
6.387000000000000000e+03
6.387000000000000000e+03
6.387000000000000000e+03
6.387000000000000000e+03
6.387000000000000000e+03
6.387000000000000000e+03
6.385000000000000000e+03
6.384000000000000000e+03
6.384000000000000000e+03
6.384000000000000000e+03
6.384000000000000000e+03
6.384000000000000000e+03
6.384000000000000000e+03
6.384000000000000000e+03
6.377000000000000000e+03
6.377000000000000000e+03
6.377000000000000000e+03
6.377000000000000000e+03
6.372000000000000000e+03
6.372000000000000000e+03
6.372000000000000000e+03
6.372000000000000000e+03
6.365000000000000000e+03
6.365000000000000000e+03
6.367000000000000000e+03
6.367000000000000000e+03
6.367000000000000000e+03
6.367000000000000000e+03
6.367000000000000000e+03
6.367000000000000000e+03
6.367000000000000000e+03
6.367000000000000000e+03
6.367000000000000000e+03
6.367000000000000000e+03
6.367000000000000000e+03
6.367000000000000000e+03
6.367000000000000000e+03
6.367000000000000000e+03
6.367000000000000000e+03
6.367000000000000000e+03
6.367000000000000000e+03
6.367000000000000000e+03
6.367000000000000000e+03
6.367000000000000000e+03
6.365000000000000000e+03
6.365000000000000000e+03
6.365000000000000000e+03
6.365000000000000000e+03
6.365000000000000000e+03
6.365000000000000000e+03
6.365000000000000000e+03
6.365000000000000000e+03
6.365000000000000000e+03
6.365000000000000000e+03
6.365000000000000000e+03
6.365000000000000000e+03
6.365000000000000000e+03
6.365000000000000000e+03
6.365000000000000000e+03
6.365000000000000000e+03
6.365000000000000000e+03
6.365000000000000000e+03
6.365000000000000000e+03
4.315000000000000000e+03
4.521000000000000000e+03
7.277000000000000000e+03
7.277000000000000000e+03
7.277000000000000000e+03
7.277000000000000000e+03
7.277000000000000000e+03
7.277000000000000000e+03
7.277000000000000000e+03
7.277000000000000000e+03
7.277000000000000000e+03
7.277000000000000000e+03
7.277000000000000000e+03
4.315000000000000000e+03
6.217000000000000000e+03
6.217000000000000000e+03
6.217000000000000000e+03
6.217000000000000000e+03
6.217000000000000000e+03
6.217000000000000000e+03
6.217000000000000000e+03
6.217000000000000000e+03
6.217000000000000000e+03
6.217000000000000000e+03
6.217000000000000000e+03
6.217000000000000000e+03
6.217000000000000000e+03
6.217000000000000000e+03
6.217000000000000000e+03
6.217000000000000000e+03
6.217000000000000000e+03
6.211000000000000000e+03
6.211000000000000000e+03
6.211000000000000000e+03
6.211000000000000000e+03
6.211000000000000000e+03
6.211000000000000000e+03
6.211000000000000000e+03
6.211000000000000000e+03
6.211000000000000000e+03
6.211000000000000000e+03
6.211000000000000000e+03
6.211000000000000000e+03
6.211000000000000000e+03
6.211000000000000000e+03
6.211000000000000000e+03
6.211000000000000000e+03
5.921000000000000000e+03
6.365000000000000000e+03
6.365000000000000000e+03
6.365000000000000000e+03
6.365000000000000000e+03
6.365000000000000000e+03
6.365000000000000000e+03
6.365000000000000000e+03
6.365000000000000000e+03
6.365000000000000000e+03
6.365000000000000000e+03
6.365000000000000000e+03
6.365000000000000000e+03
6.365000000000000000e+03
6.365000000000000000e+03
6.365000000000000000e+03
6.365000000000000000e+03
6.365000000000000000e+03
6.365000000000000000e+03
6.365000000000000000e+03
6.365000000000000000e+03
6.365000000000000000e+03
6.363000000000000000e+03
6.363000000000000000e+03
6.363000000000000000e+03
6.363000000000000000e+03
6.363000000000000000e+03
6.363000000000000000e+03
6.363000000000000000e+03
6.363000000000000000e+03
6.363000000000000000e+03
6.363000000000000000e+03
6.363000000000000000e+03
6.363000000000000000e+03
6.363000000000000000e+03
6.363000000000000000e+03
6.363000000000000000e+03
6.363000000000000000e+03
6.363000000000000000e+03
6.363000000000000000e+03
6.365000000000000000e+03
6.365000000000000000e+03
6.365000000000000000e+03
6.365000000000000000e+03
6.365000000000000000e+03
6.365000000000000000e+03
6.365000000000000000e+03
6.365000000000000000e+03
6.365000000000000000e+03
6.365000000000000000e+03
6.365000000000000000e+03
6.365000000000000000e+03
6.365000000000000000e+03
6.365000000000000000e+03
6.365000000000000000e+03
6.365000000000000000e+03
6.365000000000000000e+03
6.365000000000000000e+03
6.365000000000000000e+03
6.365000000000000000e+03
6.363000000000000000e+03
6.363000000000000000e+03
6.363000000000000000e+03
6.363000000000000000e+03
6.363000000000000000e+03
6.363000000000000000e+03
6.363000000000000000e+03
6.363000000000000000e+03
6.363000000000000000e+03
6.363000000000000000e+03
6.363000000000000000e+03
6.363000000000000000e+03
6.363000000000000000e+03
6.363000000000000000e+03
6.363000000000000000e+03
6.363000000000000000e+03
6.363000000000000000e+03
6.363000000000000000e+03
6.365000000000000000e+03
6.365000000000000000e+03
6.365000000000000000e+03
6.365000000000000000e+03
6.365000000000000000e+03
6.365000000000000000e+03
6.365000000000000000e+03
6.365000000000000000e+03
6.365000000000000000e+03
6.365000000000000000e+03
6.365000000000000000e+03
6.365000000000000000e+03
6.365000000000000000e+03
6.365000000000000000e+03
6.365000000000000000e+03
6.365000000000000000e+03
6.365000000000000000e+03
6.365000000000000000e+03
6.365000000000000000e+03
6.365000000000000000e+03
6.365000000000000000e+03
6.363000000000000000e+03
6.363000000000000000e+03
6.363000000000000000e+03
6.363000000000000000e+03
6.363000000000000000e+03
6.363000000000000000e+03
6.363000000000000000e+03
6.363000000000000000e+03
6.363000000000000000e+03
6.363000000000000000e+03
6.363000000000000000e+03
6.363000000000000000e+03
6.363000000000000000e+03
6.363000000000000000e+03
6.359000000000000000e+03
6.359000000000000000e+03
6.359000000000000000e+03
6.359000000000000000e+03
6.359000000000000000e+03
4.515000000000000000e+03
6.847000000000000000e+03
7.273000000000000000e+03
7.273000000000000000e+03
7.273000000000000000e+03
7.273000000000000000e+03
7.273000000000000000e+03
7.273000000000000000e+03
7.273000000000000000e+03
7.273000000000000000e+03
7.273000000000000000e+03
7.273000000000000000e+03
5.379000000000000000e+03
6.213000000000000000e+03
6.213000000000000000e+03
6.213000000000000000e+03
6.213000000000000000e+03
6.213000000000000000e+03
6.213000000000000000e+03
6.213000000000000000e+03
6.213000000000000000e+03
6.213000000000000000e+03
6.213000000000000000e+03
6.209000000000000000e+03
6.209000000000000000e+03
6.209000000000000000e+03
6.209000000000000000e+03
6.209000000000000000e+03
6.209000000000000000e+03
6.209000000000000000e+03
6.203000000000000000e+03
6.203000000000000000e+03
6.203000000000000000e+03
6.203000000000000000e+03
6.203000000000000000e+03
6.203000000000000000e+03
6.203000000000000000e+03
6.203000000000000000e+03
6.203000000000000000e+03
6.203000000000000000e+03
6.203000000000000000e+03
6.203000000000000000e+03
6.203000000000000000e+03
6.203000000000000000e+03
6.203000000000000000e+03
6.203000000000000000e+03
6.317000000000000000e+03
4.511000000000000000e+03
7.269000000000000000e+03
7.269000000000000000e+03
7.269000000000000000e+03
7.269000000000000000e+03
7.269000000000000000e+03
7.269000000000000000e+03
7.269000000000000000e+03
7.269000000000000000e+03
7.269000000000000000e+03
7.269000000000000000e+03
7.269000000000000000e+03
6.023000000000000000e+03
6.209000000000000000e+03
6.209000000000000000e+03
6.209000000000000000e+03
6.209000000000000000e+03
6.209000000000000000e+03
6.209000000000000000e+03
6.209000000000000000e+03
6.209000000000000000e+03
6.209000000000000000e+03
6.209000000000000000e+03
6.209000000000000000e+03
6.209000000000000000e+03
6.209000000000000000e+03
6.209000000000000000e+03
6.209000000000000000e+03
6.209000000000000000e+03
6.209000000000000000e+03
6.209000000000000000e+03
6.203000000000000000e+03
6.203000000000000000e+03
6.203000000000000000e+03
6.203000000000000000e+03
6.203000000000000000e+03
6.203000000000000000e+03
6.203000000000000000e+03
6.203000000000000000e+03
6.203000000000000000e+03
6.203000000000000000e+03
6.203000000000000000e+03
6.203000000000000000e+03
6.203000000000000000e+03
6.203000000000000000e+03
6.203000000000000000e+03
6.203000000000000000e+03
5.137000000000000000e+03
4.305000000000000000e+03
4.305000000000000000e+03
4.305000000000000000e+03
4.305000000000000000e+03
4.511000000000000000e+03
6.203000000000000000e+03
7.269000000000000000e+03
7.269000000000000000e+03
7.269000000000000000e+03
7.269000000000000000e+03
7.269000000000000000e+03
7.269000000000000000e+03
7.269000000000000000e+03
7.269000000000000000e+03
7.269000000000000000e+03
7.269000000000000000e+03
6.053000000000000000e+03
6.143000000000000000e+03
6.209000000000000000e+03
6.209000000000000000e+03
6.209000000000000000e+03
6.209000000000000000e+03
6.209000000000000000e+03
6.209000000000000000e+03
6.209000000000000000e+03
6.209000000000000000e+03
6.209000000000000000e+03
6.209000000000000000e+03
6.209000000000000000e+03
6.209000000000000000e+03
6.209000000000000000e+03
6.209000000000000000e+03
6.209000000000000000e+03
6.209000000000000000e+03
6.209000000000000000e+03
6.203000000000000000e+03
6.203000000000000000e+03
6.203000000000000000e+03
6.203000000000000000e+03
6.203000000000000000e+03
6.203000000000000000e+03
6.203000000000000000e+03
6.203000000000000000e+03
6.203000000000000000e+03
6.203000000000000000e+03
6.203000000000000000e+03
6.203000000000000000e+03
6.203000000000000000e+03
6.203000000000000000e+03
6.203000000000000000e+03
6.203000000000000000e+03
4.305000000000000000e+03
6.359000000000000000e+03
6.359000000000000000e+03
6.359000000000000000e+03
6.359000000000000000e+03
6.359000000000000000e+03
6.359000000000000000e+03
6.359000000000000000e+03
6.359000000000000000e+03
6.359000000000000000e+03
6.359000000000000000e+03
6.359000000000000000e+03
6.359000000000000000e+03
6.359000000000000000e+03
6.359000000000000000e+03
6.359000000000000000e+03
6.359000000000000000e+03
6.359000000000000000e+03
6.359000000000000000e+03
6.359000000000000000e+03
6.359000000000000000e+03
6.357000000000000000e+03
6.357000000000000000e+03
6.357000000000000000e+03
6.357000000000000000e+03
6.357000000000000000e+03
6.357000000000000000e+03
6.357000000000000000e+03
6.357000000000000000e+03
6.357000000000000000e+03
6.357000000000000000e+03
6.357000000000000000e+03
6.357000000000000000e+03
6.357000000000000000e+03
6.357000000000000000e+03
6.357000000000000000e+03
6.357000000000000000e+03
6.357000000000000000e+03
6.357000000000000000e+03
6.357000000000000000e+03
6.359000000000000000e+03
6.359000000000000000e+03
6.359000000000000000e+03
6.359000000000000000e+03
6.359000000000000000e+03
6.359000000000000000e+03
6.359000000000000000e+03
6.359000000000000000e+03
6.359000000000000000e+03
6.359000000000000000e+03
6.359000000000000000e+03
6.359000000000000000e+03
6.359000000000000000e+03
6.359000000000000000e+03
6.359000000000000000e+03
6.359000000000000000e+03
6.359000000000000000e+03
6.359000000000000000e+03
6.359000000000000000e+03
6.359000000000000000e+03
6.357000000000000000e+03
6.357000000000000000e+03
6.357000000000000000e+03
6.357000000000000000e+03
6.357000000000000000e+03
6.357000000000000000e+03
6.357000000000000000e+03
6.357000000000000000e+03
6.357000000000000000e+03
6.357000000000000000e+03
6.357000000000000000e+03
6.357000000000000000e+03
6.357000000000000000e+03
6.357000000000000000e+03
6.357000000000000000e+03
6.357000000000000000e+03
6.357000000000000000e+03
6.357000000000000000e+03
6.359000000000000000e+03
6.359000000000000000e+03
6.359000000000000000e+03
6.359000000000000000e+03
6.359000000000000000e+03
6.359000000000000000e+03
6.359000000000000000e+03
6.359000000000000000e+03
6.359000000000000000e+03
6.359000000000000000e+03
6.359000000000000000e+03
6.359000000000000000e+03
6.359000000000000000e+03
6.359000000000000000e+03
6.359000000000000000e+03
6.359000000000000000e+03
6.359000000000000000e+03
6.359000000000000000e+03
6.359000000000000000e+03
6.359000000000000000e+03
6.357000000000000000e+03
6.357000000000000000e+03
6.357000000000000000e+03
6.357000000000000000e+03
6.357000000000000000e+03
6.357000000000000000e+03
6.357000000000000000e+03
6.357000000000000000e+03
6.357000000000000000e+03
6.357000000000000000e+03
6.357000000000000000e+03
6.357000000000000000e+03
6.357000000000000000e+03
6.357000000000000000e+03
6.357000000000000000e+03
6.357000000000000000e+03
6.357000000000000000e+03
6.357000000000000000e+03
6.359000000000000000e+03
6.359000000000000000e+03
6.359000000000000000e+03
6.359000000000000000e+03
6.359000000000000000e+03
6.359000000000000000e+03
6.359000000000000000e+03
6.359000000000000000e+03
6.359000000000000000e+03
6.359000000000000000e+03
6.359000000000000000e+03
6.359000000000000000e+03
6.359000000000000000e+03
6.359000000000000000e+03
6.359000000000000000e+03
6.359000000000000000e+03
6.359000000000000000e+03
6.359000000000000000e+03
6.359000000000000000e+03
6.359000000000000000e+03
6.357000000000000000e+03
6.357000000000000000e+03
6.357000000000000000e+03
6.357000000000000000e+03
6.357000000000000000e+03
6.357000000000000000e+03
6.357000000000000000e+03
6.357000000000000000e+03
6.357000000000000000e+03
6.357000000000000000e+03
6.357000000000000000e+03
6.357000000000000000e+03
6.357000000000000000e+03
6.357000000000000000e+03
6.357000000000000000e+03
6.357000000000000000e+03
6.357000000000000000e+03
6.357000000000000000e+03
6.359000000000000000e+03
6.359000000000000000e+03
6.359000000000000000e+03
6.359000000000000000e+03
6.359000000000000000e+03
6.359000000000000000e+03
6.359000000000000000e+03
6.359000000000000000e+03
6.359000000000000000e+03
6.359000000000000000e+03
6.359000000000000000e+03
6.359000000000000000e+03
6.359000000000000000e+03
6.359000000000000000e+03
6.359000000000000000e+03
6.359000000000000000e+03
6.359000000000000000e+03
6.359000000000000000e+03
6.359000000000000000e+03
6.359000000000000000e+03
6.357000000000000000e+03
6.357000000000000000e+03
6.357000000000000000e+03
6.357000000000000000e+03
6.357000000000000000e+03
6.357000000000000000e+03
6.357000000000000000e+03
6.357000000000000000e+03
6.357000000000000000e+03
6.357000000000000000e+03
6.357000000000000000e+03
6.357000000000000000e+03
6.357000000000000000e+03
6.357000000000000000e+03
6.357000000000000000e+03
6.357000000000000000e+03
6.357000000000000000e+03
6.357000000000000000e+03
4.307000000000000000e+03
4.511000000000000000e+03
7.269000000000000000e+03
7.269000000000000000e+03
7.269000000000000000e+03
7.269000000000000000e+03
7.269000000000000000e+03
7.269000000000000000e+03
7.269000000000000000e+03
7.269000000000000000e+03
7.269000000000000000e+03
7.269000000000000000e+03
7.269000000000000000e+03
6.023000000000000000e+03
2.461000000000000000e+03
1.803000000000000000e+03
9.450000000000000000e+02
9.450000000000000000e+02
9.450000000000000000e+02
9.450000000000000000e+02
9.450000000000000000e+02
9.450000000000000000e+02
9.450000000000000000e+02
9.450000000000000000e+02
9.450000000000000000e+02
9.450000000000000000e+02
9.450000000000000000e+02
9.470000000000000000e+02
9.470000000000000000e+02
9.470000000000000000e+02
9.470000000000000000e+02
9.470000000000000000e+02
9.470000000000000000e+02
9.470000000000000000e+02
9.470000000000000000e+02
9.570000000000000000e+02
9.490000000000000000e+02
9.470000000000000000e+02
9.470000000000000000e+02
9.470000000000000000e+02
9.470000000000000000e+02
9.470000000000000000e+02
9.450000000000000000e+02
9.450000000000000000e+02
9.450000000000000000e+02
9.430000000000000000e+02
9.350000000000000000e+02
