0.000000000000000000e+00
1.991527080535888672e-01
3.707139492034912109e-01
5.097429752349853516e-01
6.595652103424072266e-01
8.158128261566162109e-01
9.698452949523925781e-01
1.120918273925781250e+00
1.282560348510742188e+00
1.422434091567993164e+00
1.558261871337890625e+00
1.696380138397216797e+00
1.837600708007812500e+00
1.977542877197265625e+00
2.123056888580322266e+00
2.259732961654663086e+00
2.395447254180908203e+00
2.528966903686523438e+00
2.675978183746337891e+00
2.815463066101074219e+00
2.949550151824951172e+00
3.083268880844116211e+00
3.219837427139282227e+00
3.354875087738037109e+00
3.492410182952880859e+00
3.636773109436035156e+00
3.775454521179199219e+00
3.915287494659423828e+00
4.051544427871704102e+00
4.190688371658325195e+00
4.324702978134155273e+00
4.462198495864868164e+00
4.604649543762207031e+00
4.744093656539916992e+00
4.884094238281250000e+00
5.023333787918090820e+00
5.179172039031982422e+00
5.315687894821166992e+00
5.476785421371459961e+00
5.614100456237792969e+00
5.757290363311767578e+00
5.898549795150756836e+00
6.038247823715209961e+00
6.173531532287597656e+00
6.341247558593750000e+00
6.530839443206787109e+00
6.684933662414550781e+00
6.826569080352783203e+00
6.967632532119750977e+00
7.104910373687744141e+00
7.251708030700683594e+00
7.392835855484008789e+00
7.531971693038940430e+00
7.674079656600952148e+00
7.809056520462036133e+00
7.942739725112915039e+00
8.080068588256835938e+00
8.215889692306518555e+00
8.366839647293090820e+00
8.503355979919433594e+00
8.661342859268188477e+00
8.813151836395263672e+00
8.955240488052368164e+00
9.091094732284545898e+00
9.224316835403442383e+00
9.360820531845092773e+00
9.501327276229858398e+00
9.641688823699951172e+00
9.792889595031738281e+00
9.930222272872924805e+00
1.007466936111450195e+01
1.021990871429443359e+01
1.035842776298522949e+01
1.049639797210693359e+01
1.063495230674743652e+01
1.077662658691406250e+01
1.091364622116088867e+01
1.105000066757202148e+01
1.119301986694335938e+01
1.133350896835327148e+01
1.147371053695678711e+01
1.161271047592163086e+01
1.175522685050964355e+01
1.189251899719238281e+01
1.203062582015991211e+01
1.216671085357666016e+01
1.230552840232849121e+01
1.244840884208679199e+01
1.258382272720336914e+01
1.272205972671508789e+01
1.285968375205993652e+01
1.299501347541809082e+01
1.313168072700500488e+01
1.326906895637512207e+01
1.341072702407836914e+01
1.354662156105041504e+01
1.368394351005554199e+01
1.383024930953979492e+01
1.398464465141296387e+01
1.412728881835937500e+01
1.426119065284729004e+01
1.440831732749938965e+01
1.454295897483825684e+01
1.468197989463806152e+01
1.483343267440795898e+01
1.498781347274780273e+01
1.512730860710144043e+01
1.526381564140319824e+01
1.540968775749206543e+01
1.555085182189941406e+01
1.569023084640502930e+01
1.584173917770385742e+01
1.598414897918701172e+01
1.614211916923522949e+01
1.627941465377807617e+01
1.642533326148986816e+01
1.656352782249450684e+01
1.669911432266235352e+01
1.685182499885559082e+01
1.699400162696838379e+01
1.713886165618896484e+01
1.728004670143127441e+01
1.743965077400207520e+01
1.758028268814086914e+01
1.771809720993041992e+01
1.786309123039245605e+01
1.801108884811401367e+01
1.815186953544616699e+01
1.829299592971801758e+01
1.843065667152404785e+01
1.857038307189941406e+01
1.870917272567749023e+01
1.886155724525451660e+01
1.900035023689270020e+01
1.914055490493774414e+01
1.928300023078918457e+01
1.942296409606933594e+01
1.956721019744873047e+01
1.970164799690246582e+01
1.986234736442565918e+01
2.000600194931030273e+01
2.015426325798034668e+01
2.030284452438354492e+01
2.045174217224121094e+01
2.058958077430725098e+01
2.073127532005310059e+01
2.087923622131347656e+01
2.101799845695495605e+01
2.115891814231872559e+01
2.129771327972412109e+01
2.143879318237304688e+01
2.157586956024169922e+01
2.171068334579467773e+01
2.184951448440551758e+01
2.198642826080322266e+01
2.212504196166992188e+01
2.226304101943969727e+01
2.239991044998168945e+01
2.253566575050354004e+01
2.267166781425476074e+01
2.281200432777404785e+01
2.294810152053833008e+01
2.308509755134582520e+01
2.321965622901916504e+01
2.335737276077270508e+01
2.349535369873046875e+01
2.363824367523193359e+01
2.377330803871154785e+01
2.391544008255004883e+01
2.405101418495178223e+01
2.419709086418151855e+01
2.439274191856384277e+01
2.452697086334228516e+01
2.466719818115234375e+01
2.480211091041564941e+01
2.493554306030273438e+01
2.509373164176940918e+01
2.526884007453918457e+01
2.540638637542724609e+01
2.555050301551818848e+01
2.568800854682922363e+01
2.582452797889709473e+01
2.596539235115051270e+01
2.610547494888305664e+01
2.624121570587158203e+01
2.637572932243347168e+01
2.651793193817138672e+01
2.665162134170532227e+01
2.678688097000122070e+01
2.692396235466003418e+01
2.705928206443786621e+01
2.719417738914489746e+01
2.733332085609436035e+01
2.747205090522766113e+01
2.761278080940246582e+01
2.775033402442932129e+01
2.789503955841064453e+01
2.803550767898559570e+01
2.817193770408630371e+01
2.830599641799926758e+01
2.844436788558959961e+01
2.858015823364257812e+01
2.872551465034484863e+01
2.886319780349731445e+01
2.899743533134460449e+01
2.913007354736328125e+01
2.927539587020874023e+01
2.941290521621704102e+01
2.954926204681396484e+01
2.968172621726989746e+01
2.981855487823486328e+01
2.995461869239807129e+01
3.009236025810241699e+01
3.024981021881103516e+01
3.038451027870178223e+01
3.052047514915466309e+01
3.065477991104125977e+01
3.078828167915344238e+01
3.093973779678344727e+01
3.107462882995605469e+01
3.120935153961181641e+01
3.135130691528320312e+01
3.148526573181152344e+01
3.162255978584289551e+01
3.176712679862976074e+01
3.190325403213500977e+01
3.204951620101928711e+01
3.218402028083801270e+01
3.231815791130065918e+01
3.245356225967407227e+01
3.258830356597900391e+01
3.272276496887207031e+01
3.286021852493286133e+01
3.299997496604919434e+01
3.313921976089477539e+01
3.327409672737121582e+01
3.341257858276367188e+01
3.355321979522705078e+01
3.369264245033264160e+01
3.382849216461181641e+01
3.397009658813476562e+01
3.410588407516479492e+01
3.424448943138122559e+01
3.438071274757385254e+01
3.452352333068847656e+01
3.467811655998229980e+01
3.481551694869995117e+01
3.494979405403137207e+01
3.508596658706665039e+01
3.522265434265136719e+01
3.535874080657958984e+01
3.549970078468322754e+01
3.563727188110351562e+01
3.577137279510498047e+01
3.590574240684509277e+01
3.604613685607910156e+01
3.618231821060180664e+01
3.631917548179626465e+01
3.645742034912109375e+01
3.659536314010620117e+01
3.673073792457580566e+01
3.687881112098693848e+01
3.702056431770324707e+01
3.715782690048217773e+01
3.729480051994323730e+01
3.743242597579956055e+01
3.757364797592163086e+01
3.771731233596801758e+01
3.785203933715820312e+01
3.799038910865783691e+01
3.813246941566467285e+01
3.827353239059448242e+01
3.840786457061767578e+01
3.854176330566406250e+01
3.868723177909851074e+01
3.882695150375366211e+01
3.896702384948730469e+01
3.910844540596008301e+01
3.925534510612487793e+01
3.939351344108581543e+01
3.952892541885375977e+01
3.967428183555603027e+01
3.981132984161376953e+01
3.995619416236877441e+01
4.013283681869506836e+01
4.026651048660278320e+01
4.040136075019836426e+01
4.054059195518493652e+01
4.067669606208801270e+01
4.081406593322753906e+01
4.095153355598449707e+01
4.109498739242553711e+01
4.123453927040100098e+01
4.137054705619812012e+01
4.152091264724731445e+01
4.165930843353271484e+01
4.179544019699096680e+01
4.193143534660339355e+01
4.206791996955871582e+01
4.220193815231323242e+01
4.234643673896789551e+01
4.248122882843017578e+01
4.261514425277709961e+01
4.276483416557312012e+01
4.290059375762939453e+01
4.303954362869262695e+01
4.317433238029479980e+01
4.330874729156494141e+01
4.344361352920532227e+01
4.357734847068786621e+01
4.371444940567016602e+01
4.384854578971862793e+01
4.398309659957885742e+01
4.411632490158081055e+01
4.426107764244079590e+01
4.439649796485900879e+01
4.453047180175781250e+01
4.466591143608093262e+01
4.480135488510131836e+01
4.493394637107849121e+01
4.507493543624877930e+01
4.520888757705688477e+01
4.534267473220825195e+01
4.548329496383666992e+01
4.563161587715148926e+01
4.576651263236999512e+01
4.590124034881591797e+01
4.603542923927307129e+01
4.617121481895446777e+01
4.630359601974487305e+01
4.643896245956420898e+01
4.657736730575561523e+01
4.671042060852050781e+01
4.685174107551574707e+01
4.699308848381042480e+01
4.713517642021179199e+01
4.727092719078063965e+01
4.740616822242736816e+01
4.755723381042480469e+01
4.769487929344177246e+01
4.784303760528564453e+01
4.797780823707580566e+01
4.811166024208068848e+01
4.824735164642333984e+01
4.838307595252990723e+01
4.852049064636230469e+01
4.865244960784912109e+01
4.878577017784118652e+01
4.892180681228637695e+01
4.905849123001098633e+01
4.919462347030639648e+01
4.933187055587768555e+01
4.947025895118713379e+01
4.960674238204956055e+01
4.974320006370544434e+01
4.988301157951354980e+01
5.003990435600280762e+01
5.017700409889221191e+01
5.031353306770324707e+01
5.044518446922302246e+01
5.057807564735412598e+01
5.071137189865112305e+01
5.084735298156738281e+01
5.098553180694580078e+01
5.111905217170715332e+01
5.125245475769042969e+01
5.138838267326354980e+01
5.152538537979125977e+01
5.165736532211303711e+01
5.179218840599060059e+01
5.193080449104309082e+01
5.206607270240783691e+01
5.220960998535156250e+01
5.234327101707458496e+01
5.247894668579101562e+01
5.261233305931091309e+01
5.274561786651611328e+01
5.287980651855468750e+01
5.301235103607177734e+01
5.314519929885864258e+01
5.327725267410278320e+01
5.341164970397949219e+01
5.355216765403747559e+01
5.369303011894226074e+01
5.383431959152221680e+01
5.396922445297241211e+01
5.410821270942687988e+01
5.425061702728271484e+01
5.439333033561706543e+01
5.452877354621887207e+01
5.466332769393920898e+01
5.479996323585510254e+01
5.493590402603149414e+01
5.507145357131958008e+01
5.520713806152343750e+01
5.534668374061584473e+01
5.548122262954711914e+01
5.561521959304809570e+01
5.575715398788452148e+01
5.589614844322204590e+01
5.603782343864440918e+01
5.617746663093566895e+01
5.631368494033813477e+01
5.645413637161254883e+01
5.659394955635070801e+01
5.673497223854064941e+01
5.688342881202697754e+01
5.701918077468872070e+01
5.716079831123352051e+01
5.729777669906616211e+01
5.744381070137023926e+01
5.758475112915039062e+01
5.772082304954528809e+01
5.785636568069458008e+01
5.799227643013000488e+01
5.812705373764038086e+01
5.827017974853515625e+01
5.840545749664306641e+01
5.854160308837890625e+01
5.867583394050598145e+01
5.881064176559448242e+01
5.894644260406494141e+01
5.908038091659545898e+01
5.921405911445617676e+01
5.934836673736572266e+01
5.949053096771240234e+01
5.962751460075378418e+01
5.976007533073425293e+01
5.989578175544738770e+01
6.003870439529418945e+01
6.017435288429260254e+01
6.030827951431274414e+01
6.044113826751708984e+01
6.057460355758666992e+01
6.071015334129333496e+01
6.084161019325256348e+01
6.097439694404602051e+01
6.110734128952026367e+01
6.124058103561401367e+01
6.137481760978698730e+01
6.150849008560180664e+01
6.164269208908081055e+01
6.177773809432983398e+01
6.191659235954284668e+01
6.205504512786865234e+01
6.224968409538269043e+01
6.238588023185729980e+01
6.252203989028930664e+01
6.266169476509094238e+01
6.280022668838500977e+01
6.293955993652343750e+01
6.308143734931945801e+01
6.325976443290710449e+01
6.344323968887329102e+01
6.361212635040283203e+01
6.376940917968750000e+01
6.390369415283203125e+01
6.404028105735778809e+01
6.417619299888610840e+01
6.430941581726074219e+01
6.444279098510742188e+01
6.457994985580444336e+01
6.472385311126708984e+01
6.485875105857849121e+01
6.499367690086364746e+01
6.512988924980163574e+01
6.526526594161987305e+01
6.540175342559814453e+01
6.553537607192993164e+01
6.566776990890502930e+01
6.580657291412353516e+01
6.594021725654602051e+01
6.608001565933227539e+01
6.621805930137634277e+01
6.635755562782287598e+01
6.649262595176696777e+01
6.662830781936645508e+01
6.676258969306945801e+01
6.689638376235961914e+01
6.703496408462524414e+01
6.717283368110656738e+01
6.731137633323669434e+01
6.745373654365539551e+01
6.758782815933227539e+01
6.774099707603454590e+01
6.788120961189270020e+01
6.803340578079223633e+01
6.816776728630065918e+01
6.830231642723083496e+01
6.844578719139099121e+01
6.858117890357971191e+01
6.872009253501892090e+01
6.885744667053222656e+01
6.901275491714477539e+01
6.915541529655456543e+01
6.929064416885375977e+01
6.944453644752502441e+01
6.958011960983276367e+01
6.971953034400939941e+01
6.986591386795043945e+01
7.000208449363708496e+01
7.014019227027893066e+01
7.027440714836120605e+01
7.040769052505493164e+01
7.054205417633056641e+01
7.067302775382995605e+01
7.080765295028686523e+01
7.094228243827819824e+01
7.107673048973083496e+01
7.121339106559753418e+01
7.135137462615966797e+01
7.149131703376770020e+01
7.162652826309204102e+01
7.176265978813171387e+01
7.189569735527038574e+01
7.203597521781921387e+01
7.217313456535339355e+01
7.233903622627258301e+01
7.247757863998413086e+01
7.261533379554748535e+01
7.275921678543090820e+01
7.289147162437438965e+01
7.303547215461730957e+01
7.316988062858581543e+01
7.330566620826721191e+01
7.344185996055603027e+01
7.357558846473693848e+01
7.371092176437377930e+01
7.384573292732238770e+01
7.398109340667724609e+01
7.411638665199279785e+01
7.425234699249267578e+01
7.439152288436889648e+01
7.452924060821533203e+01
7.466582250595092773e+01
7.480005455017089844e+01
7.493747544288635254e+01
7.507911229133605957e+01
7.523108887672424316e+01
7.536965441703796387e+01
7.550651621818542480e+01
7.564441967010498047e+01
7.578632283210754395e+01
7.592518997192382812e+01
7.605923676490783691e+01
7.619608640670776367e+01
7.632915973663330078e+01
7.646356058120727539e+01
7.659771704673767090e+01
7.673385596275329590e+01
7.687438821792602539e+01
7.701382064819335938e+01
7.714898872375488281e+01
7.728512573242187500e+01
7.742329692840576172e+01
7.756076574325561523e+01
7.769773650169372559e+01
7.784072136878967285e+01
7.797534441947937012e+01
7.811194658279418945e+01
7.825081443786621094e+01
7.838517618179321289e+01
7.852904391288757324e+01
7.868593811988830566e+01
7.883481168746948242e+01
7.897746419906616211e+01
7.913898515701293945e+01
7.927562046051025391e+01
7.942658114433288574e+01
7.957440948486328125e+01
7.971111392974853516e+01
7.985342836380004883e+01
7.999274182319641113e+01
8.013085103034973145e+01
8.026839399337768555e+01
8.040513634681701660e+01
8.054180192947387695e+01
8.068429374694824219e+01
8.082979393005371094e+01
8.096477413177490234e+01
8.109881854057312012e+01
8.123305678367614746e+01
8.136976957321166992e+01
8.150631618499755859e+01
8.164068341255187988e+01
8.178406834602355957e+01
8.191741037368774414e+01
8.205141782760620117e+01
8.218317890167236328e+01
8.232064533233642578e+01
8.252489948272705078e+01
8.266386485099792480e+01
8.280047512054443359e+01
8.293554687500000000e+01
8.307223844528198242e+01
8.320636391639709473e+01
8.334203743934631348e+01
8.347626852989196777e+01
8.361083054542541504e+01
8.375131583213806152e+01
8.388428592681884766e+01
8.402105021476745605e+01
8.415624737739562988e+01
8.429394483566284180e+01
8.442903947830200195e+01
8.456359982490539551e+01
8.469926524162292480e+01
8.483429479598999023e+01
8.496965360641479492e+01
8.511104178428649902e+01
8.525088977813720703e+01
8.538676357269287109e+01
8.552337288856506348e+01
8.565897059440612793e+01
8.579336929321289062e+01
8.592954659461975098e+01
8.606409192085266113e+01
8.619738674163818359e+01
8.633896064758300781e+01
8.648282623291015625e+01
8.662278866767883301e+01
8.675752258300781250e+01
8.689181399345397949e+01
8.703712892532348633e+01
8.717452907562255859e+01
8.731524348258972168e+01
8.745164752006530762e+01
8.758511447906494141e+01
8.772360920906066895e+01
8.786344075202941895e+01
8.799966979026794434e+01
8.813489866256713867e+01
8.826921081542968750e+01
8.840314459800720215e+01
8.853881812095642090e+01
8.867372584342956543e+01
8.880901622772216797e+01
8.894642591476440430e+01
8.908128547668457031e+01
8.921683454513549805e+01
8.935077309608459473e+01
8.948596000671386719e+01
8.962772464752197266e+01
8.976452755928039551e+01
8.989900851249694824e+01
9.003473520278930664e+01
9.016897702217102051e+01
9.030138516426086426e+01
9.043675780296325684e+01
9.057166337966918945e+01
9.070437645912170410e+01
9.084121632575988770e+01
9.097562384605407715e+01
9.111319875717163086e+01
9.124761581420898438e+01
9.138385796546936035e+01
9.151897478103637695e+01
9.184608864784240723e+01
9.198302578926086426e+01
9.211679339408874512e+01
9.225628876686096191e+01
9.239182209968566895e+01
9.252822446823120117e+01
9.266252279281616211e+01
9.280415010452270508e+01
9.294173645973205566e+01
9.307744765281677246e+01
9.321144676208496094e+01
9.334782385826110840e+01
9.348796796798706055e+01
9.363129067420959473e+01
9.377656245231628418e+01
9.390888023376464844e+01
9.405476260185241699e+01
9.419535851478576660e+01
9.433251285552978516e+01
9.446877813339233398e+01
9.460385823249816895e+01
9.474795174598693848e+01
9.488864231109619141e+01
9.502392959594726562e+01
9.516168498992919922e+01
9.529633212089538574e+01
9.543057179450988770e+01
9.556501913070678711e+01
9.570806527137756348e+01
9.584211802482604980e+01
9.597762084007263184e+01
9.611109638214111328e+01
9.624839663505554199e+01
9.638256382942199707e+01
9.651638054847717285e+01
9.665123414993286133e+01
9.678468084335327148e+01
9.692230319976806641e+01
9.705818223953247070e+01
9.719340419769287109e+01
9.732865309715270996e+01
9.746532058715820312e+01
9.760203456878662109e+01
9.773696899414062500e+01
9.787065291404724121e+01
9.800645995140075684e+01
9.814121866226196289e+01
9.827298712730407715e+01
9.842565870285034180e+01
9.856328511238098145e+01
9.869640707969665527e+01
9.882928371429443359e+01
9.896628093719482422e+01
9.910067629814147949e+01
9.923556876182556152e+01
9.937028074264526367e+01
9.950970005989074707e+01
9.967221403121948242e+01
9.982055377960205078e+01
9.995546293258666992e+01
1.000907597541809082e+02
1.002316725254058838e+02
1.003664832115173340e+02
1.005126154422760010e+02
1.006515858173370361e+02
1.007890360355377197e+02
1.009254844188690186e+02
1.010605072975158691e+02
1.011952741146087646e+02
1.013480961322784424e+02
1.014828352928161621e+02
1.016205179691314697e+02
1.017566449642181396e+02
1.018923149108886719e+02
1.020305225849151611e+02
1.021633470058441162e+02
1.022963852882385254e+02
1.024290337562561035e+02
1.025633478164672852e+02
1.026991541385650635e+02
1.028457455635070801e+02
1.029813814163208008e+02
1.031209661960601807e+02
1.032565798759460449e+02
1.033917558193206787e+02
1.035303232669830322e+02
1.036683228015899658e+02
1.038090565204620361e+02
1.039493503570556641e+02
1.040837833881378174e+02
1.042192065715789795e+02
1.043560841083526611e+02
1.044896490573883057e+02
1.046247382164001465e+02
1.047638397216796875e+02
1.048993499279022217e+02
1.050385897159576416e+02
1.051756780147552490e+02
1.053143992424011230e+02
1.054494400024414062e+02
1.055913801193237305e+02
1.057292585372924805e+02
1.058692052364349365e+02
1.060193798542022705e+02
1.061562752723693848e+02
1.062920155525207520e+02
1.064265832901000977e+02
1.065600078105926514e+02
1.066965599060058594e+02
1.068338263034820557e+02
1.069705312252044678e+02
1.071102468967437744e+02
1.072448151111602783e+02
1.073974020481109619e+02
1.075328526496887207e+02
1.076674053668975830e+02
1.078033859729766846e+02
1.079401106834411621e+02
1.080915784835815430e+02
1.082269742488861084e+02
1.083621180057525635e+02
1.084973528385162354e+02
1.086322617530822754e+02
1.087677290439605713e+02
1.089044158458709717e+02
1.090436162948608398e+02
1.091812179088592529e+02
1.093180592060089111e+02
1.094532892704010010e+02
1.095885241031646729e+02
1.097331125736236572e+02
1.098721485137939453e+02
1.100128657817840576e+02
1.101510574817657471e+02
1.102882709503173828e+02
1.104273138046264648e+02
1.105666763782501221e+02
1.107094972133636475e+02
1.108529307842254639e+02
1.109932527542114258e+02
1.111316075325012207e+02
1.112701005935668945e+02
1.114237008094787598e+02
1.115623674392700195e+02
1.116995623111724854e+02
1.118445184230804443e+02
1.119798066616058350e+02
1.121215848922729492e+02
1.122606685161590576e+02
1.124223666191101074e+02
1.125597229003906250e+02
1.126992871761322021e+02
1.128387224674224854e+02
1.129734694957733154e+02
1.131113605499267578e+02
1.132497365474700928e+02
1.133860714435577393e+02
1.135217177867889404e+02
1.136616463661193848e+02
1.138029069900512695e+02
1.139387948513031006e+02
1.140740456581115723e+02
1.142189693450927734e+02
1.143561735153198242e+02
1.144928007125854492e+02
1.146308264732360840e+02
1.147660610675811768e+02
1.149025931358337402e+02
1.150411643981933594e+02
1.151776263713836670e+02
1.153120601177215576e+02
1.154501891136169434e+02
1.155886104106903076e+02
1.157412147521972656e+02
1.158968763351440430e+02
1.160398526191711426e+02
1.161782493591308594e+02
1.163199491500854492e+02
1.164561638832092285e+02
1.165899100303649902e+02
1.167257831096649170e+02
1.168692584037780762e+02
1.170096397399902344e+02
1.171531102657318115e+02
1.172877984046936035e+02
1.174224109649658203e+02
1.175596916675567627e+02
1.176951661109924316e+02
1.178342745304107666e+02
1.179798870086669922e+02
1.181152887344360352e+02
1.182607359886169434e+02
1.183954491615295410e+02
1.185361959934234619e+02
1.186756446361541748e+02
1.188160798549652100e+02
1.189540634155273438e+02
1.190895075798034668e+02
1.192370204925537109e+02
1.193729541301727295e+02
1.195119926929473877e+02
1.196496026515960693e+02
1.198014745712280273e+02
1.199397859573364258e+02
1.200776956081390381e+02
1.202136793136596680e+02
1.203497083187103271e+02
1.204894034862518311e+02
1.206302702426910400e+02
1.207758541107177734e+02
1.209461619853973389e+02
1.210907230377197266e+02
1.212474551200866699e+02
1.213919425010681152e+02
1.215358004570007324e+02
1.216777031421661377e+02
1.218170008659362793e+02
1.219738602638244629e+02
1.221147463321685791e+02
1.222513720989227295e+02
1.223866627216339111e+02
1.225259554386138916e+02
1.226603291034698486e+02
1.227993814945220947e+02
1.229391362667083740e+02
1.230850694179534912e+02
1.232211468219757080e+02
1.233583598136901855e+02
1.234921686649322510e+02
1.236385314464569092e+02
1.237747097015380859e+02
1.239124701023101807e+02
1.240501229763031006e+02
1.241908047199249268e+02
1.243290612697601318e+02
1.244666581153869629e+02
1.246047759056091309e+02
1.247395501136779785e+02
1.248751015663146973e+02
1.250114195346832275e+02
1.251497895717620850e+02
1.252868092060089111e+02
1.254262917041778564e+02
1.255674364566802979e+02
1.257038679122924805e+02
1.258451380729675293e+02
1.259877474308013916e+02
1.261233339309692383e+02
1.262601921558380127e+02
1.263992953300476074e+02
1.265388822555541992e+02
1.266886272430419922e+02
1.268287541866302490e+02
1.269662313461303711e+02
1.271041994094848633e+02
1.272466936111450195e+02
1.273880832195281982e+02
1.275283963680267334e+02
1.276678214073181152e+02
1.278058369159698486e+02
1.279401967525482178e+02
1.280777230262756348e+02
1.282153031826019287e+02
1.283569924831390381e+02
1.284968950748443604e+02
1.286400668621063232e+02
1.287755801677703857e+02
1.289106183052062988e+02
1.290478756427764893e+02
1.291862070560455322e+02
1.293231325149536133e+02
1.294625754356384277e+02
1.296230077743530273e+02
1.297696421146392822e+02
1.299067602157592773e+02
1.300450313091278076e+02
1.301818222999572754e+02
1.303171172142028809e+02
1.304551637172698975e+02
1.305890192985534668e+02
1.307239689826965332e+02
1.308603196144104004e+02
1.310147576332092285e+02
1.311538553237915039e+02
1.312927560806274414e+02
1.314369564056396484e+02
1.315754981040954590e+02
1.317104551792144775e+02
1.318462340831756592e+02
1.319838945865631104e+02
1.321199777126312256e+02
1.322566947937011719e+02
1.323929255008697510e+02
1.325307786464691162e+02
1.326684906482696533e+02
1.328082602024078369e+02
1.329460854530334473e+02
1.330822811126708984e+02
1.332203979492187500e+02
1.333577718734741211e+02
1.334982266426086426e+02
1.336374862194061279e+02
1.337745752334594727e+02
1.339126300811767578e+02
1.340460121631622314e+02
1.341802093982696533e+02
1.343146767616271973e+02
1.344514622688293457e+02
1.345910449028015137e+02
1.347319600582122803e+02
1.348727383613586426e+02
1.350207276344299316e+02
1.351604101657867432e+02
1.353005158901214600e+02
1.354513275623321533e+02
1.356013634204864502e+02
1.357421934604644775e+02
1.358772349357604980e+02
1.360171303749084473e+02
1.361608307361602783e+02
1.362954714298248291e+02
1.364408442974090576e+02
1.365816540718078613e+02
1.367227425575256348e+02
1.368931388854980469e+02
1.370710413455963135e+02
1.372183361053466797e+02
1.373616666793823242e+02
1.375154757499694824e+02
1.376598587036132812e+02
1.378146407604217529e+02
1.379589006900787354e+02
1.380991451740264893e+02
1.382382147312164307e+02
1.383766856193542480e+02
1.385177490711212158e+02
1.386577444076538086e+02
1.388128645420074463e+02
1.389566316604614258e+02
1.390997028350830078e+02
1.392392115592956543e+02
1.393774769306182861e+02
1.395174052715301514e+02
1.396772000789642334e+02
1.398286342620849609e+02
1.399628248214721680e+02
1.400990574359893799e+02
1.402379887104034424e+02
1.403761534690856934e+02
1.405151968002319336e+02
1.406533684730529785e+02
1.407905395030975342e+02
1.409349789619445801e+02
1.410702893733978271e+02
1.412062120437622070e+02
1.413442590236663818e+02
1.414798357486724854e+02
1.416137893199920654e+02
1.417504427433013916e+02
1.418880105018615723e+02
1.420258426666259766e+02
1.421631011962890625e+02
1.422988402843475342e+02
1.424360718727111816e+02
1.425726115703582764e+02
1.427088491916656494e+02
1.428446109294891357e+02
1.429787554740905762e+02
1.431141083240509033e+02
1.432482597827911377e+02
1.433824117183685303e+02
1.435181758403778076e+02
1.436578919887542725e+02
1.438052313327789307e+02
1.439411172866821289e+02
1.440867948532104492e+02
1.442225172519683838e+02
1.443560240268707275e+02
1.444917874336242676e+02
1.446279478073120117e+02
1.447698388099670410e+02
1.449057564735412598e+02
1.450433614253997803e+02
1.451798427104949951e+02
1.453152756690979004e+02
1.454552946090698242e+02
1.455910191535949707e+02
1.457344725131988525e+02
1.458708496093750000e+02
1.460066273212432861e+02
1.461427278518676758e+02
1.462858412265777588e+02
1.464195301532745361e+02
1.465566880702972412e+02
1.466937055587768555e+02
1.468319697380065918e+02
1.469700584411621094e+02
1.471090009212493896e+02
1.472457962036132812e+02
1.473869791030883789e+02
1.475255477428436279e+02
1.476618490219116211e+02
1.478054895401000977e+02
1.479434432983398438e+02
1.480796761512756348e+02
1.482174549102783203e+02
1.483549785614013672e+02
1.484925620555877686e+02
1.486322681903839111e+02
1.487669005393981934e+02
1.489216125011444092e+02
1.490613152980804443e+02
1.492133767604827881e+02
1.493590810298919678e+02
1.494955279827117920e+02
1.496331503391265869e+02
1.497712004184722900e+02
1.499074578285217285e+02
1.500814235210418701e+02
1.502206366062164307e+02
1.503599362373352051e+02
1.504978511333465576e+02
1.506339933872222900e+02
1.507702639102935791e+02
1.509073221683502197e+02
1.510468947887420654e+02
1.511856648921966553e+02
1.513308682441711426e+02
1.514800388813018799e+02
1.516266536712646484e+02
1.517694935798645020e+02
1.519116225242614746e+02
1.520524377822875977e+02
1.522133355140686035e+02
1.523515155315399170e+02
1.524904942512512207e+02
1.526352877616882324e+02
1.527832992076873779e+02
1.529220571517944336e+02
1.530654842853546143e+02
1.532100801467895508e+02
1.533475370407104492e+02
1.534854900836944580e+02
1.536321916580200195e+02
1.537774996757507324e+02
1.539148747920989990e+02
1.540627851486206055e+02
1.541995725631713867e+02
1.543428874015808105e+02
1.544885978698730469e+02
1.546276149749755859e+02
1.547669913768768311e+02
1.549058465957641602e+02
1.550492458343505859e+02
1.552012214660644531e+02
1.553448340892791748e+02
1.554864909648895264e+02
1.556236801147460938e+02
1.557633192539215088e+02
1.559104349613189697e+02
1.560539190769195557e+02
1.562025768756866455e+02
1.563407869338989258e+02
1.564800407886505127e+02
1.566175184249877930e+02
1.567544484138488770e+02
1.568928794860839844e+02
1.570303192138671875e+02
1.571732037067413330e+02
1.573103890419006348e+02
1.574504463672637939e+02
1.575858399868011475e+02
1.577247135639190674e+02
1.578593075275421143e+02
1.580115003585815430e+02
1.581487808227539062e+02
1.582899887561798096e+02
1.584350416660308838e+02
1.585745446681976318e+02
1.587106776237487793e+02
1.588521904945373535e+02
1.589938738346099854e+02
1.591382546424865723e+02
1.592725422382354736e+02
1.594106504917144775e+02
1.595457916259765625e+02
1.596823389530181885e+02
1.598220896720886230e+02
1.599694066047668457e+02
1.601103248596191406e+02
1.602482964992523193e+02
1.604003942012786865e+02
1.605485911369323730e+02
1.606873009204864502e+02
1.608276734352111816e+02
1.609607586860656738e+02
1.610976808071136475e+02
1.612330057621002197e+02
1.613684315681457520e+02
1.615045819282531738e+02
1.616397202014923096e+02
1.617750833034515381e+02
1.619111523628234863e+02
1.620491991043090820e+02
1.621856455802917480e+02
1.623237121105194092e+02
1.624608528614044189e+02
1.625994462966918945e+02
1.627360625267028809e+02
1.628949396610260010e+02
1.630440530776977539e+02
1.631806030273437500e+02
1.633189711570739746e+02
1.634657359123229980e+02
1.636025447845458984e+02
1.637392961978912354e+02
1.638782317638397217e+02
1.640244281291961670e+02
1.641627323627471924e+02
1.643236613273620605e+02
1.644642882347106934e+02
1.646030449867248535e+02
1.647375402450561523e+02
1.648744368553161621e+02
1.650097894668579102e+02
1.651465096473693848e+02
1.652873654365539551e+02
1.654253268241882324e+02
1.655637888908386230e+02
1.656999568939208984e+02
1.658364188671112061e+02
1.659971928596496582e+02
1.661332092285156250e+02
1.662762863636016846e+02
1.664309697151184082e+02
1.665674700736999512e+02
1.667080528736114502e+02
1.668442618846893311e+02
1.669860503673553467e+02
1.671264820098876953e+02
1.672645475864410400e+02
1.674081296920776367e+02
1.675471854209899902e+02
1.676839985847473145e+02
1.678211312294006348e+02
1.679628989696502686e+02
1.681026356220245361e+02
1.682401607036590576e+02
1.683833351135253906e+02
1.685277702808380127e+02
1.687726669311523438e+02
1.690242021083831787e+02
1.691704974174499512e+02
1.694288797378540039e+02
1.696176211833953857e+02
1.698684692382812500e+02
1.700637207031250000e+02
1.702891387939453125e+02
1.704742555618286133e+02
1.706953945159912109e+02
1.708502268791198730e+02
1.710347607135772705e+02
1.712226769924163818e+02
1.713761067390441895e+02
1.715147597789764404e+02
1.716896176338195801e+02
1.719637529850006104e+02
1.721018111705780029e+02
1.722392377853393555e+02
1.723855044841766357e+02
1.725318758487701416e+02
1.726722695827484131e+02
1.728265309333801270e+02
1.729671003818511963e+02
1.731128299236297607e+02
1.732707300186157227e+02
1.734112637042999268e+02
1.735541486740112305e+02
1.737001097202301025e+02
1.738449094295501709e+02
1.739832220077514648e+02
1.741254999637603760e+02
1.742625713348388672e+02
1.744019668102264404e+02
1.745463862419128418e+02
1.746912796497344971e+02
1.748355143070220947e+02
1.749746382236480713e+02
1.751119589805603027e+02
1.752514417171478271e+02
1.753907518386840820e+02
1.755340573787689209e+02
1.756760942935943604e+02
1.758128750324249268e+02
1.759480233192443848e+02
1.760961451530456543e+02
1.762321305274963379e+02
1.763700456619262695e+02
1.765120398998260498e+02
1.766511435508728027e+02
1.767934072017669678e+02
1.769420824050903320e+02
1.770807764530181885e+02
1.772169208526611328e+02
1.773523161411285400e+02
1.774961323738098145e+02
1.776327950954437256e+02
1.777721719741821289e+02
1.779143176078796387e+02
1.780529904365539551e+02
1.781951262950897217e+02
1.783334105014801025e+02
1.784712204933166504e+02
1.786118052005767822e+02
1.787466540336608887e+02
1.788815212249755859e+02
1.790174713134765625e+02
1.791524355411529541e+02
1.792918243408203125e+02
1.794354789257049561e+02
1.795740950107574463e+02
1.797121372222900391e+02
1.798683769702911377e+02
1.800228850841522217e+02
1.801634533405303955e+02
1.803002593517303467e+02
1.804478886127471924e+02
1.806047446727752686e+02
1.807596871852874756e+02
1.808976831436157227e+02
1.810392351150512695e+02
1.811807994842529297e+02
1.813217546939849854e+02
1.814668409824371338e+02
1.816160027980804443e+02
1.817634999752044678e+02
1.819036505222320557e+02
1.820524363517761230e+02
1.822016768455505371e+02
1.823449652194976807e+02
1.824846692085266113e+02
1.826326847076416016e+02
1.827732822895050049e+02
