0.000000000000000000e+00
1.001813411712646484e-01
2.006354331970214844e-01
3.008129596710205078e-01
4.009890556335449219e-01
5.011646747589111328e-01
6.013576984405517578e-01
7.015979290008544922e-01
8.018043041229248047e-01
9.019694328308105469e-01
1.002174139022827148e+00
1.102433681488037109e+00
1.202682733535766602e+00
1.303042650222778320e+00
1.403203248977661133e+00
1.503519296646118164e+00
1.603681802749633789e+00
1.703905582427978516e+00
1.804120540618896484e+00
1.904313325881958008e+00
2.004483699798583984e+00
2.104743480682373047e+00
2.204897403717041016e+00
2.305060148239135742e+00
2.405302047729492188e+00
2.505447149276733398e+00
2.605655670166015625e+00
2.705796718597412109e+00
2.805992364883422852e+00
2.906166553497314453e+00
3.006365776062011719e+00
3.108732223510742188e+00
3.208888053894042969e+00
3.309102058410644531e+00
3.409252882003784180e+00
3.509501695632934570e+00
3.609686851501464844e+00
3.709816217422485352e+00
3.810079813003540039e+00
3.910232305526733398e+00
4.010507345199584961e+00
4.110665082931518555e+00
4.210826158523559570e+00
4.311147451400756836e+00
4.411518096923828125e+00
4.511813402175903320e+00
4.612039089202880859e+00
4.712180376052856445e+00
4.812311887741088867e+00
4.912443399429321289e+00
5.012610197067260742e+00
5.112753152847290039e+00
5.212881088256835938e+00
5.313066482543945312e+00
5.413250446319580078e+00
5.513397693634033203e+00
5.613708734512329102e+00
5.713924646377563477e+00
5.814070701599121094e+00
5.914333820343017578e+00
6.014601230621337891e+00
6.114763498306274414e+00
6.215098619461059570e+00
6.315313577651977539e+00
6.415462970733642578e+00
6.522449493408203125e+00
6.622656106948852539e+00
6.722911834716796875e+00
6.823226213455200195e+00
6.923393011093139648e+00
7.023540258407592773e+00
7.123726844787597656e+00
7.223953247070312500e+00
7.324113607406616211e+00
7.424312353134155273e+00
7.524522304534912109e+00
7.626336097717285156e+00
7.726582765579223633e+00
7.826757669448852539e+00
7.926944732666015625e+00
8.027225732803344727e+00
8.127415657043457031e+00
8.227575540542602539e+00
8.327768802642822266e+00
8.428015947341918945e+00
8.528231620788574219e+00
8.628384590148925781e+00
8.728580236434936523e+00
8.828792333602905273e+00
8.928943872451782227e+00
9.029174804687500000e+00
9.129562616348266602e+00
9.229754924774169922e+00
9.329944372177124023e+00
9.430213689804077148e+00
9.530412673950195312e+00
9.630552053451538086e+00
9.730810403823852539e+00
9.830952644348144531e+00
9.931147098541259766e+00
1.003150367736816406e+01
1.013166999816894531e+01
1.023184871673583984e+01
1.033210635185241699e+01
1.043233299255371094e+01
1.053303503990173340e+01
1.063340759277343750e+01
1.073362660408020020e+01
1.083391189575195312e+01
1.093407487869262695e+01
1.103423070907592773e+01
1.113453483581542969e+01
1.123468184471130371e+01
1.133486962318420410e+01
1.143509483337402344e+01
1.153535008430480957e+01
1.163550591468811035e+01
1.173574399948120117e+01
1.183598566055297852e+01
1.193618869781494141e+01
1.203634691238403320e+01
1.213657259941101074e+01
1.223673152923583984e+01
1.233717155456542969e+01
1.243744254112243652e+01
1.253759598731994629e+01
1.263795566558837891e+01
1.273810911178588867e+01
1.283828163146972656e+01
1.293850111961364746e+01
1.303879690170288086e+01
1.313895583152770996e+01
1.323926901817321777e+01
1.333955597877502441e+01
1.343985366821289062e+01
1.354001879692077637e+01
1.364029121398925781e+01
1.374054121971130371e+01
1.384069728851318359e+01
1.394085359573364258e+01
1.404100561141967773e+01
1.414114999771118164e+01
1.424127960205078125e+01
1.434146976470947266e+01
1.444162249565124512e+01
1.454175400733947754e+01
1.464210867881774902e+01
1.474232268333435059e+01
1.484265875816345215e+01
1.494284296035766602e+01
1.504302310943603516e+01
1.514320540428161621e+01
1.524340796470642090e+01
1.534356617927551270e+01
1.544394254684448242e+01
1.554425764083862305e+01
1.564449143409729004e+01
1.574463701248168945e+01
1.584494113922119141e+01
1.594515991210937500e+01
1.604531097412109375e+01
1.614558911323547363e+01
1.624574232101440430e+01
1.634595990180969238e+01
1.644617414474487305e+01
1.654646921157836914e+01
1.664671587944030762e+01
1.674695396423339844e+01
1.684711837768554688e+01
1.694726419448852539e+01
1.704746818542480469e+01
1.714771270751953125e+01
1.724786949157714844e+01
1.734804224967956543e+01
1.744824266433715820e+01
1.754842543601989746e+01
1.764863657951354980e+01
1.774889779090881348e+01
1.784913730621337891e+01
1.794936037063598633e+01
1.804958772659301758e+01
1.814983034133911133e+01
1.825000429153442383e+01
1.835022330284118652e+01
1.845050191879272461e+01
1.855067801475524902e+01
1.865084576606750488e+01
1.875100803375244141e+01
1.885117745399475098e+01
1.895135188102722168e+01
1.905152416229248047e+01
1.915171098709106445e+01
1.925185489654541016e+01
1.935202336311340332e+01
1.945227479934692383e+01
1.955271625518798828e+01
1.965292358398437500e+01
1.975308203697204590e+01
1.985330057144165039e+01
1.995352244377136230e+01
2.005370759963989258e+01
2.015408706665039062e+01
2.025438499450683594e+01
2.035463881492614746e+01
2.045489239692687988e+01
2.055510950088500977e+01
2.065537309646606445e+01
2.075553727149963379e+01
2.085573911666870117e+01
2.095594406127929688e+01
2.105625224113464355e+01
2.115646862983703613e+01
2.125662827491760254e+01
2.135689592361450195e+01
2.145715713500976562e+01
2.155734086036682129e+01
2.165752625465393066e+01
2.175783061981201172e+01
2.185798501968383789e+01
2.195835232734680176e+01
2.205852317810058594e+01
2.215869569778442383e+01
2.225883388519287109e+01
2.235910844802856445e+01
2.245931363105773926e+01
2.255968070030212402e+01
2.265985274314880371e+01
2.276008176803588867e+01
2.286030483245849609e+01
2.296050024032592773e+01
2.306070947647094727e+01
2.316090774536132812e+01
2.326130557060241699e+01
2.336154770851135254e+01
2.346171903610229492e+01
2.356190514564514160e+01
2.366227126121520996e+01
2.376249814033508301e+01
2.386264991760253906e+01
2.396292328834533691e+01
2.406309604644775391e+01
2.416329431533813477e+01
2.426347494125366211e+01
2.436366748809814453e+01
2.446384000778198242e+01
2.456427979469299316e+01
2.466456127166748047e+01
2.476477670669555664e+01
2.486494874954223633e+01
2.496520447731018066e+01
2.506537818908691406e+01
2.516553068161010742e+01
2.526566433906555176e+01
2.536585974693298340e+01
2.546600723266601562e+01
2.556619977951049805e+01
2.566644477844238281e+01
2.576666045188903809e+01
2.586681866645812988e+01
2.596701526641845703e+01
2.606720137596130371e+01
2.616736364364624023e+01
2.626758718490600586e+01
2.636775279045104980e+01
2.646794724464416504e+01
2.656809759140014648e+01
2.666826748847961426e+01
2.676858901977539062e+01
2.686874413490295410e+01
2.696901702880859375e+01
2.706923723220825195e+01
2.716937780380249023e+01
2.726964044570922852e+01
2.736982893943786621e+01
2.746997308731079102e+01
2.757017016410827637e+01
2.767048931121826172e+01
2.777065944671630859e+01
2.787099766731262207e+01
2.797121953964233398e+01
2.807142043113708496e+01
2.817155337333679199e+01
2.827175188064575195e+01
2.837208914756774902e+01
2.847229623794555664e+01
2.857257819175720215e+01
2.867288255691528320e+01
2.877305865287780762e+01
2.887322258949279785e+01
2.897338986396789551e+01
2.907357764244079590e+01
2.917385220527648926e+01
2.927401351928710938e+01
2.937416410446166992e+01
2.947438454627990723e+01
2.957459044456481934e+01
2.967481088638305664e+01
2.977496814727783203e+01
2.987523722648620605e+01
2.997538518905639648e+01
3.007554841041564941e+01
3.017586016654968262e+01
3.027608275413513184e+01
3.037625694274902344e+01
3.047653770446777344e+01
3.057673501968383789e+01
3.067688441276550293e+01
3.077709412574768066e+01
3.087727212905883789e+01
3.097740888595581055e+01
3.107765293121337891e+01
3.117783474922180176e+01
3.127797460556030273e+01
3.137822055816650391e+01
3.147840189933776855e+01
3.157866716384887695e+01
3.167899870872497559e+01
3.177925181388854980e+01
3.187939000129699707e+01
3.197955608367919922e+01
3.207976603507995605e+01
3.218002462387084961e+01
3.228017592430114746e+01
3.238034677505493164e+01
3.248055267333984375e+01
3.258076167106628418e+01
3.268096518516540527e+01
3.278113937377929688e+01
3.288152122497558594e+01
3.298169565200805664e+01
3.308187174797058105e+01
3.318211627006530762e+01
3.328230214118957520e+01
3.338252854347229004e+01
3.348276638984680176e+01
3.358301782608032227e+01
3.368320512771606445e+01
3.378337144851684570e+01
3.388359045982360840e+01
3.398384523391723633e+01
3.408407759666442871e+01
3.418442583084106445e+01
3.428469300270080566e+01
3.438487768173217773e+01
3.448544669151306152e+01
3.458562731742858887e+01
3.468580555915832520e+01
3.478610205650329590e+01
3.488627529144287109e+01
3.498663282394409180e+01
3.508680391311645508e+01
3.518701601028442383e+01
3.528732705116271973e+01
3.538772034645080566e+01
3.548797941207885742e+01
3.558813881874084473e+01
3.568853163719177246e+01
3.578894233703613281e+01
3.588919067382812500e+01
3.598933744430541992e+01
3.608957457542419434e+01
3.618980836868286133e+01
3.628993654251098633e+01
3.639018726348876953e+01
3.649036264419555664e+01
3.659050559997558594e+01
3.669087553024291992e+01
3.679113626480102539e+01
3.689132070541381836e+01
3.699155616760253906e+01
3.709175968170166016e+01
3.719192624092102051e+01
3.729225778579711914e+01
3.739246129989624023e+01
3.749263715744018555e+01
3.759277009963989258e+01
3.769303703308105469e+01
3.779321098327636719e+01
3.789339303970336914e+01
3.799355244636535645e+01
3.809380269050598145e+01
3.819394326210021973e+01
3.829421424865722656e+01
3.839437675476074219e+01
3.849457836151123047e+01
3.859484028816223145e+01
3.869521093368530273e+01
3.879535198211669922e+01
3.889551639556884766e+01
3.899577736854553223e+01
3.909592866897583008e+01
3.919616651535034180e+01
3.929647374153137207e+01
3.939679360389709473e+01
3.949698066711425781e+01
3.959715509414672852e+01
3.969732999801635742e+01
3.979753017425537109e+01
3.989781165122985840e+01
3.999804234504699707e+01
4.009823799133300781e+01
4.019861388206481934e+01
4.029895472526550293e+01
4.039911723136901855e+01
4.049937057495117188e+01
4.059952569007873535e+01
4.069978117942810059e+01
4.079993772506713867e+01
4.090021133422851562e+01
4.100036668777465820e+01
4.110050177574157715e+01
4.120082736015319824e+01
4.130109238624572754e+01
4.140125775337219238e+01
4.150151562690734863e+01
4.160170888900756836e+01
4.170191597938537598e+01
4.180218887329101562e+01
4.190248322486877441e+01
4.200267100334167480e+01
4.210284662246704102e+01
4.220309114456176758e+01
4.230336666107177734e+01
4.240358257293701172e+01
4.250381159782409668e+01
4.260413312911987305e+01
4.270441889762878418e+01
4.280461883544921875e+01
4.290490674972534180e+01
4.300506329536437988e+01
4.310531926155090332e+01
4.320548057556152344e+01
4.330563068389892578e+01
4.340589356422424316e+01
4.350615143775939941e+01
4.360633778572082520e+01
4.370650386810302734e+01
4.380671811103820801e+01
4.390688085556030273e+01
4.400703716278076172e+01
4.410723328590393066e+01
4.420748233795166016e+01
4.430763292312622070e+01
4.440784358978271484e+01
4.450807523727416992e+01
4.460823750495910645e+01
4.470853281021118164e+01
4.480874538421630859e+01
4.490890264511108398e+01
4.500911831855773926e+01
4.510946345329284668e+01
4.520966053009033203e+01
4.530981492996215820e+01
4.541009497642517090e+01
4.551026391983032227e+01
4.561039829254150391e+01
4.571074485778808594e+01
4.581090545654296875e+01
4.591104960441589355e+01
4.601155376434326172e+01
4.611186528205871582e+01
4.621201062202453613e+01
4.631230545043945312e+01
4.641256856918334961e+01
4.651272273063659668e+01
4.661285328865051270e+01
4.671303749084472656e+01
4.681334781646728516e+01
4.691348147392272949e+01
4.701373720169067383e+01
4.711398482322692871e+01
4.721411848068237305e+01
4.731448483467102051e+01
4.741478657722473145e+01
4.751493453979492188e+01
4.761526513099670410e+01
4.771546244621276855e+01
4.781563210487365723e+01
4.791587710380554199e+01
4.801621484756469727e+01
4.811652970314025879e+01
4.821675395965576172e+01
4.831696605682373047e+01
4.841721034049987793e+01
4.851736617088317871e+01
4.861763262748718262e+01
4.871778392791748047e+01
4.881804251670837402e+01
4.891824746131896973e+01
4.901843571662902832e+01
4.911970400810241699e+01
4.921989059448242188e+01
4.932018923759460449e+01
4.942035102844238281e+01
4.952052330970764160e+01
4.962070655822753906e+01
4.972089123725891113e+01
4.982105541229248047e+01
4.992122793197631836e+01
5.002139163017272949e+01
5.012155318260192871e+01
5.022174215316772461e+01
5.032192087173461914e+01
5.042210912704467773e+01
5.052239441871643066e+01
5.062256002426147461e+01
5.072275185585021973e+01
5.082289862632751465e+01
5.092309546470642090e+01
5.102331399917602539e+01
5.112358140945434570e+01
5.122378373146057129e+01
5.132398343086242676e+01
5.142420816421508789e+01
5.152437758445739746e+01
5.162457466125488281e+01
5.172471523284912109e+01
5.182496070861816406e+01
5.192522859573364258e+01
5.202539610862731934e+01
5.212557148933410645e+01
5.222593498229980469e+01
5.232615518569946289e+01
5.242639875411987305e+01
5.252670621871948242e+01
5.262691497802734375e+01
5.272707700729370117e+01
5.282740783691406250e+01
5.292756938934326172e+01
5.302771377563476562e+01
5.312808585166931152e+01
5.322829723358154297e+01
5.332849955558776855e+01
5.342881894111633301e+01
5.352912902832031250e+01
5.362926602363586426e+01
5.372947931289672852e+01
5.382967305183410645e+01
5.392997741699218750e+01
5.403019046783447266e+01
5.413047885894775391e+01
5.423062348365783691e+01
5.433076620101928711e+01
5.443098044395446777e+01
5.453125023841857910e+01
5.463139176368713379e+01
5.473165321350097656e+01
5.483191442489624023e+01
5.493210506439208984e+01
5.503277897834777832e+01
5.513297033309936523e+01
5.523314189910888672e+01
5.533333158493041992e+01
5.543351149559020996e+01
5.553376984596252441e+01
5.563392806053161621e+01
5.573407888412475586e+01
5.583438634872436523e+01
5.593455982208251953e+01
5.603474664688110352e+01
5.613509225845336914e+01
5.623526692390441895e+01
5.633543252944946289e+01
5.643568229675292969e+01
5.653588485717773438e+01
5.663608813285827637e+01
5.673628091812133789e+01
5.683666086196899414e+01
5.693683290481567383e+01
5.703701615333557129e+01
5.713719654083251953e+01
5.723736715316772461e+01
5.733751821517944336e+01
5.743772482872009277e+01
5.753796124458312988e+01
5.763810300827026367e+01
5.773837685585021973e+01
5.783863544464111328e+01
5.793879818916320801e+01
5.803903794288635254e+01
5.813930726051330566e+01
5.823944926261901855e+01
5.833982634544372559e+01
5.844008755683898926e+01
5.854022598266601562e+01
5.864040255546569824e+01
5.874065446853637695e+01
5.884078884124755859e+01
5.894092798233032227e+01
5.904111552238464355e+01
5.914137554168701172e+01
5.924151420593261719e+01
5.934169602394104004e+01
5.944188857078552246e+01
5.954203867912292480e+01
5.964241647720336914e+01
5.974257349967956543e+01
5.984285712242126465e+01
5.994306278228759766e+01
6.004320240020751953e+01
6.014339232444763184e+01
6.024353528022766113e+01
6.034404349327087402e+01
6.044418215751647949e+01
6.054432058334350586e+01
6.064456868171691895e+01
6.074488496780395508e+01
6.084505987167358398e+01
6.094532942771911621e+01
6.104547357559204102e+01
6.114565229415893555e+01
6.124579429626464844e+01
6.134605789184570312e+01
6.144631314277648926e+01
6.154662537574768066e+01
6.164676809310913086e+01
6.174701547622680664e+01
6.184735131263732910e+01
6.194748997688293457e+01
6.204768824577331543e+01
6.214790463447570801e+01
6.224812483787536621e+01
6.234826421737670898e+01
6.244858765602111816e+01
6.254876995086669922e+01
6.264890384674072266e+01
6.274918150901794434e+01
6.284947848320007324e+01
6.294966506958007812e+01
6.304982900619506836e+01
6.315007162094116211e+01
6.325025773048400879e+01
6.335050106048583984e+01
6.345077610015869141e+01
6.355093288421630859e+01
6.365106534957885742e+01
6.375130629539489746e+01
6.385155558586120605e+01
6.395169997215270996e+01
6.405191397666931152e+01
6.415216183662414551e+01
6.425230860710144043e+01
6.435260248184204102e+01
6.445276689529418945e+01
6.455296707153320312e+01
6.465322756767272949e+01
6.475352001190185547e+01
6.485369753837585449e+01
6.495381760597229004e+01
6.505434489250183105e+01
6.515449547767639160e+01
6.525465059280395508e+01
6.535496950149536133e+01
6.545521068572998047e+01
6.555535459518432617e+01
6.565552496910095215e+01
6.575585365295410156e+01
6.585599803924560547e+01
6.595624113082885742e+01
6.605655002593994141e+01
6.615672898292541504e+01
6.625686097145080566e+01
6.635720467567443848e+01
6.645746159553527832e+01
6.655760192871093750e+01
6.665784811973571777e+01
6.675808620452880859e+01
6.685830211639404297e+01
6.695853567123413086e+01
6.705873179435729980e+01
6.715887498855590820e+01
6.725900840759277344e+01
6.735927224159240723e+01
6.745945811271667480e+01
6.755959486961364746e+01
6.765984392166137695e+01
6.776003575325012207e+01
6.786026334762573242e+01
6.796072912216186523e+01
6.806096053123474121e+01
6.816126751899719238e+01
6.826147317886352539e+01
6.836171126365661621e+01
6.846375775337219238e+01
6.856389784812927246e+01
6.866423058509826660e+01
6.876446938514709473e+01
6.886465859413146973e+01
6.896478939056396484e+01
6.906503772735595703e+01
6.916525959968566895e+01
6.926539683341979980e+01
6.936557269096374512e+01
6.946591615676879883e+01
6.956605362892150879e+01
6.966641616821289062e+01
6.976663064956665039e+01
6.986680722236633301e+01
6.996694993972778320e+01
7.006716609001159668e+01
7.016730546951293945e+01
7.026744246482849121e+01
7.036763477325439453e+01
7.046776771545410156e+01
7.056800222396850586e+01
7.066818523406982422e+01
7.076836228370666504e+01
7.086849832534790039e+01
7.096883463859558105e+01
7.106908726692199707e+01
7.116923308372497559e+01
7.126945185661315918e+01
7.136969900131225586e+01
7.146986627578735352e+01
7.157009315490722656e+01
7.167039394378662109e+01
7.177058720588684082e+01
7.187073540687561035e+01
7.197105073928833008e+01
7.207120227813720703e+01
7.217136025428771973e+01
7.227161478996276855e+01
7.237181472778320312e+01
7.247195315361022949e+01
7.257214736938476562e+01
7.267238426208496094e+01
7.277251982688903809e+01
7.287270307540893555e+01
7.297303771972656250e+01
7.307321286201477051e+01
7.317335295677185059e+01
7.327359294891357422e+01
7.337372612953186035e+01
7.347398304939270020e+01
7.357433199882507324e+01
7.367453861236572266e+01
7.377467203140258789e+01
7.387503767013549805e+01
7.397522187232971191e+01
7.407534360885620117e+01
7.417549920082092285e+01
7.427582097053527832e+01
7.437598824501037598e+01
7.447615528106689453e+01
7.457633543014526367e+01
7.467651486396789551e+01
7.477664256095886230e+01
7.487678647041320801e+01
7.497700238227844238e+01
7.507718110084533691e+01
7.517741322517395020e+01
7.527776551246643066e+01
7.537796044349670410e+01
7.547809624671936035e+01
7.557836413383483887e+01
7.567861676216125488e+01
7.577878475189208984e+01
7.587899732589721680e+01
7.597919368743896484e+01
7.607955479621887207e+01
7.617992758750915527e+01
7.628007483482360840e+01
7.638037657737731934e+01
7.648065233230590820e+01
7.658079552650451660e+01
7.668093085289001465e+01
7.678127574920654297e+01
7.688150858879089355e+01
7.698166108131408691e+01
7.708183073997497559e+01
7.718204927444458008e+01
7.728218698501586914e+01
7.738238358497619629e+01
7.748262524604797363e+01
7.758297944068908691e+01
7.768316245079040527e+01
7.778334188461303711e+01
7.788356924057006836e+01
7.798371028900146484e+01
7.808391356468200684e+01
7.818419194221496582e+01
7.828443026542663574e+01
7.838457465171813965e+01
7.848481702804565430e+01
7.858521556854248047e+01
7.868548369407653809e+01
7.878561305999755859e+01
7.888580489158630371e+01
7.898597931861877441e+01
7.908612608909606934e+01
7.918631386756896973e+01
7.928650736808776855e+01
7.938670682907104492e+01
7.948700809478759766e+01
7.958736157417297363e+01
7.968765950202941895e+01
7.978779315948486328e+01
7.988798809051513672e+01
7.998815870285034180e+01
8.008830571174621582e+01
8.018851161003112793e+01
8.028869938850402832e+01
8.038884162902832031e+01
8.048905253410339355e+01
8.058937168121337891e+01
8.068957304954528809e+01
8.078971385955810547e+01
8.088994312286376953e+01
8.099027395248413086e+01
8.109045290946960449e+01
8.119070768356323242e+01
8.129093480110168457e+01
8.139107751846313477e+01
8.149129796028137207e+01
8.159171223640441895e+01
8.169201159477233887e+01
8.179218482971191406e+01
8.189240312576293945e+01
8.199257612228393555e+01
8.209275174140930176e+01
8.219300246238708496e+01
8.229324126243591309e+01
8.239341354370117188e+01
8.249354195594787598e+01
8.259386873245239258e+01
8.269410490989685059e+01
8.279423666000366211e+01
8.289441347122192383e+01
8.299460053443908691e+01
8.309474468231201172e+01
8.319491624832153320e+01
8.329520273208618164e+01
8.339534974098205566e+01
8.349549198150634766e+01
8.359574413299560547e+01
8.369600176811218262e+01
8.379617142677307129e+01
8.389651203155517578e+01
8.399669170379638672e+01
8.409697222709655762e+01
8.419731187820434570e+01
8.429766511917114258e+01
8.439779877662658691e+01
8.449804997444152832e+01
8.459834814071655273e+01
8.469852423667907715e+01
8.479871368408203125e+01
8.489891934394836426e+01
8.499905657768249512e+01
8.509918546676635742e+01
8.519941878318786621e+01
8.529976606369018555e+01
8.539994263648986816e+01
8.550019359588623047e+01
8.560055518150329590e+01
8.570069980621337891e+01
8.580084681510925293e+01
8.590100216865539551e+01
8.600115609169006348e+01
8.610135197639465332e+01
8.620178771018981934e+01
8.630210280418395996e+01
8.640225744247436523e+01
8.650246047973632812e+01
8.660271286964416504e+01
8.670291447639465332e+01
8.680308556556701660e+01
8.690324282646179199e+01
8.700347805023193359e+01
8.710366225242614746e+01
8.720393371582031250e+01
8.730427503585815430e+01
8.740463495254516602e+01
8.750480270385742188e+01
8.760495162010192871e+01
8.770521426200866699e+01
8.780536890029907227e+01
8.790549969673156738e+01
8.800568747520446777e+01
8.810587525367736816e+01
8.820604300498962402e+01
8.830618810653686523e+01
8.840647673606872559e+01
8.850664782524108887e+01
8.860677671432495117e+01
8.870702052116394043e+01
8.880715322494506836e+01
8.890727210044860840e+01
8.900755262374877930e+01
8.910779714584350586e+01
8.920792937278747559e+01
8.930817174911499023e+01
8.940841913223266602e+01
8.950859880447387695e+01
8.960877633094787598e+01
8.970899319648742676e+01
8.980917334556579590e+01
8.990932035446166992e+01
9.000965571403503418e+01
9.010986685752868652e+01
9.021010947227478027e+01
9.031025648117065430e+01
9.041055154800415039e+01
9.051069021224975586e+01
9.061104273796081543e+01
9.071134114265441895e+01
9.081155419349670410e+01
9.091169095039367676e+01
9.101193189620971680e+01
9.111223340034484863e+01
9.121241068840026855e+01
9.131255674362182617e+01
9.141274094581604004e+01
9.151288485527038574e+01
9.161311674118041992e+01
9.171346020698547363e+01
9.181365203857421875e+01
9.191377997398376465e+01
9.201401758193969727e+01
9.211419391632080078e+01
9.221438145637512207e+01
9.231451845169067383e+01
9.241481399536132812e+01
9.251500606536865234e+01
9.261527228355407715e+01
9.271541714668273926e+01
9.281554865837097168e+01
9.291578936576843262e+01
9.301598978042602539e+01
9.311620283126831055e+01
9.321633529663085938e+01
9.331654977798461914e+01
9.341676473617553711e+01
9.351695847511291504e+01
9.361709308624267578e+01
9.371740984916687012e+01
9.381766009330749512e+01
9.391779708862304688e+01
9.401799082756042480e+01
9.411824464797973633e+01
9.421841192245483398e+01
9.431869053840637207e+01
9.441885089874267578e+01
9.451903986930847168e+01
9.461929130554199219e+01
9.471947073936462402e+01
9.481964278221130371e+01
9.491978144645690918e+01
9.501997280120849609e+01
9.512014770507812500e+01
9.522028493881225586e+01
9.532047224044799805e+01
9.542063260078430176e+01
9.552077078819274902e+01
9.562108111381530762e+01
9.572123432159423828e+01
9.582144165039062500e+01
9.592164254188537598e+01
9.602196264266967773e+01
9.612214040756225586e+01
9.622231578826904297e+01
9.632253813743591309e+01
9.642271494865417480e+01
9.652288651466369629e+01
9.662304782867431641e+01
9.672322654724121094e+01
9.682337307929992676e+01
9.692366862297058105e+01
9.702391815185546875e+01
9.712415623664855957e+01
9.722435164451599121e+01
9.732467412948608398e+01
9.742484688758850098e+01
9.752512502670288086e+01
9.762528705596923828e+01
9.772546410560607910e+01
9.782573962211608887e+01
9.792598080635070801e+01
9.802617406845092773e+01
9.812650227546691895e+01
9.822665452957153320e+01
9.832684445381164551e+01
9.842698669433593750e+01
9.852717638015747070e+01
9.862740659713745117e+01
9.872753286361694336e+01
9.882792067527770996e+01
9.892815828323364258e+01
9.902836084365844727e+01
9.912855482101440430e+01
9.922879385948181152e+01
9.932894349098205566e+01
9.942907905578613281e+01
9.952932715415954590e+01
9.962956595420837402e+01
9.972972559928894043e+01
9.982995080947875977e+01
9.993020915985107422e+01
1.000304443836212158e+02
1.001306087970733643e+02
1.002308592796325684e+02
1.003310766220092773e+02
1.004314377307891846e+02
1.005317554473876953e+02
1.006320006847381592e+02
1.007323133945465088e+02
1.008325510025024414e+02
1.009328234195709229e+02
1.010331695079803467e+02
1.011334910392761230e+02
1.012336804866790771e+02
1.013339614868164062e+02
1.014341490268707275e+02
1.015343625545501709e+02
1.016346249580383301e+02
1.017348217964172363e+02
1.018349659442901611e+02
1.019351654052734375e+02
1.020353729724884033e+02
1.021355071067810059e+02
1.022356476783752441e+02
1.023358440399169922e+02
1.024360940456390381e+02
1.025362329483032227e+02
1.026364855766296387e+02
1.027368354797363281e+02
1.028370177745819092e+02
1.029372637271881104e+02
1.030374424457550049e+02
1.031376867294311523e+02
1.032379701137542725e+02
1.033383197784423828e+02
1.034387097358703613e+02
1.035390048027038574e+02
1.036391859054565430e+02
1.037393281459808350e+02
1.038396987915039062e+02
1.039399337768554688e+02
1.040401098728179932e+02
1.041403505802154541e+02
1.042406308650970459e+02
1.043408129215240479e+02
1.044409902095794678e+02
1.045413553714752197e+02
1.046414990425109863e+02
1.047416286468505859e+02
1.048417940139770508e+02
1.049419348239898682e+02
1.050420756340026855e+02
1.051423270702362061e+02
1.052425234317779541e+02
1.053427047729492188e+02
1.054428732395172119e+02
1.055432305335998535e+02
1.056435334682464600e+02
1.057436730861663818e+02
1.058440592288970947e+02
1.059444019794464111e+02
1.060445549488067627e+02
1.061448910236358643e+02
1.062450842857360840e+02
1.063452870845794678e+02
1.064454374313354492e+02
1.065455918312072754e+02
1.066457819938659668e+02
1.067461721897125244e+02
1.068465280532836914e+02
1.069466977119445801e+02
1.070468754768371582e+02
1.071472048759460449e+02
1.072473969459533691e+02
1.073476524353027344e+02
1.074478938579559326e+02
1.075482356548309326e+02
1.076483695507049561e+02
1.077487034797668457e+02
1.078490521907806396e+02
1.079493474960327148e+02
1.080494797229766846e+02
1.081497206687927246e+02
1.082499539852142334e+02
1.083500971794128418e+02
1.084503846168518066e+02
1.085506377220153809e+02
1.086509044170379639e+02
1.087510409355163574e+02
1.088513162136077881e+02
1.089514865875244141e+02
1.090517389774322510e+02
1.091520152091979980e+02
1.092522337436676025e+02
1.093524708747863770e+02
1.094526939392089844e+02
1.095529866218566895e+02
1.096532335281372070e+02
1.097534124851226807e+02
1.098537924289703369e+02
1.099539661407470703e+02
1.100541505813598633e+02
1.101543612480163574e+02
1.102546830177307129e+02
1.103549764156341553e+02
1.104551229476928711e+02
1.105554647445678711e+02
1.106556959152221680e+02
1.107559189796447754e+02
1.108560543060302734e+02
1.109562916755676270e+02
1.110564811229705811e+02
1.111567537784576416e+02
1.112570161819458008e+02
1.113573403358459473e+02
1.114575221538543701e+02
1.115576698780059814e+02
1.116579301357269287e+02
1.117581932544708252e+02
1.118583772182464600e+02
1.119585933685302734e+02
1.120588345527648926e+02
1.121591560840606689e+02
1.122593903541564941e+02
1.123595323562622070e+02
1.124597513675689697e+02
1.125600154399871826e+02
1.126601560115814209e+02
1.127603228092193604e+02
1.128604881763458252e+02
1.129606227874755859e+02
1.130608332157135010e+02
1.131609683036804199e+02
1.132611618041992188e+02
1.133612995147705078e+02
1.134614560604095459e+02
1.135616271495819092e+02
1.136617631912231445e+02
1.137619371414184570e+02
1.138621902465820312e+02
1.139624567031860352e+02
1.140626225471496582e+02
1.141628739833831787e+02
1.142632415294647217e+02
1.143634288311004639e+02
1.144635620117187500e+02
1.145637493133544922e+02
1.146640603542327881e+02
1.147642340660095215e+02
1.148643717765808105e+02
1.149646203517913818e+02
1.150647611618041992e+02
1.151648855209350586e+02
1.152650892734527588e+02
1.153654429912567139e+02
1.154655818939208984e+02
1.155657658576965332e+02
1.156660497188568115e+02
1.157663166522979736e+02
1.158664627075195312e+02
1.159666466712951660e+02
1.160668923854827881e+02
1.161670727729797363e+02
1.162672348022460938e+02
1.163674190044403076e+02
1.164676778316497803e+02
1.165678157806396484e+02
1.166680777072906494e+02
1.167682640552520752e+02
1.168684000968933105e+02
1.169685339927673340e+02
1.170686919689178467e+02
1.171688973903656006e+02
1.172691020965576172e+02
1.173692936897277832e+02
1.174695625305175781e+02
1.175698559284210205e+02
1.176700417995452881e+02
1.177702400684356689e+02
1.178704288005828857e+02
1.179705605506896973e+02
1.180707242488861084e+02
1.181708583831787109e+02
1.182710075378417969e+02
1.183713140487670898e+02
1.184715051651000977e+02
1.185717160701751709e+02
1.186718530654907227e+02
1.187720065116882324e+02
1.188723018169403076e+02
1.189724833965301514e+02
1.190726346969604492e+02
1.191728384494781494e+02
1.192730641365051270e+02
1.193731951713562012e+02
1.194733500480651855e+02
1.195735664367675781e+02
1.196737325191497803e+02
1.197738773822784424e+02
1.198740983009338379e+02
1.199743192195892334e+02
1.200745060443878174e+02
1.201747088432312012e+02
1.202750303745269775e+02
1.203752374649047852e+02
1.204753954410552979e+02
1.205755388736724854e+02
1.206757216453552246e+02
1.207758824825286865e+02
1.208760263919830322e+02
1.209762790203094482e+02
1.210764195919036865e+02
1.211765437126159668e+02
1.212769162654876709e+02
1.213770914077758789e+02
1.214772267341613770e+02
1.215774281024932861e+02
1.216777441501617432e+02
1.217778849601745605e+02
1.218780121803283691e+02
1.219781978130340576e+02
1.220784277915954590e+02
1.221785967350006104e+02
1.222787601947784424e+02
1.223789062500000000e+02
1.224790930747985840e+02
1.225792272090911865e+02
1.226794688701629639e+02
1.227796640396118164e+02
1.228798484802246094e+02
1.229799861907958984e+02
1.230802543163299561e+02
1.231804013252258301e+02
1.232805359363555908e+02
1.233806674480438232e+02
1.234808464050292969e+02
1.235811262130737305e+02
1.236813375949859619e+02
1.237814974784851074e+02
1.238817079067230225e+02
1.239818692207336426e+02
1.240819995403289795e+02
1.241822438240051270e+02
1.242825038433074951e+02
1.243826444149017334e+02
1.244827733039855957e+02
1.245830714702606201e+02
1.246832146644592285e+02
1.247834422588348389e+02
1.248836312294006348e+02
1.249837956428527832e+02
1.250840842723846436e+02
1.251842274665832520e+02
1.252844212055206299e+02
1.253845756053924561e+02
1.254847893714904785e+02
1.255852015018463135e+02
1.256855692863464355e+02
1.257858796119689941e+02
1.258861575126647949e+02
1.259862906932830811e+02
1.260864269733428955e+02
1.261867101192474365e+02
1.262868554592132568e+02
1.263871340751647949e+02
1.264873864650726318e+02
1.265875253677368164e+02
1.266877620220184326e+02
1.267879285812377930e+02
1.268883068561553955e+02
1.269884896278381348e+02
1.270886347293853760e+02
1.271888210773468018e+02
1.272891035079956055e+02
1.273892691135406494e+02
1.274894020557403564e+02
1.275897083282470703e+02
1.276898672580718994e+02
1.277900826930999756e+02
1.278903520107269287e+02
1.279905447959899902e+02
1.280908706188201904e+02
1.281910097599029541e+02
1.282911736965179443e+02
1.283913729190826416e+02
1.284916174411773682e+02
1.285917522907257080e+02
1.286920127868652344e+02
1.287922785282135010e+02
1.288924591541290283e+02
1.289928207397460938e+02
1.290930709838867188e+02
1.291932430267333984e+02
1.292933785915374756e+02
1.293936798572540283e+02
1.294938640594482422e+02
1.295941617488861084e+02
1.296944127082824707e+02
1.297948117256164551e+02
1.298950259685516357e+02
1.299952051639556885e+02
1.300953884124755859e+02
1.301955919265747070e+02
1.302957956790924072e+02
1.303959326744079590e+02
1.304961447715759277e+02
1.305964419841766357e+02
1.306966309547424316e+02
1.307968266010284424e+02
1.308970894813537598e+02
1.309972820281982422e+02
1.310974018573760986e+02
1.311977717876434326e+02
1.312979876995086670e+02
1.313982100486755371e+02
1.314985275268554688e+02
1.315987918376922607e+02
1.316989536285400391e+02
1.317991096973419189e+02
1.318994276523590088e+02
1.319996724128723145e+02
1.320998132228851318e+02
1.322000539302825928e+02
1.323003535270690918e+02
1.324005537033081055e+02
1.325006849765777588e+02
1.326010105609893799e+02
1.327013006210327148e+02
1.328014574050903320e+02
1.329017102718353271e+02
1.330018630027770996e+02
1.331020045280456543e+02
1.332022998332977295e+02
1.333025066852569580e+02
1.334028084278106689e+02
1.335030083656311035e+02
1.336032567024230957e+02
1.337035417556762695e+02
1.338038794994354248e+02
1.339041521549224854e+02
1.340044121742248535e+02
1.341047203540802002e+02
1.342050266265869141e+02
1.343052053451538086e+02
1.344054145812988281e+02
1.345056922435760498e+02
1.346059560775756836e+02
1.347060999870300293e+02
1.348062608242034912e+02
1.349064106941223145e+02
1.350065829753875732e+02
1.351067159175872803e+02
1.352069559097290039e+02
1.353072028160095215e+02
1.354073431491851807e+02
1.355076377391815186e+02
1.356078853607177734e+02
1.357080271244049072e+02
1.358082029819488525e+02
1.359085514545440674e+02
1.360087273120880127e+02
1.361090209484100342e+02
1.362091495990753174e+02
1.363094666004180908e+02
1.364097383022308350e+02
1.365098664760589600e+02
1.366099970340728760e+02
1.367101995944976807e+02
1.368104925155639648e+02
1.369106409549713135e+02
1.370108344554901123e+02
1.371110227108001709e+02
1.372111670970916748e+02
1.373113212585449219e+02
1.374115383625030518e+02
1.375119414329528809e+02
1.376120831966400146e+02
1.377123396396636963e+02
1.378125779628753662e+02
1.379136610031127930e+02
1.380138359069824219e+02
1.381139621734619141e+02
1.382142567634582520e+02
1.383145539760589600e+02
1.384147198200225830e+02
1.385153834819793701e+02
1.386155838966369629e+02
1.387157311439514160e+02
1.388158731460571289e+02
1.389161598682403564e+02
1.390163841247558594e+02
1.391166303157806396e+02
1.392169117927551270e+02
1.393171608448028564e+02
1.394172952175140381e+02
1.395174813270568848e+02
1.396176226139068604e+02
1.397178807258605957e+02
1.398181378841400146e+02
1.399183752536773682e+02
1.400186154842376709e+02
1.401187975406646729e+02
1.402190089225769043e+02
1.403191716670989990e+02
1.404194793701171875e+02
1.405196659564971924e+02
1.406198000907897949e+02
1.407200608253479004e+02
1.408203554153442383e+02
1.409205524921417236e+02
1.410217556953430176e+02
1.411275548934936523e+02
1.412276988029479980e+02
1.413278446197509766e+02
1.414280736446380615e+02
1.415282833576202393e+02
1.416284604072570801e+02
1.417286605834960938e+02
1.418289070129394531e+02
1.419290826320648193e+02
1.420292849540710449e+02
1.421294505596160889e+02
1.422296204566955566e+02
1.423297991752624512e+02
1.424299664497375488e+02
1.425302221775054932e+02
1.426305170059204102e+02
1.427309288978576660e+02
1.428312008380889893e+02
1.429313945770263672e+02
1.430315806865692139e+02
1.431318562030792236e+02
1.432321691513061523e+02
1.433323080539703369e+02
1.434326510429382324e+02
1.435328049659729004e+02
1.436329588890075684e+02
1.437332661151885986e+02
1.438335802555084229e+02
1.439338228702545166e+02
1.440339720249176025e+02
1.441341259479522705e+02
1.442343075275421143e+02
1.443344902992248535e+02
1.444346265792846680e+02
1.445348951816558838e+02
1.446350421905517578e+02
1.447351984977722168e+02
1.448353490829467773e+02
1.449356298446655273e+02
1.450358035564422607e+02
1.451360139846801758e+02
1.452363340854644775e+02
1.453365092277526855e+02
1.454367151260375977e+02
1.455368480682373047e+02
1.456370975971221924e+02
1.457372875213623047e+02
1.458374762535095215e+02
1.459378170967102051e+02
1.460379991531372070e+02
1.461381728649139404e+02
1.462383544445037842e+02
1.463386182785034180e+02
1.464387693405151367e+02
1.465389511585235596e+02
1.466390829086303711e+02
1.467392733097076416e+02
1.468394620418548584e+02
1.469396476745605469e+02
1.470397992134094238e+02
1.471399598121643066e+02
1.472401528358459473e+02
1.473402876853942871e+02
1.474406511783599854e+02
1.475407869815826416e+02
1.476409392356872559e+02
1.477411298751831055e+02
1.478413174152374268e+02
1.479414763450622559e+02
1.480416347980499268e+02
1.481419856548309326e+02
1.482422566413879395e+02
1.483423969745635986e+02
1.484425523281097412e+02
1.485427045822143555e+02
1.486428494453430176e+02
1.487429785728454590e+02
1.488431372642517090e+02
1.489433877468109131e+02
1.490435516834259033e+02
1.491437642574310303e+02
1.492441391944885254e+02
1.493443078994750977e+02
1.494444549083709717e+02
1.495445976257324219e+02
1.496447989940643311e+02
1.497450091838836670e+02
1.498451669216156006e+02
1.499453814029693604e+02
1.500455346107482910e+02
1.501456758975982666e+02
1.502458665370941162e+02
1.503461179733276367e+02
1.504462904930114746e+02
1.505464210510253906e+02
1.506467442512512207e+02
1.507470247745513916e+02
1.508472108840942383e+02
1.509473347663879395e+02
1.510475847721099854e+02
1.511478281021118164e+02
1.512480113506317139e+02
1.513482067584991455e+02
1.514484636783599854e+02
1.515486731529235840e+02
1.516488099098205566e+02
1.517489757537841797e+02
1.518491327762603760e+02
1.519492897987365723e+02
1.520494616031646729e+02
1.521496691703796387e+02
1.522498621940612793e+02
1.523500087261199951e+02
1.524502139091491699e+02
1.525504512786865234e+02
1.526506559848785400e+02
1.527508525848388672e+02
1.528511011600494385e+02
1.529512383937835693e+02
1.530513792037963867e+02
1.531516470909118652e+02
1.532519052028656006e+02
1.533520805835723877e+02
1.534522750377655029e+02
1.535525209903717041e+02
1.536526930332183838e+02
1.537528440952301025e+02
1.538529942035675049e+02
1.539532847404479980e+02
1.540534200668334961e+02
1.541536087989807129e+02
1.542540853023529053e+02
1.543542551994323730e+02
1.544544529914855957e+02
1.545546507835388184e+02
1.546548304557800293e+02
1.547549724578857422e+02
1.548553454875946045e+02
1.549555447101593018e+02
1.550557200908660889e+02
1.551558749675750732e+02
1.552560493946075439e+02
1.553562867641448975e+02
1.554564092159271240e+02
1.555566029548645020e+02
1.556568167209625244e+02
1.557570011615753174e+02
1.558571517467498779e+02
1.559574682712554932e+02
1.560576395988464355e+02
1.561577734947204590e+02
1.562579553127288818e+02
1.563581297397613525e+02
1.564583044052124023e+02
1.565584352016448975e+02
1.566586899757385254e+02
1.567588810920715332e+02
1.568590912818908691e+02
1.569593322277069092e+02
1.570595707893371582e+02
1.571597459316253662e+02
1.572599215507507324e+02
1.573601281642913818e+02
1.574603183269500732e+02
1.575604412555694580e+02
1.576606786251068115e+02
1.577608339786529541e+02
1.578610868453979492e+02
1.579612414836883545e+02
1.580614295005798340e+02
1.581615707874298096e+02
1.582617852687835693e+02
1.583619587421417236e+02
1.584622359275817871e+02
1.585624179840087891e+02
1.586626095771789551e+02
1.587629156112670898e+02
1.588631098270416260e+02
1.589633085727691650e+02
1.590635290145874023e+02
1.591638283729553223e+02
1.592639815807342529e+02
1.593641824722290039e+02
1.594643654823303223e+02
1.595645828247070312e+02
1.596647157669067383e+02
1.597649817466735840e+02
1.598651518821716309e+02
1.599653954505920410e+02
1.600656018257141113e+02
1.601658565998077393e+02
1.602660074234008789e+02
1.603661556243896484e+02
1.604665117263793945e+02
1.605667560100555420e+02
1.606670083999633789e+02
1.607671525478363037e+02
1.608673324584960938e+02
1.609676263332366943e+02
1.610677945613861084e+02
1.611679313182830811e+02
1.612681431770324707e+02
1.613684320449829102e+02
1.614686400890350342e+02
1.615688471794128418e+02
1.616699399948120117e+02
1.617701621055603027e+02
1.618702802658081055e+02
1.619705455303192139e+02
1.620707330703735352e+02
1.621708719730377197e+02
1.622712330818176270e+02
1.623714365959167480e+02
1.624716231822967529e+02
1.625717504024505615e+02
1.626719875335693359e+02
1.627721869945526123e+02
1.628723576068878174e+02
1.629725396633148193e+02
1.630727813243865967e+02
1.631729204654693604e+02
1.632730851173400879e+02
1.633732948303222656e+02
1.634734699726104736e+02
1.635736045837402344e+02
1.636739511489868164e+02
1.637741668224334717e+02
1.638743603229522705e+02
1.639744911193847656e+02
1.640747268199920654e+02
1.641749355792999268e+02
1.642751979827880859e+02
1.643753616809844971e+02
1.644755079746246338e+02
1.645756511688232422e+02
1.646759178638458252e+02
1.647762868404388428e+02
1.648764333724975586e+02
1.649766783714294434e+02
1.650769245624542236e+02
1.651772007942199707e+02
1.652773599624633789e+02
1.653776736259460449e+02
1.654779183864593506e+02
1.655781197547912598e+02
1.656782631874084473e+02
1.657786109447479248e+02
1.658789515495300293e+02
1.659791200160980225e+02
1.660794527530670166e+02
1.661796281337738037e+02
1.662798001766204834e+02
1.663812494277954102e+02
1.664814026355743408e+02
1.665816063880920410e+02
1.666817431449890137e+02
1.667819154262542725e+02
1.668822317123413086e+02
1.669823734760284424e+02
1.670825076103210449e+02
1.671826455593109131e+02
1.672828404903411865e+02
1.673829932212829590e+02
1.674832150936126709e+02
1.675835316181182861e+02
1.676837460994720459e+02
1.677838852405548096e+02
1.678841702938079834e+02
1.679845263957977295e+02
1.680846631526947021e+02
1.681848466396331787e+02
1.682851765155792236e+02
1.683853192329406738e+02
1.684854862689971924e+02
1.685857546329498291e+02
1.686860830783843994e+02
1.687862577438354492e+02
1.688865013122558594e+02
1.689868471622467041e+02
1.690870151519775391e+02
1.691871471405029297e+02
1.692873337268829346e+02
1.693875441551208496e+02
1.694877190589904785e+02
1.695878651142120361e+02
1.696882092952728271e+02
1.697884216308593750e+02
1.698885514736175537e+02
1.699905068874359131e+02
1.700906939506530762e+02
1.701909222602844238e+02
1.702911868095397949e+02
1.703914330005645752e+02
1.704916927814483643e+02
1.705920693874359131e+02
1.706923232078552246e+02
1.707924818992614746e+02
1.708928561210632324e+02
1.709931964874267578e+02
1.710934367179870605e+02
1.711935846805572510e+02
1.712937798500061035e+02
1.713939807415008545e+02
1.714941592216491699e+02
1.715944142341613770e+02
1.716947512626647949e+02
1.717949380874633789e+02
1.718950703144073486e+02
1.719952821731567383e+02
1.720954229831695557e+02
1.721955657005310059e+02
1.722957527637481689e+02
1.723959877490997314e+02
1.724962639808654785e+02
1.725964343547821045e+02
1.726965973377227783e+02
1.727967970371246338e+02
1.728969428539276123e+02
1.729970712661743164e+02
1.730973985195159912e+02
1.731976456642150879e+02
1.732977881431579590e+02
1.733979883193969727e+02
1.734982314109802246e+02
1.735984063148498535e+02
1.736985206604003906e+02
1.737988877296447754e+02
1.738991763591766357e+02
1.739993298053741455e+02
1.740994656085968018e+02
1.741998083591461182e+02
1.742999877929687500e+02
1.744002134799957275e+02
1.745003798007965088e+02
1.746005830764770508e+02
1.747007124423980713e+02
1.748013119697570801e+02
1.749015753269195557e+02
1.750017237663269043e+02
1.751019034385681152e+02
1.752021596431732178e+02
1.753023433685302734e+02
1.754024813175201416e+02
1.755026800632476807e+02
1.756028676033020020e+02
1.757030067443847656e+02
1.758032188415527344e+02
1.759035184383392334e+02
1.760037086009979248e+02
1.761038479804992676e+02
1.762040870189666748e+02
1.763044254779815674e+02
1.764045679569244385e+02
1.765048267841339111e+02
1.766050977706909180e+02
1.767052888870239258e+02
1.768054301738739014e+02
1.769056286811828613e+02
1.770058109760284424e+02
1.771059966087341309e+02
1.772061281204223633e+02
1.773064827919006348e+02
1.774066681861877441e+02
1.775067977905273438e+02
1.776071219444274902e+02
1.777072689533233643e+02
1.778074519634246826e+02
1.779076356887817383e+02
1.780079746246337891e+02
1.781082577705383301e+02
1.782084381580352783e+02
1.783087368011474609e+02
1.784089365005493164e+02
1.785091433525085449e+02
1.786092762947082520e+02
1.787095103263854980e+02
1.788098075389862061e+02
1.789099824428558350e+02
1.790101623535156250e+02
1.791110904216766357e+02
1.792112815380096436e+02
1.793114464282989502e+02
1.794116954803466797e+02
1.795119800567626953e+02
1.796122689247131348e+02
1.797125897407531738e+02
1.798127779960632324e+02
1.799133951663970947e+02
1.800136282444000244e+02
1.801138932704925537e+02
1.802142460346221924e+02
1.803144268989562988e+02
1.804145798683166504e+02
1.805149605274200439e+02
1.806151449680328369e+02
1.807152855396270752e+02
1.808155488967895508e+02
1.809158287048339844e+02
1.810160171985626221e+02
1.811161520481109619e+02
1.812163453102111816e+02
1.813165359497070312e+02
1.814167518615722656e+02
1.815168910026550293e+02
1.816171116828918457e+02
1.817172720432281494e+02
1.818174507617950439e+02
1.819175944328308105e+02
1.820177733898162842e+02
1.821179790496826172e+02
1.822182195186614990e+02
1.823184273242950439e+02
1.824186227321624756e+02
1.825188038349151611e+02
1.826189329624176025e+02
1.827191762924194336e+02
1.828194143772125244e+02
1.829195871353149414e+02
1.830198764801025391e+02
1.831201171875000000e+02
1.832203121185302734e+02
1.833205971717834473e+02
1.834207379817962646e+02
1.835209167003631592e+02
1.836211705207824707e+02
1.837214126586914062e+02
1.838215825557708740e+02
1.839217176437377930e+02
1.840219628810882568e+02
1.841221899986267090e+02
1.842224633693695068e+02
1.843226377964019775e+02
1.844228527545928955e+02
1.845231430530548096e+02
1.846234102249145508e+02
1.847235467433929443e+02
1.848238830566406250e+02
1.849241845607757568e+02
1.850243930816650391e+02
1.851245634555816650e+02
1.852249002456665039e+02
1.853251030445098877e+02
1.854252872467041016e+02
1.855255124568939209e+02
1.856258468627929688e+02
1.857260224819183350e+02
1.858261594772338867e+02
1.859263033866882324e+02
1.860265455245971680e+02
1.861267263889312744e+02
1.862270119190216064e+02
1.863271796703338623e+02
1.864273457527160645e+02
1.865275101661682129e+02
1.866277077198028564e+02
1.867278976440429688e+02
1.868280439376831055e+02
1.869282369613647461e+02
1.870284180641174316e+02
1.871285574436187744e+02
1.872287058830261230e+02
1.873288769721984863e+02
1.874290623664855957e+02
1.875293414592742920e+02
1.876296198368072510e+02
1.877299613952636719e+02
1.878301403522491455e+02
1.879308722019195557e+02
1.880310382843017578e+02
1.881311950683593750e+02
1.882313482761383057e+02
1.883315377235412598e+02
1.884317092895507812e+02
1.885318768024444580e+02
1.886320388317108154e+02
1.887322909832000732e+02
1.888324768543243408e+02
1.889326245784759521e+02
1.890327692031860352e+02
1.891329240798950195e+02
1.892331447601318359e+02
1.893333075046539307e+02
1.894335210323333740e+02
1.895338213443756104e+02
1.896341292858123779e+02
1.897343552112579346e+02
1.898346562385559082e+02
1.899348800182342529e+02
1.900352363586425781e+02
1.901354393959045410e+02
1.902356338500976562e+02
1.903359286785125732e+02
1.904362525939941406e+02
1.905364515781402588e+02
1.906366391181945801e+02
1.907369620800018311e+02
1.908376545906066895e+02
1.909379127025604248e+02
1.910382227897644043e+02
1.911384010314941406e+02
1.912386226654052734e+02
1.913388092517852783e+02
1.914390764236450195e+02
1.915392844676971436e+02
1.916394672393798828e+02
1.917397429943084717e+02
1.918400456905364990e+02
1.919401862621307373e+02
1.920403740406036377e+02
1.921405451297760010e+02
1.922410416603088379e+02
1.923412766456604004e+02
1.924414687156677246e+02
1.925416543483734131e+02
1.926418817043304443e+02
1.927420897483825684e+02
1.928423056602478027e+02
1.929428393840789795e+02
1.930430438518524170e+02
1.931433088779449463e+02
1.932438287734985352e+02
1.933443865776062012e+02
1.934449708461761475e+02
1.935454335212707520e+02
1.936455888748168945e+02
1.937460241317749023e+02
