3.452296875000000000e+03
3.470878906250000000e+03
3.486050781250000000e+03
3.483515625000000000e+03
3.504968750000000000e+03
3.538609375000000000e+03
3.544957031250000000e+03
3.636375000000000000e+03
3.655281250000000000e+03
3.670335937500000000e+03
3.685652343750000000e+03
3.701367187500000000e+03
3.712941406250000000e+03
3.733382812500000000e+03
3.728218750000000000e+03
3.747296875000000000e+03
3.866109375000000000e+03
3.855664062500000000e+03
3.859660156250000000e+03
3.864277343750000000e+03
3.891125000000000000e+03
3.882894531250000000e+03
3.874996093750000000e+03
3.888480468750000000e+03
3.875742187500000000e+03
3.876242187500000000e+03
3.875984375000000000e+03
3.876707031250000000e+03
3.876691406250000000e+03
3.876679687500000000e+03
3.889441406250000000e+03
3.877457031250000000e+03
3.880160156250000000e+03
3.898589843750000000e+03
3.910292968750000000e+03
3.921062500000000000e+03
3.927511718750000000e+03
3.932433593750000000e+03
3.940640625000000000e+03
3.961734375000000000e+03
3.955664062500000000e+03
3.963812500000000000e+03
3.985339843750000000e+03
3.969757812500000000e+03
3.978855468750000000e+03
3.991437500000000000e+03
3.985148437500000000e+03
3.987796875000000000e+03
3.991066406250000000e+03
3.997746093750000000e+03
3.995453125000000000e+03
3.994332031250000000e+03
4.005347656250000000e+03
4.014941406250000000e+03
4.045421875000000000e+03
4.059113281250000000e+03
4.077070312500000000e+03
4.128234375000000000e+03
4.267765625000000000e+03
4.281289062500000000e+03
4.295843750000000000e+03
4.313820312500000000e+03
4.326785156250000000e+03
4.336937500000000000e+03
4.358171875000000000e+03
4.355421875000000000e+03
4.369734375000000000e+03
4.382687500000000000e+03
4.389597656250000000e+03
4.392093750000000000e+03
4.422714843750000000e+03
4.427335937500000000e+03
4.437027343750000000e+03
4.464355468750000000e+03
4.463320312500000000e+03
4.481335937500000000e+03
4.491484375000000000e+03
4.500703125000000000e+03
4.505312500000000000e+03
4.528132812500000000e+03
4.524921875000000000e+03
4.531492187500000000e+03
4.550093750000000000e+03
4.541785156250000000e+03
4.546023437500000000e+03
4.548667968750000000e+03
4.551175781250000000e+03
4.555519531250000000e+03
4.569105468750000000e+03
4.566515625000000000e+03
4.566796875000000000e+03
4.582664062500000000e+03
4.599152343750000000e+03
4.602203125000000000e+03
4.602511718750000000e+03
4.603082031250000000e+03
4.602703125000000000e+03
4.602660156250000000e+03
4.603320312500000000e+03
4.617714843750000000e+03
4.618835937500000000e+03
4.687750000000000000e+03
4.856222656250000000e+03
4.914656250000000000e+03
4.869058593750000000e+03
4.957246093750000000e+03
4.955765625000000000e+03
4.910625000000000000e+03
4.911000000000000000e+03
4.934796875000000000e+03
4.968664062500000000e+03
4.994910156250000000e+03
4.994277343750000000e+03
4.996246093750000000e+03
5.010566406250000000e+03
5.022796875000000000e+03
5.018898437500000000e+03
5.030078125000000000e+03
5.026226562500000000e+03
5.038937500000000000e+03
5.044183593750000000e+03
5.043246093750000000e+03
5.046976562500000000e+03
5.044386718750000000e+03
5.043636718750000000e+03
5.057531250000000000e+03
5.049296875000000000e+03
5.058281250000000000e+03
5.080820312500000000e+03
5.070171875000000000e+03
5.077832031250000000e+03
5.084984375000000000e+03
5.092394531250000000e+03
5.097285156250000000e+03
5.099371093750000000e+03
5.121703125000000000e+03
5.106945312500000000e+03
5.110332031250000000e+03
4.964000000000000000e+03
4.955074218750000000e+03
4.957808593750000000e+03
4.957917968750000000e+03
4.958457031250000000e+03
4.958886718750000000e+03
4.958828125000000000e+03
4.958828125000000000e+03
4.958601562500000000e+03
4.971125000000000000e+03
4.958343750000000000e+03
4.960671875000000000e+03
4.969042968750000000e+03
4.970554687500000000e+03
4.973902343750000000e+03
4.992273437500000000e+03
4.983160156250000000e+03
4.990628906250000000e+03
5.015144531250000000e+03
5.015882812500000000e+03
5.020714843750000000e+03
5.019371093750000000e+03
5.029566406250000000e+03
5.035160156250000000e+03
5.014074218750000000e+03
5.035660156250000000e+03
5.016925781250000000e+03
5.034429687500000000e+03
5.066675781250000000e+03
5.053957031250000000e+03
5.056308593750000000e+03
5.062460937500000000e+03
5.063164062500000000e+03
5.062000000000000000e+03
5.075882812500000000e+03
5.068421875000000000e+03
5.069902343750000000e+03
5.082550781250000000e+03
5.070625000000000000e+03
5.080148437500000000e+03
5.081601562500000000e+03
5.192687500000000000e+03
5.272769531250000000e+03
5.301777343750000000e+03
5.317117187500000000e+03
5.266191406250000000e+03
5.267820312500000000e+03
5.281109375000000000e+03
5.264199218750000000e+03
5.264425781250000000e+03
5.277230468750000000e+03
5.264160156250000000e+03
5.266378906250000000e+03
5.276214843750000000e+03
5.277042968750000000e+03
5.274863281250000000e+03
5.281125000000000000e+03
5.280781250000000000e+03
5.280671875000000000e+03
5.289792968750000000e+03
5.287066406250000000e+03
5.293664062500000000e+03
5.307585937500000000e+03
5.305949218750000000e+03
5.313765625000000000e+03
5.330683593750000000e+03
5.321363281250000000e+03
5.325566406250000000e+03
5.324789062500000000e+03
5.327117187500000000e+03
5.327550781250000000e+03
5.345519531250000000e+03
5.340628906250000000e+03
5.252281250000000000e+03
5.264718750000000000e+03
5.251808593750000000e+03
5.253468750000000000e+03
5.262191406250000000e+03
5.257554687500000000e+03
5.257484375000000000e+03
5.270535156250000000e+03
5.258519531250000000e+03
5.258726562500000000e+03
5.258929687500000000e+03
5.258742187500000000e+03
5.258648437500000000e+03
5.259113281250000000e+03
5.259113281250000000e+03
5.258312500000000000e+03
5.258328125000000000e+03
5.271082031250000000e+03
5.258855468750000000e+03
5.258660156250000000e+03
5.259003906250000000e+03
5.258832031250000000e+03
5.259773437500000000e+03
5.260003906250000000e+03
5.264394531250000000e+03
5.262078125000000000e+03
5.261820312500000000e+03
5.274039062500000000e+03
5.304648437500000000e+03
5.311332031250000000e+03
5.322144531250000000e+03
5.322433593750000000e+03
5.313562500000000000e+03
5.313640625000000000e+03
5.313886718750000000e+03
5.261890625000000000e+03
5.261730468750000000e+03
5.247292968750000000e+03
5.247371093750000000e+03
5.260066406250000000e+03
5.247277343750000000e+03
5.249019531250000000e+03
5.247117187500000000e+03
5.247308593750000000e+03
5.261605468750000000e+03
5.248320312500000000e+03
5.248496093750000000e+03
5.260800781250000000e+03
5.248542968750000000e+03
5.248531250000000000e+03
5.261468750000000000e+03
5.248531250000000000e+03
5.248953125000000000e+03
5.248941406250000000e+03
5.248753906250000000e+03
5.248667968750000000e+03
5.248812500000000000e+03
5.248640625000000000e+03
5.247441406250000000e+03
5.246644531250000000e+03
5.244960937500000000e+03
5.248312500000000000e+03
5.245812500000000000e+03
5.245507812500000000e+03
5.244355468750000000e+03
5.245824218750000000e+03
5.257691406250000000e+03
5.245308593750000000e+03
5.245699218750000000e+03
5.245500000000000000e+03
5.245296875000000000e+03
5.245457031250000000e+03
5.245066406250000000e+03
5.258195312500000000e+03
5.245726562500000000e+03
5.245714843750000000e+03
5.259167968750000000e+03
5.246648437500000000e+03
5.246128906250000000e+03
5.246988281250000000e+03
5.246421875000000000e+03
5.246843750000000000e+03
5.246453125000000000e+03
5.246640625000000000e+03
5.247589843750000000e+03
5.245531250000000000e+03
5.249835937500000000e+03
5.245480468750000000e+03
5.245207031250000000e+03
5.247375000000000000e+03
5.245253906250000000e+03
5.258441406250000000e+03
5.245660156250000000e+03
5.244937500000000000e+03
5.243789062500000000e+03
5.244832031250000000e+03
5.244667968750000000e+03
5.245250000000000000e+03
5.245203125000000000e+03
5.244945312500000000e+03
5.244687500000000000e+03
5.244484375000000000e+03
5.244414062500000000e+03
5.244222656250000000e+03
5.247085937500000000e+03
5.245890625000000000e+03
5.245863281250000000e+03
5.258371093750000000e+03
5.245835937500000000e+03
5.246011718750000000e+03
5.260722656250000000e+03
5.246257812500000000e+03
5.246507812500000000e+03
5.259000000000000000e+03
5.246277343750000000e+03
5.247839843750000000e+03
5.255593750000000000e+03
5.254714843750000000e+03
5.269906250000000000e+03
5.249128906250000000e+03
5.248929687500000000e+03
5.263968750000000000e+03
5.269285156250000000e+03
5.279714843750000000e+03
5.290320312500000000e+03
5.312316406250000000e+03
5.278265625000000000e+03
5.280644531250000000e+03
5.281933593750000000e+03
5.299371093750000000e+03
5.294183593750000000e+03
5.317187500000000000e+03
5.283214843750000000e+03
5.283054687500000000e+03
5.272734375000000000e+03
5.271398437500000000e+03
5.271832031250000000e+03
5.286386718750000000e+03
5.273906250000000000e+03
5.273402343750000000e+03
5.286359375000000000e+03
5.273171875000000000e+03
5.273445312500000000e+03
5.273167968750000000e+03
5.286582031250000000e+03
5.274937500000000000e+03
5.274230468750000000e+03
5.273832031250000000e+03
5.273269531250000000e+03
5.272894531250000000e+03
5.272539062500000000e+03
5.272144531250000000e+03
5.271351562500000000e+03
5.271527343750000000e+03
5.283976562500000000e+03
5.274828125000000000e+03
5.274988281250000000e+03
5.274542968750000000e+03
5.274542968750000000e+03
5.273640625000000000e+03
5.285792968750000000e+03
5.273289062500000000e+03
5.273214843750000000e+03
5.273464843750000000e+03
5.273464843750000000e+03
5.273894531250000000e+03
5.274265625000000000e+03
5.289152343750000000e+03
5.274496093750000000e+03
5.274214843750000000e+03
5.286753906250000000e+03
5.274218750000000000e+03
5.273921875000000000e+03
5.287417968750000000e+03
5.274230468750000000e+03
5.274539062500000000e+03
5.274250000000000000e+03
5.276187500000000000e+03
5.274269531250000000e+03
5.274503906250000000e+03
5.274843750000000000e+03
5.273312500000000000e+03
5.273164062500000000e+03
5.285496093750000000e+03
5.273089843750000000e+03
5.274785156250000000e+03
5.273828125000000000e+03
5.273828125000000000e+03
5.273554687500000000e+03
5.285453125000000000e+03
5.273179687500000000e+03
5.273429687500000000e+03
5.286167968750000000e+03
5.273214843750000000e+03
5.273218750000000000e+03
5.273394531250000000e+03
5.287644531250000000e+03
5.273597656250000000e+03
5.273617187500000000e+03
5.286605468750000000e+03
5.275351562500000000e+03
5.275511718750000000e+03
5.275777343750000000e+03
5.274792968750000000e+03
5.274289062500000000e+03
5.291527343750000000e+03
5.273261718750000000e+03
5.272542968750000000e+03
5.285769531250000000e+03
5.272234375000000000e+03
5.272425781250000000e+03
5.284648437500000000e+03
5.272085937500000000e+03
5.272277343750000000e+03
5.271878906250000000e+03
5.271937500000000000e+03
5.271851562500000000e+03
5.272218750000000000e+03
5.271843750000000000e+03
5.272265625000000000e+03
5.272648437500000000e+03
5.285253906250000000e+03
5.273835937500000000e+03
5.272718750000000000e+03
5.272312500000000000e+03
5.272558593750000000e+03
5.273324218750000000e+03
5.272828125000000000e+03
5.273316406250000000e+03
5.272835937500000000e+03
5.273273437500000000e+03
5.275074218750000000e+03
5.272546875000000000e+03
5.272578125000000000e+03
5.283417968750000000e+03
5.272648437500000000e+03
5.272792968750000000e+03
5.286046875000000000e+03
5.273425781250000000e+03
5.273136718750000000e+03
5.273539062500000000e+03
5.273585937500000000e+03
5.273527343750000000e+03
5.273031250000000000e+03
5.273140625000000000e+03
5.272929687500000000e+03
5.274984375000000000e+03
5.278468750000000000e+03
5.273574218750000000e+03
5.273273437500000000e+03
5.286027343750000000e+03
5.273253906250000000e+03
5.273808593750000000e+03
5.273777343750000000e+03
5.273574218750000000e+03
5.273242187500000000e+03
5.273007812500000000e+03
5.275160156250000000e+03
5.273242187500000000e+03
5.273460937500000000e+03
5.286156250000000000e+03
5.273449218750000000e+03
5.273453125000000000e+03
5.286207031250000000e+03
5.273238281250000000e+03
5.273035156250000000e+03
5.287167968750000000e+03
5.274269531250000000e+03
5.273617187500000000e+03
5.285921875000000000e+03
5.272968750000000000e+03
5.272652343750000000e+03
5.272640625000000000e+03
5.287226562500000000e+03
5.272628906250000000e+03
5.272949218750000000e+03
5.285101562500000000e+03
5.272828125000000000e+03
5.272929687500000000e+03
5.285191406250000000e+03
5.272917968750000000e+03
5.272906250000000000e+03
5.273085937500000000e+03
5.273085937500000000e+03
5.272410156250000000e+03
5.272093750000000000e+03
5.277234375000000000e+03
5.272933593750000000e+03
5.272914062500000000e+03
5.284898437500000000e+03
5.272824218750000000e+03
5.273058593750000000e+03
5.283808593750000000e+03
5.271144531250000000e+03
5.270992187500000000e+03
5.271343750000000000e+03
5.271343750000000000e+03
5.271878906250000000e+03
5.271742187500000000e+03
5.271898437500000000e+03
5.271566406250000000e+03
5.284058593750000000e+03
5.274335937500000000e+03
5.274941406250000000e+03
5.275265625000000000e+03
5.275062500000000000e+03
5.274730468750000000e+03
5.274542968750000000e+03
5.285128906250000000e+03
5.274156250000000000e+03
5.274390625000000000e+03
5.286890625000000000e+03
5.274167968750000000e+03
5.274144531250000000e+03
5.274566406250000000e+03
5.274394531250000000e+03
5.274316406250000000e+03
5.274050781250000000e+03
5.278109375000000000e+03
5.274019531250000000e+03
5.274269531250000000e+03
5.274269531250000000e+03
5.274011718750000000e+03
5.273941406250000000e+03
5.273753906250000000e+03
5.273726562500000000e+03
5.274410156250000000e+03
5.287207031250000000e+03
5.274625000000000000e+03
5.274195312500000000e+03
5.274199218750000000e+03
5.274199218750000000e+03
5.274167968750000000e+03
5.274191406250000000e+03
5.278234375000000000e+03
5.273902343750000000e+03
5.273906250000000000e+03
5.274210937500000000e+03
5.274617187500000000e+03
5.287386718750000000e+03
5.274984375000000000e+03
5.275316406250000000e+03
5.290929687500000000e+03
5.276257812500000000e+03
5.276277343750000000e+03
5.289031250000000000e+03
5.276277343750000000e+03
5.277320312500000000e+03
5.289261718750000000e+03
5.277347656250000000e+03
5.277554687500000000e+03
5.290507812500000000e+03
5.277613281250000000e+03
5.277789062500000000e+03
5.290476562500000000e+03
5.277941406250000000e+03
5.278027343750000000e+03
5.278015625000000000e+03
5.292398437500000000e+03
5.277972656250000000e+03
5.278222656250000000e+03
5.282089843750000000e+03
5.278007812500000000e+03
5.278183593750000000e+03
5.290722656250000000e+03
5.278187500000000000e+03
5.278175781250000000e+03
5.291421875000000000e+03
5.279140625000000000e+03
5.278886718750000000e+03
5.291148437500000000e+03
5.278875000000000000e+03
5.278917968750000000e+03
5.292125000000000000e+03
5.278937500000000000e+03
5.278917968750000000e+03
5.279070312500000000e+03
5.278781250000000000e+03
5.278972656250000000e+03
5.278960937500000000e+03
5.278757812500000000e+03
5.278917968750000000e+03
5.278871093750000000e+03
5.291812500000000000e+03
5.278722656250000000e+03
5.278898437500000000e+03
5.291160156250000000e+03
5.279605468750000000e+03
5.278546875000000000e+03
5.279109375000000000e+03
5.279167968750000000e+03
5.278851562500000000e+03
5.278492187500000000e+03
5.282535156250000000e+03
5.277769531250000000e+03
5.277878906250000000e+03
5.290964843750000000e+03
5.277761718750000000e+03
5.278167968750000000e+03
5.278031250000000000e+03
5.290816406250000000e+03
5.278035156250000000e+03
5.277832031250000000e+03
5.277562500000000000e+03
5.279535156250000000e+03
5.279710937500000000e+03
5.279730468750000000e+03
5.292472656250000000e+03
5.277562500000000000e+03
5.277179687500000000e+03
5.277183593750000000e+03
5.281921875000000000e+03
5.277648437500000000e+03
5.277636718750000000e+03
5.290593750000000000e+03
5.277625000000000000e+03
5.277628906250000000e+03
5.277683593750000000e+03
5.277578125000000000e+03
5.278132812500000000e+03
5.290699218750000000e+03
5.278042968750000000e+03
5.277746093750000000e+03
5.277750000000000000e+03
5.277808593750000000e+03
5.277738281250000000e+03
5.277710937500000000e+03
5.290667968750000000e+03
5.278304687500000000e+03
5.278316406250000000e+03
5.277902343750000000e+03
5.281714843750000000e+03
5.277472656250000000e+03
5.277664062500000000e+03
5.277460937500000000e+03
5.277621093750000000e+03
5.277609375000000000e+03
5.279546875000000000e+03
5.277613281250000000e+03
5.277585937500000000e+03
5.291941406250000000e+03
5.277386718750000000e+03
5.277562500000000000e+03
5.290332031250000000e+03
5.277378906250000000e+03
5.277605468750000000e+03
5.290308593750000000e+03
5.277585937500000000e+03
5.277472656250000000e+03
5.277976562500000000e+03
5.278222656250000000e+03
5.278734375000000000e+03
5.277789062500000000e+03
5.290746093750000000e+03
5.277792968750000000e+03
5.277722656250000000e+03
5.278433593750000000e+03
5.278230468750000000e+03
5.278417968750000000e+03
5.277128906250000000e+03
5.281367187500000000e+03
5.277296875000000000e+03
5.277285156250000000e+03
5.279683593750000000e+03
5.277273437500000000e+03
5.277246093750000000e+03
5.277234375000000000e+03
5.277234375000000000e+03
5.277722656250000000e+03
5.277550781250000000e+03
5.289207031250000000e+03
5.276917968750000000e+03
5.276714843750000000e+03
5.289199218750000000e+03
5.276968750000000000e+03
5.277128906250000000e+03
5.277117187500000000e+03
5.277117187500000000e+03
5.276679687500000000e+03
5.276855468750000000e+03
5.289820312500000000e+03
5.277250000000000000e+03
5.277425781250000000e+03
5.289933593750000000e+03
5.277398437500000000e+03
5.277195312500000000e+03
5.291679687500000000e+03
5.277328125000000000e+03
5.278175781250000000e+03
5.292625000000000000e+03
5.277855468750000000e+03
5.277226562500000000e+03
5.290265625000000000e+03
5.277421875000000000e+03
5.276972656250000000e+03
5.277132812500000000e+03
5.281941406250000000e+03
5.277746093750000000e+03
5.277589843750000000e+03
5.290308593750000000e+03
5.277679687500000000e+03
5.277667968750000000e+03
5.277687500000000000e+03
5.277730468750000000e+03
5.277890625000000000e+03
5.277011718750000000e+03
5.271972656250000000e+03
5.271796875000000000e+03
5.272503906250000000e+03
5.286195312500000000e+03
5.271566406250000000e+03
5.271781250000000000e+03
5.286195312500000000e+03
5.271785156250000000e+03
5.272355468750000000e+03
5.284972656250000000e+03
5.272003906250000000e+03
5.272179687500000000e+03
5.272152343750000000e+03
5.271714843750000000e+03
5.272136718750000000e+03
5.284375000000000000e+03
5.271839843750000000e+03
5.271714843750000000e+03
5.271683593750000000e+03
5.271511718750000000e+03
5.271820312500000000e+03
5.271375000000000000e+03
5.273144531250000000e+03
5.243949218750000000e+03
5.243496093750000000e+03
5.255988281250000000e+03
5.243484375000000000e+03
5.243199218750000000e+03
5.243308593750000000e+03
5.247667968750000000e+03
5.243519531250000000e+03
5.243738281250000000e+03
5.256648437500000000e+03
5.243613281250000000e+03
5.251394531250000000e+03
5.248429687500000000e+03
5.245960937500000000e+03
5.244652343750000000e+03
5.245511718750000000e+03
5.246136718750000000e+03
5.247992187500000000e+03
5.260304687500000000e+03
5.247304687500000000e+03
5.249050781250000000e+03
5.248746093750000000e+03
5.248253906250000000e+03
5.251429687500000000e+03
5.249296875000000000e+03
5.253445312500000000e+03
5.249203125000000000e+03
5.250914062500000000e+03
5.261671875000000000e+03
5.249421875000000000e+03
5.248191406250000000e+03
5.248425781250000000e+03
5.248425781250000000e+03
5.248136718750000000e+03
5.247894531250000000e+03
5.261140625000000000e+03
5.248375000000000000e+03
5.248593750000000000e+03
5.248613281250000000e+03
5.248425781250000000e+03
5.249933593750000000e+03
5.249402343750000000e+03
5.262144531250000000e+03
5.249437500000000000e+03
5.249437500000000000e+03
5.249550781250000000e+03
5.253855468750000000e+03
5.249410156250000000e+03
5.249742187500000000e+03
5.261496093750000000e+03
5.249207031250000000e+03
5.248980468750000000e+03
5.261523437500000000e+03
5.248339843750000000e+03
5.248757812500000000e+03
5.248949218750000000e+03
5.250593750000000000e+03
5.248406250000000000e+03
5.248394531250000000e+03
5.262777343750000000e+03
5.248382812500000000e+03
5.248691406250000000e+03
5.260707031250000000e+03
5.248246093750000000e+03
5.248378906250000000e+03
5.248058593750000000e+03
5.252710937500000000e+03
5.248640625000000000e+03
5.248644531250000000e+03
5.261511718750000000e+03
5.248511718750000000e+03
5.248468750000000000e+03
5.261007812500000000e+03
5.248007812500000000e+03
5.248117187500000000e+03
5.248199218750000000e+03
5.260164062500000000e+03
5.247644531250000000e+03
5.247648437500000000e+03
5.260203125000000000e+03
5.248304687500000000e+03
5.248500000000000000e+03
5.247882812500000000e+03
5.247710937500000000e+03
5.248003906250000000e+03
5.247746093750000000e+03
5.260730468750000000e+03
5.248023437500000000e+03
5.248214843750000000e+03
5.261203125000000000e+03
5.248000000000000000e+03
5.248160156250000000e+03
5.247976562500000000e+03
5.247992187500000000e+03
5.247964843750000000e+03
5.248125000000000000e+03
5.260171875000000000e+03
5.247957031250000000e+03
5.248132812500000000e+03
5.260148437500000000e+03
5.247917968750000000e+03
5.246183593750000000e+03
5.256851562500000000e+03
5.244839843750000000e+03
5.244812500000000000e+03
5.257718750000000000e+03
5.245164062500000000e+03
5.245355468750000000e+03
5.244875000000000000e+03
5.244671875000000000e+03
5.244832031250000000e+03
5.245097656250000000e+03
5.257113281250000000e+03
5.245085937500000000e+03
5.244921875000000000e+03
5.244867187500000000e+03
5.244875000000000000e+03
5.244468750000000000e+03
5.243867187500000000e+03
5.245000000000000000e+03
5.244417968750000000e+03
5.243816406250000000e+03
5.244628906250000000e+03
5.245000000000000000e+03
5.242648437500000000e+03
5.242570312500000000e+03
5.242558593750000000e+03
5.242355468750000000e+03
5.242515625000000000e+03
5.242535156250000000e+03
5.255769531250000000e+03
5.243261718750000000e+03
5.243464843750000000e+03
5.243484375000000000e+03
5.243542968750000000e+03
5.243515625000000000e+03
5.243675781250000000e+03
5.256214843750000000e+03
5.243507812500000000e+03
5.243699218750000000e+03
5.243671875000000000e+03
5.245144531250000000e+03
5.243523437500000000e+03
5.244078125000000000e+03
5.245945312500000000e+03
5.244011718750000000e+03
5.243796875000000000e+03
5.246242187500000000e+03
5.244687500000000000e+03
5.244117187500000000e+03
5.256613281250000000e+03
5.244105468750000000e+03
5.244167968750000000e+03
5.243484375000000000e+03
5.253824218750000000e+03
5.242964843750000000e+03
5.243199218750000000e+03
5.242273437500000000e+03
5.242472656250000000e+03
5.242734375000000000e+03
5.244843750000000000e+03
5.244515625000000000e+03
5.244054687500000000e+03
5.256796875000000000e+03
5.244289062500000000e+03
5.243957031250000000e+03
5.244062500000000000e+03
5.256421875000000000e+03
5.244132812500000000e+03
5.244480468750000000e+03
5.254976562500000000e+03
5.244929687500000000e+03
5.244492187500000000e+03
5.256445312500000000e+03
5.243777343750000000e+03
5.244343750000000000e+03
5.245039062500000000e+03
5.244933593750000000e+03
5.244601562500000000e+03
5.243847656250000000e+03
5.258261718750000000e+03
5.243648437500000000e+03
5.245171875000000000e+03
5.258179687500000000e+03
5.245226562500000000e+03
5.244410156250000000e+03
5.244777343750000000e+03
5.244441406250000000e+03
5.244863281250000000e+03
5.244867187500000000e+03
5.245156250000000000e+03
5.245332031250000000e+03
5.249390625000000000e+03
5.244742187500000000e+03
5.244871093750000000e+03
5.244554687500000000e+03
5.244804687500000000e+03
5.248847656250000000e+03
5.244777343750000000e+03
5.244503906250000000e+03
5.256796875000000000e+03
5.244781250000000000e+03
5.245410156250000000e+03
5.256800781250000000e+03
5.243925781250000000e+03
5.244054687500000000e+03
5.244378906250000000e+03
5.259007812500000000e+03
5.244164062500000000e+03
5.243976562500000000e+03
5.256484375000000000e+03
5.243656250000000000e+03
5.243976562500000000e+03
5.256023437500000000e+03
5.243781250000000000e+03
5.244320312500000000e+03
5.244386718750000000e+03
5.244875000000000000e+03
5.246339843750000000e+03
5.257207031250000000e+03
5.243667968750000000e+03
5.243351562500000000e+03
5.257472656250000000e+03
5.244023437500000000e+03
5.243136718750000000e+03
5.241675781250000000e+03
5.241734375000000000e+03
5.241886718750000000e+03
5.242351562500000000e+03
5.254816406250000000e+03
5.242152343750000000e+03
5.242328125000000000e+03
5.254605468750000000e+03
5.242316406250000000e+03
5.242863281250000000e+03
5.255320312500000000e+03
5.242785156250000000e+03
5.242960937500000000e+03
5.242761718750000000e+03
5.242761718750000000e+03
5.242937500000000000e+03
5.243164062500000000e+03
5.244273437500000000e+03
5.244488281250000000e+03
5.244417968750000000e+03
5.256664062500000000e+03
5.244035156250000000e+03
5.244023437500000000e+03
5.256546875000000000e+03
5.244011718750000000e+03
5.244187500000000000e+03
5.243988281250000000e+03
5.243988281250000000e+03
5.243976562500000000e+03
5.243964843750000000e+03
5.256675781250000000e+03
5.244140625000000000e+03
5.245628906250000000e+03
5.242949218750000000e+03
5.256199218750000000e+03
5.243476562500000000e+03
5.243718750000000000e+03
5.244210937500000000e+03
5.244570312500000000e+03
5.257132812500000000e+03
5.257132812500000000e+03
5.257132812500000000e+03
5.245003906250000000e+03
5.245003906250000000e+03
5.245003906250000000e+03
5.257281250000000000e+03
5.244992187500000000e+03
5.244539062500000000e+03
5.244960937500000000e+03
5.244773437500000000e+03
5.244949218750000000e+03
5.257492187500000000e+03
5.244710937500000000e+03
5.244699218750000000e+03
5.244917968750000000e+03
5.244730468750000000e+03
5.244906250000000000e+03
5.244906250000000000e+03
5.257156250000000000e+03
5.246281250000000000e+03
5.244292968750000000e+03
5.256886718750000000e+03
5.244164062500000000e+03
5.243601562500000000e+03
5.255121093750000000e+03
5.242671875000000000e+03
5.242000000000000000e+03
5.242031250000000000e+03
5.242191406250000000e+03
5.242789062500000000e+03
5.249390625000000000e+03
5.242964843750000000e+03
5.242781250000000000e+03
5.254898437500000000e+03
5.242609375000000000e+03
5.242582031250000000e+03
5.242816406250000000e+03
5.242628906250000000e+03
5.245015625000000000e+03
5.244246093750000000e+03
5.244246093750000000e+03
5.244234375000000000e+03
5.244445312500000000e+03
5.256136718750000000e+03
5.243675781250000000e+03
5.243843750000000000e+03
5.244035156250000000e+03
5.244093750000000000e+03
5.243777343750000000e+03
5.243585937500000000e+03
5.243585937500000000e+03
5.244000000000000000e+03
5.243988281250000000e+03
5.258402343750000000e+03
5.243976562500000000e+03
5.243964843750000000e+03
5.256734375000000000e+03
5.243765625000000000e+03
5.245910156250000000e+03
5.244359375000000000e+03
5.243730468750000000e+03
5.243718750000000000e+03
5.243894531250000000e+03
5.248066406250000000e+03
5.243996093750000000e+03
5.244171875000000000e+03
5.244718750000000000e+03
5.244523437500000000e+03
5.244511718750000000e+03
5.257281250000000000e+03
5.244500000000000000e+03
5.244488281250000000e+03
5.244476562500000000e+03
5.244289062500000000e+03
5.244648437500000000e+03
5.244636718750000000e+03
5.244625000000000000e+03
5.244437500000000000e+03
5.244613281250000000e+03
5.245171875000000000e+03
5.249152343750000000e+03
5.245105468750000000e+03
5.245031250000000000e+03
5.258539062500000000e+03
5.245289062500000000e+03
5.245031250000000000e+03
5.245019531250000000e+03
5.257476562500000000e+03
5.244820312500000000e+03
5.244742187500000000e+03
5.257273437500000000e+03
5.244566406250000000e+03
5.244742187500000000e+03
5.257945312500000000e+03
5.244859375000000000e+03
5.244847656250000000e+03
5.244835937500000000e+03
5.257605468750000000e+03
5.244824218750000000e+03
5.244636718750000000e+03
5.244609375000000000e+03
5.248289062500000000e+03
5.244597656250000000e+03
5.244511718750000000e+03
5.244878906250000000e+03
5.244312500000000000e+03
5.244488281250000000e+03
5.243238281250000000e+03
5.255480468750000000e+03
5.243207031250000000e+03
5.243230468750000000e+03
5.243218750000000000e+03
5.245156250000000000e+03
5.243238281250000000e+03
5.241722656250000000e+03
5.241898437500000000e+03
5.242214843750000000e+03
5.242906250000000000e+03
5.242960937500000000e+03
5.247921875000000000e+03
5.243851562500000000e+03
5.244542968750000000e+03
5.257445312500000000e+03
5.243398437500000000e+03
5.243570312500000000e+03
5.243066406250000000e+03
5.247386718750000000e+03
5.242851562500000000e+03
5.243203125000000000e+03
5.243359375000000000e+03
5.243558593750000000e+03
5.243734375000000000e+03
5.243851562500000000e+03
5.256589843750000000e+03
5.243621093750000000e+03
5.243796875000000000e+03
5.243867187500000000e+03
5.247531250000000000e+03
5.243824218750000000e+03
5.244406250000000000e+03
5.242679687500000000e+03
5.242679687500000000e+03
5.242644531250000000e+03
5.243617187500000000e+03
5.245554687500000000e+03
5.243621093750000000e+03
5.243609375000000000e+03
5.256363281250000000e+03
5.243582031250000000e+03
5.242617187500000000e+03
5.242546875000000000e+03
5.246414062500000000e+03
5.242738281250000000e+03
5.242710937500000000e+03
5.255628906250000000e+03
5.242558593750000000e+03
5.241457031250000000e+03
5.241261718750000000e+03
5.253554687500000000e+03
5.242621093750000000e+03
5.242089843750000000e+03
5.242046875000000000e+03
5.241875000000000000e+03
5.242320312500000000e+03
5.242308593750000000e+03
5.254800781250000000e+03
5.242265625000000000e+03
5.251890625000000000e+03
5.243757812500000000e+03
5.241593750000000000e+03
5.241976562500000000e+03
5.242382812500000000e+03
5.242382812500000000e+03
5.242183593750000000e+03
5.241675781250000000e+03
5.254414062500000000e+03
5.241632812500000000e+03
5.241406250000000000e+03
5.242617187500000000e+03
5.242902343750000000e+03
5.245132812500000000e+03
5.244148437500000000e+03
5.256410156250000000e+03
5.244628906250000000e+03
5.244093750000000000e+03
5.244109375000000000e+03
5.248601562500000000e+03
5.244343750000000000e+03
5.244613281250000000e+03
5.244328125000000000e+03
5.244140625000000000e+03
5.243808593750000000e+03
5.243796875000000000e+03
5.244101562500000000e+03
5.244523437500000000e+03
5.244480468750000000e+03
5.256773437500000000e+03
5.244066406250000000e+03
5.244242187500000000e+03
5.244199218750000000e+03
5.246339843750000000e+03
5.243820312500000000e+03
5.243765625000000000e+03
5.243753906250000000e+03
5.243550781250000000e+03
5.243218750000000000e+03
5.243765625000000000e+03
5.243765625000000000e+03
5.243562500000000000e+03
5.243476562500000000e+03
5.242742187500000000e+03
5.242554687500000000e+03
5.242976562500000000e+03
5.243195312500000000e+03
5.255968750000000000e+03
5.242781250000000000e+03
5.241402343750000000e+03
5.241164062500000000e+03
5.253734375000000000e+03
5.240816406250000000e+03
5.243121093750000000e+03
5.242691406250000000e+03
5.244500000000000000e+03
5.244351562500000000e+03
5.242523437500000000e+03
5.242234375000000000e+03
5.242539062500000000e+03
5.242714843750000000e+03
5.242593750000000000e+03
5.255718750000000000e+03
5.242750000000000000e+03
5.242925781250000000e+03
5.242945312500000000e+03
5.244589843750000000e+03
5.242656250000000000e+03
5.242644531250000000e+03
5.242910156250000000e+03
5.242707031250000000e+03
5.242496093750000000e+03
5.242855468750000000e+03
5.257093750000000000e+03
5.244339843750000000e+03
5.245164062500000000e+03
5.245339843750000000e+03
5.257527343750000000e+03
5.244746093750000000e+03
5.244921875000000000e+03
5.245070312500000000e+03
5.245070312500000000e+03
5.245562500000000000e+03
5.245492187500000000e+03
5.244898437500000000e+03
5.257593750000000000e+03
5.245609375000000000e+03
5.246582031250000000e+03
5.259078125000000000e+03
5.247167968750000000e+03
5.246988281250000000e+03
5.246128906250000000e+03
5.260914062500000000e+03
5.246792968750000000e+03
5.246656250000000000e+03
5.246386718750000000e+03
5.250082031250000000e+03
5.246390625000000000e+03
5.246394531250000000e+03
5.247875000000000000e+03
5.246617187500000000e+03
5.246406250000000000e+03
5.246031250000000000e+03
5.258195312500000000e+03
5.245390625000000000e+03
5.245812500000000000e+03
5.245753906250000000e+03
5.257687500000000000e+03
5.245398437500000000e+03
5.245476562500000000e+03
5.245406250000000000e+03
5.246910156250000000e+03
5.245468750000000000e+03
5.246398437500000000e+03
5.259386718750000000e+03
5.246386718750000000e+03
5.246585937500000000e+03
5.246417968750000000e+03
5.250531250000000000e+03
5.246824218750000000e+03
5.247027343750000000e+03
5.259074218750000000e+03
5.247078125000000000e+03
5.247386718750000000e+03
5.247441406250000000e+03
5.262519531250000000e+03
5.247644531250000000e+03
5.247664062500000000e+03
5.246652343750000000e+03
5.246652343750000000e+03
5.246609375000000000e+03
5.246269531250000000e+03
5.261167968750000000e+03
5.246812500000000000e+03
5.248425781250000000e+03
5.248113281250000000e+03
5.247925781250000000e+03
5.248101562500000000e+03
5.247859375000000000e+03
5.258257812500000000e+03
5.248339843750000000e+03
5.248343750000000000e+03
5.260792968750000000e+03
5.248503906250000000e+03
5.248000000000000000e+03
5.248667968750000000e+03
5.255312500000000000e+03
5.248714843750000000e+03
5.247574218750000000e+03
5.247898437500000000e+03
5.247898437500000000e+03
5.247601562500000000e+03
5.247906250000000000e+03
5.260890625000000000e+03
5.250152343750000000e+03
5.249472656250000000e+03
5.248957031250000000e+03
5.261726562500000000e+03
5.249437500000000000e+03
5.249125000000000000e+03
5.249097656250000000e+03
5.248910156250000000e+03
5.248773437500000000e+03
5.249468750000000000e+03
5.262292968750000000e+03
5.249511718750000000e+03
5.249007812500000000e+03
5.248906250000000000e+03
5.261152343750000000e+03
5.248863281250000000e+03
5.248851562500000000e+03
5.247691406250000000e+03
5.261785156250000000e+03
5.247605468750000000e+03
5.245089843750000000e+03
5.243531250000000000e+03
5.247890625000000000e+03
5.243878906250000000e+03
5.243949218750000000e+03
5.243792968750000000e+03
5.243906250000000000e+03
5.243539062500000000e+03
5.243660156250000000e+03
5.256160156250000000e+03
5.243878906250000000e+03
5.243898437500000000e+03
5.243890625000000000e+03
5.245781250000000000e+03
5.243847656250000000e+03
5.243132812500000000e+03
5.243339843750000000e+03
5.243136718750000000e+03
5.243445312500000000e+03
5.243402343750000000e+03
5.256679687500000000e+03
5.244898437500000000e+03
5.244632812500000000e+03
5.244589843750000000e+03
5.256636718750000000e+03
5.244117187500000000e+03
5.244597656250000000e+03
5.244488281250000000e+03
5.259230468750000000e+03
5.244937500000000000e+03
5.245007812500000000e+03
5.244472656250000000e+03
5.248792968750000000e+03
5.244738281250000000e+03
5.244968750000000000e+03
5.245507812500000000e+03
5.244925781250000000e+03
5.243558593750000000e+03
5.242496093750000000e+03
5.244156250000000000e+03
5.242238281250000000e+03
5.253628906250000000e+03
5.240628906250000000e+03
5.240804687500000000e+03
5.241046875000000000e+03
5.245105468750000000e+03
5.241035156250000000e+03
5.245355468750000000e+03
5.241285156250000000e+03
5.241535156250000000e+03
5.241332031250000000e+03
5.241507812500000000e+03
5.241496093750000000e+03
5.254250000000000000e+03
5.241570312500000000e+03
5.240589843750000000e+03
5.240425781250000000e+03
5.240621093750000000e+03
5.240218750000000000e+03
5.241003906250000000e+03
5.253046875000000000e+03
5.241339843750000000e+03
5.240976562500000000e+03
5.241199218750000000e+03
5.253980468750000000e+03
5.241500000000000000e+03
5.241660156250000000e+03
5.242214843750000000e+03
5.254480468750000000e+03
5.242078125000000000e+03
5.242335937500000000e+03
5.242394531250000000e+03
5.255187500000000000e+03
5.242785156250000000e+03
5.242593750000000000e+03
5.243835937500000000e+03
5.255550781250000000e+03
5.242828125000000000e+03
5.242875000000000000e+03
5.242910156250000000e+03
5.242707031250000000e+03
5.258644531250000000e+03
5.243500000000000000e+03
5.243023437500000000e+03
5.243394531250000000e+03
5.242847656250000000e+03
5.243171875000000000e+03
5.243734375000000000e+03
5.242910156250000000e+03
5.243085937500000000e+03
5.243078125000000000e+03
5.255339843750000000e+03
5.242878906250000000e+03
5.243300781250000000e+03
5.243289062500000000e+03
5.247214843750000000e+03
5.242843750000000000e+03
5.242878906250000000e+03
5.243257812500000000e+03
5.243070312500000000e+03
5.243246093750000000e+03
5.244710937500000000e+03
5.258410156250000000e+03
5.245363281250000000e+03
5.244429687500000000e+03
5.243664062500000000e+03
5.243476562500000000e+03
5.243976562500000000e+03
5.243968750000000000e+03
5.257136718750000000e+03
5.244195312500000000e+03
5.244371093750000000e+03
5.244359375000000000e+03
5.256621093750000000e+03
5.244347656250000000e+03
5.244335937500000000e+03
5.244324218750000000e+03
5.244628906250000000e+03
5.244312500000000000e+03
5.244300781250000000e+03
5.257289062500000000e+03
5.244781250000000000e+03
5.243328125000000000e+03
5.242968750000000000e+03
5.242781250000000000e+03
5.243183593750000000e+03
5.243171875000000000e+03
5.243476562500000000e+03
5.243847656250000000e+03
5.244265625000000000e+03
5.257089843750000000e+03
5.243902343750000000e+03
5.244101562500000000e+03
5.243820312500000000e+03
5.246097656250000000e+03
5.243992187500000000e+03
5.243699218750000000e+03
5.243687500000000000e+03
5.243484375000000000e+03
5.243644531250000000e+03
5.243781250000000000e+03
5.244148437500000000e+03
5.244398437500000000e+03
5.244308593750000000e+03
5.244484375000000000e+03
5.257472656250000000e+03
5.244738281250000000e+03
5.245171875000000000e+03
5.244925781250000000e+03
5.248839843750000000e+03
5.245148437500000000e+03
5.244902343750000000e+03
5.259316406250000000e+03
5.244890625000000000e+03
5.244718750000000000e+03
5.244828125000000000e+03
5.244875000000000000e+03
5.244816406250000000e+03
5.244808593750000000e+03
5.245042968750000000e+03
5.245089843750000000e+03
5.245031250000000000e+03
5.245511718750000000e+03
5.257019531250000000e+03
5.244050781250000000e+03
5.243996093750000000e+03
5.243578125000000000e+03
5.258656250000000000e+03
5.244261718750000000e+03
5.244218750000000000e+03
5.265191406250000000e+03
5.252917968750000000e+03
5.252703125000000000e+03
5.266585937500000000e+03
5.280519531250000000e+03
5.242531250000000000e+03
5.242777343750000000e+03
5.242789062500000000e+03
5.242410156250000000e+03
5.242167968750000000e+03
5.242171875000000000e+03
5.244093750000000000e+03
5.244117187500000000e+03
5.242519531250000000e+03
5.254750000000000000e+03
5.241703125000000000e+03
5.241632812500000000e+03
5.241687500000000000e+03
5.241687500000000000e+03
5.241468750000000000e+03
5.241312500000000000e+03
5.253710937500000000e+03
5.241457031250000000e+03
5.241675781250000000e+03
5.253695312500000000e+03
5.241421875000000000e+03
5.241425781250000000e+03
5.241382812500000000e+03
5.241210937500000000e+03
5.240683593750000000e+03
5.241253906250000000e+03
5.254230468750000000e+03
5.242218750000000000e+03
5.242988281250000000e+03
5.243703125000000000e+03
5.243500000000000000e+03
5.242914062500000000e+03
5.243085937500000000e+03
5.243390625000000000e+03
5.243203125000000000e+03
5.243378906250000000e+03
5.243367187500000000e+03
5.255875000000000000e+03
5.243351562500000000e+03
5.244019531250000000e+03
5.244203125000000000e+03
5.244312500000000000e+03
5.244488281250000000e+03
5.244625000000000000e+03
5.257351562500000000e+03
5.244148437500000000e+03
5.244324218750000000e+03
5.244574218750000000e+03
5.255687500000000000e+03
5.244441406250000000e+03
5.244429687500000000e+03
5.244242187500000000e+03
5.244417968750000000e+03
5.243550781250000000e+03
5.243929687500000000e+03
5.243917968750000000e+03
5.243925781250000000e+03
5.256695312500000000e+03
5.244292968750000000e+03
5.244609375000000000e+03
5.244523437500000000e+03
5.258582031250000000e+03
5.244539062500000000e+03
5.244992187500000000e+03
5.244277343750000000e+03
5.248523437500000000e+03
5.244515625000000000e+03
5.244460937500000000e+03
5.258515625000000000e+03
5.245437500000000000e+03
5.245636718750000000e+03
5.245730468750000000e+03
5.247144531250000000e+03
5.245210937500000000e+03
5.244015625000000000e+03
5.244199218750000000e+03
5.244500000000000000e+03
5.244429687500000000e+03
5.244023437500000000e+03
5.256671875000000000e+03
5.244886718750000000e+03
5.244519531250000000e+03
5.244449218750000000e+03
5.249058593750000000e+03
5.244988281250000000e+03
5.244757812500000000e+03
5.244714843750000000e+03
5.244542968750000000e+03
5.246949218750000000e+03
5.246171875000000000e+03
5.246128906250000000e+03
5.245957031250000000e+03
5.245589843750000000e+03
5.246027343750000000e+03
5.250140625000000000e+03
5.246070312500000000e+03
5.246398437500000000e+03
5.258691406250000000e+03
5.245945312500000000e+03
5.247945312500000000e+03
5.248214843750000000e+03
5.248011718750000000e+03
5.247582031250000000e+03
5.247621093750000000e+03
5.247449218750000000e+03
5.247191406250000000e+03
5.246687500000000000e+03
5.259199218750000000e+03
5.246906250000000000e+03
5.246125000000000000e+03
5.246527343750000000e+03
5.250320312500000000e+03
5.246628906250000000e+03
5.246765625000000000e+03
5.246097656250000000e+03
5.246097656250000000e+03
5.247789062500000000e+03
5.259960937500000000e+03
5.246753906250000000e+03
5.245816406250000000e+03
5.245332031250000000e+03
5.248160156250000000e+03
5.245535156250000000e+03
5.245703125000000000e+03
5.247097656250000000e+03
5.245839843750000000e+03
5.246000000000000000e+03
5.245480468750000000e+03
5.257925781250000000e+03
5.246671875000000000e+03
5.246359375000000000e+03
5.245988281250000000e+03
5.246058593750000000e+03
5.246367187500000000e+03
5.246558593750000000e+03
5.248597656250000000e+03
5.246769531250000000e+03
5.246144531250000000e+03
5.246140625000000000e+03
5.245574218750000000e+03
5.245867187500000000e+03
5.245824218750000000e+03
5.248179687500000000e+03
5.246089843750000000e+03
5.246324218750000000e+03
5.246281250000000000e+03
5.250527343750000000e+03
5.246417968750000000e+03
5.246011718750000000e+03
5.258503906250000000e+03
5.245179687500000000e+03
5.245171875000000000e+03
5.244000000000000000e+03
5.248851562500000000e+03
5.244421875000000000e+03
5.244613281250000000e+03
5.257367187500000000e+03
5.244410156250000000e+03
5.244367187500000000e+03
5.244773437500000000e+03
5.244906250000000000e+03
5.244601562500000000e+03
5.244824218750000000e+03
5.256871093750000000e+03
5.244843750000000000e+03
5.244113281250000000e+03
5.244289062500000000e+03
5.244589843750000000e+03
5.244652343750000000e+03
5.245925781250000000e+03
5.257578125000000000e+03
5.244832031250000000e+03
5.244886718750000000e+03
5.246703125000000000e+03
5.244371093750000000e+03
5.244683593750000000e+03
5.244929687500000000e+03
5.246867187500000000e+03
5.245210937500000000e+03
5.245281250000000000e+03
5.257035156250000000e+03
5.244574218750000000e+03
5.244757812500000000e+03
5.257753906250000000e+03
5.244753906250000000e+03
5.244464843750000000e+03
5.244453125000000000e+03
5.256960937500000000e+03
5.244441406250000000e+03
5.246492187500000000e+03
5.258531250000000000e+03
5.246007812500000000e+03
5.246148437500000000e+03
5.246167968750000000e+03
5.260843750000000000e+03
5.246550781250000000e+03
5.246761718750000000e+03
5.246218750000000000e+03
5.246093750000000000e+03
5.246160156250000000e+03
5.246542968750000000e+03
5.258296875000000000e+03
5.245820312500000000e+03
5.245488281250000000e+03
5.246042968750000000e+03
5.245937500000000000e+03
5.246113281250000000e+03
5.245437500000000000e+03
5.258511718750000000e+03
5.245277343750000000e+03
5.244117187500000000e+03
5.243839843750000000e+03
5.245777343750000000e+03
5.243671875000000000e+03
5.243484375000000000e+03
5.255730468750000000e+03
5.243492187500000000e+03
5.243667968750000000e+03
5.245636718750000000e+03
5.245636718750000000e+03
5.243433593750000000e+03
5.243328125000000000e+03
5.256273437500000000e+03
5.243273437500000000e+03
5.243343750000000000e+03
5.257757812500000000e+03
5.243332031250000000e+03
5.243320312500000000e+03
5.243703125000000000e+03
5.244433593750000000e+03
5.244707031250000000e+03
5.244847656250000000e+03
5.257375000000000000e+03
5.244609375000000000e+03
5.244394531250000000e+03
5.244605468750000000e+03
5.248718750000000000e+03
5.243878906250000000e+03
5.243328125000000000e+03
5.256343750000000000e+03
5.243578125000000000e+03
5.243718750000000000e+03
5.243757812500000000e+03
5.258648437500000000e+03
5.243882812500000000e+03
5.243839843750000000e+03
5.243324218750000000e+03
5.243273437500000000e+03
5.243234375000000000e+03
5.243207031250000000e+03
5.243082031250000000e+03
5.243000000000000000e+03
5.242917968750000000e+03
5.242921875000000000e+03
5.257328125000000000e+03
5.242730468750000000e+03
5.242375000000000000e+03
5.255144531250000000e+03
5.242175781250000000e+03
5.243222656250000000e+03
5.242933593750000000e+03
5.247546875000000000e+03
5.243609375000000000e+03
5.244238281250000000e+03
5.257429687500000000e+03
5.244226562500000000e+03
5.243480468750000000e+03
5.243300781250000000e+03
5.247472656250000000e+03
5.242796875000000000e+03
5.242695312500000000e+03
5.246777343750000000e+03
5.255300781250000000e+03
5.243011718750000000e+03
5.243515625000000000e+03
5.256238281250000000e+03
5.243617187500000000e+03
5.243531250000000000e+03
5.243640625000000000e+03
5.243453125000000000e+03
5.243441406250000000e+03
5.243863281250000000e+03
5.256882812500000000e+03
5.243679687500000000e+03
5.243839843750000000e+03
5.243828125000000000e+03
5.256121093750000000e+03
5.243644531250000000e+03
5.243804687500000000e+03
5.243523437500000000e+03
5.245054687500000000e+03
5.245191406250000000e+03
5.245875000000000000e+03
5.258218750000000000e+03
5.245250000000000000e+03
5.244917968750000000e+03
5.244429687500000000e+03
5.256707031250000000e+03
5.244171875000000000e+03
5.245085937500000000e+03
5.244558593750000000e+03
5.248628906250000000e+03
5.244328125000000000e+03
5.243941406250000000e+03
5.257601562500000000e+03
5.244539062500000000e+03
5.244703125000000000e+03
5.243789062500000000e+03
5.243851562500000000e+03
5.244046875000000000e+03
5.245507812500000000e+03
5.257480468750000000e+03
5.244699218750000000e+03
5.244718750000000000e+03
5.244707031250000000e+03
5.248750000000000000e+03
5.244656250000000000e+03
5.244230468750000000e+03
5.244367187500000000e+03
5.244367187500000000e+03
5.242902343750000000e+03
5.243062500000000000e+03
5.253582031250000000e+03
5.241121093750000000e+03
5.241320312500000000e+03
5.241640625000000000e+03
5.246433593750000000e+03
5.242007812500000000e+03
5.241964843750000000e+03
5.254257812500000000e+03
5.242980468750000000e+03
5.242156250000000000e+03
5.242445312500000000e+03
5.246941406250000000e+03
5.243371093750000000e+03
5.242835937500000000e+03
5.245265625000000000e+03
5.241816406250000000e+03
5.242906250000000000e+03
5.254765625000000000e+03
5.241890625000000000e+03
5.242019531250000000e+03
5.242007812500000000e+03
5.254269531250000000e+03
5.242285156250000000e+03
5.242460937500000000e+03
5.242179687500000000e+03
5.246746093750000000e+03
5.242226562500000000e+03
5.242781250000000000e+03
5.255535156250000000e+03
5.243113281250000000e+03
5.242753906250000000e+03
5.242742187500000000e+03
5.255003906250000000e+03
5.242328125000000000e+03
5.156667968750000000e+03
5.157851562500000000e+03
5.155421875000000000e+03
5.162503906250000000e+03
5.154281250000000000e+03
5.165527343750000000e+03
5.159148437500000000e+03
5.255710937500000000e+03
5.172769531250000000e+03
5.165894531250000000e+03
5.171039062500000000e+03
5.197011718750000000e+03
5.201066406250000000e+03
5.202140625000000000e+03
5.213910156250000000e+03
5.201847656250000000e+03
5.216273437500000000e+03
5.197570312500000000e+03
5.193765625000000000e+03
5.192968750000000000e+03
5.193667968750000000e+03
5.204968750000000000e+03
5.192453125000000000e+03
5.202347656250000000e+03
5.203375000000000000e+03
5.212828125000000000e+03
5.215156250000000000e+03
5.214277343750000000e+03
5.228445312500000000e+03
5.212511718750000000e+03
5.201847656250000000e+03
5.202574218750000000e+03
5.201988281250000000e+03
5.201718750000000000e+03
5.202636718750000000e+03
5.215140625000000000e+03
5.204316406250000000e+03
5.207277343750000000e+03
5.211238281250000000e+03
5.217003906250000000e+03
5.228238281250000000e+03
5.214980468750000000e+03
5.215226562500000000e+03
5.211281250000000000e+03
5.215238281250000000e+03
5.180160156250000000e+03
3.745625000000000000e+03
3.484281250000000000e+03
3.484167968750000000e+03
3.484656250000000000e+03
3.484656250000000000e+03
3.484656250000000000e+03
3.484656250000000000e+03
3.484656250000000000e+03
3.485144531250000000e+03
3.487355468750000000e+03
3.487617187500000000e+03
