0.000000000000000000e+00
1.857059001922607422e-01
3.941092491149902344e-01
5.347578525543212891e-01
6.756019592285156250e-01
8.450114727020263672e-01
9.994897842407226562e-01
1.140645265579223633e+00
1.278957128524780273e+00
1.419939279556274414e+00
1.566312074661254883e+00
1.707242488861083984e+00
1.845627784729003906e+00
1.984717130661010742e+00
2.127496242523193359e+00
2.268378973007202148e+00
2.408179521560668945e+00
2.554223060607910156e+00
2.697517395019531250e+00
2.835091590881347656e+00
2.970258474349975586e+00
3.112157106399536133e+00
3.251354455947875977e+00
3.413479089736938477e+00
3.562631845474243164e+00
3.725230693817138672e+00
3.872620582580566406e+00
4.037734270095825195e+00
4.179690837860107422e+00
4.318023443222045898e+00
4.468936920166015625e+00
4.613319635391235352e+00
4.768796920776367188e+00
4.914928913116455078e+00
5.066673040390014648e+00
5.211905479431152344e+00
5.370471477508544922e+00
5.513395547866821289e+00
5.663873434066772461e+00
5.807806968688964844e+00
5.952686548233032227e+00
6.098525524139404297e+00
6.242270469665527344e+00
6.386519193649291992e+00
6.540957689285278320e+00
6.708602428436279297e+00
6.852747201919555664e+00
7.000569820404052734e+00
7.147282361984252930e+00
7.292406082153320312e+00
7.438634157180786133e+00
7.587073087692260742e+00
7.726042509078979492e+00
7.899651050567626953e+00
8.039557695388793945e+00
8.201249599456787109e+00
8.341220617294311523e+00
8.483215808868408203e+00
8.632102966308593750e+00
8.783828735351562500e+00
8.918916702270507812e+00
9.053959846496582031e+00
9.190854310989379883e+00
9.347817659378051758e+00
9.490659713745117188e+00
9.642752170562744141e+00
9.790684938430786133e+00
9.937001228332519531e+00
1.009555816650390625e+01
1.024598121643066406e+01
1.039030265808105469e+01
1.053961324691772461e+01
1.073435688018798828e+01
1.087613654136657715e+01
1.101727962493896484e+01
1.115492987632751465e+01
1.134045672416687012e+01
1.147899842262268066e+01
1.162836217880249023e+01
1.176546788215637207e+01
1.192645263671875000e+01
1.207559728622436523e+01
1.222839164733886719e+01
1.236801910400390625e+01
1.251071596145629883e+01
1.265730404853820801e+01
1.280529379844665527e+01
1.294568133354187012e+01
1.309920597076416016e+01
1.323896503448486328e+01
1.337874245643615723e+01
1.351732778549194336e+01
1.366366815567016602e+01
1.380867004394531250e+01
1.395501399040222168e+01
1.409518122673034668e+01
1.424102783203125000e+01
1.438536572456359863e+01
1.453636765480041504e+01
1.470510745048522949e+01
1.486516976356506348e+01
1.503097319602966309e+01
1.517419457435607910e+01
1.531140780448913574e+01
1.545557594299316406e+01
1.560181212425231934e+01
1.573774170875549316e+01
1.587372231483459473e+01
1.601878929138183594e+01
1.616702413558959961e+01
1.630731987953186035e+01
1.647019553184509277e+01
1.664024019241333008e+01
1.677929067611694336e+01
1.693555808067321777e+01
1.707316374778747559e+01
1.722865962982177734e+01
1.737513041496276855e+01
1.751382112503051758e+01
1.765111351013183594e+01
1.778754115104675293e+01
1.792564868927001953e+01
1.807148933410644531e+01
1.822180080413818359e+01
1.837438035011291504e+01
1.853118753433227539e+01
1.867747449874877930e+01
1.882385301589965820e+01
1.896410560607910156e+01
1.910965323448181152e+01
1.925146770477294922e+01
1.941281080245971680e+01
1.958549499511718750e+01
1.973691082000732422e+01
1.988577365875244141e+01
2.002660822868347168e+01
2.017624068260192871e+01
2.031861209869384766e+01
2.045557117462158203e+01
2.059443783760070801e+01
2.078695869445800781e+01
2.092616415023803711e+01
2.108500218391418457e+01
2.122863936424255371e+01
2.139337158203125000e+01
2.154866337776184082e+01
2.168564581871032715e+01
2.182944250106811523e+01
2.197222018241882324e+01
2.211072516441345215e+01
2.225561165809631348e+01
2.240715003013610840e+01
2.255894899368286133e+01
2.269863176345825195e+01
2.283742427825927734e+01
2.297697281837463379e+01
2.312066268920898438e+01
2.326310586929321289e+01
2.340561866760253906e+01
2.354906177520751953e+01
2.368881559371948242e+01
2.383482527732849121e+01
2.397442698478698730e+01
2.412883400917053223e+01
2.427271747589111328e+01
2.442371630668640137e+01
2.458179187774658203e+01
2.471840429306030273e+01
2.488655757904052734e+01
2.511044144630432129e+01
2.525522112846374512e+01
2.538986587524414062e+01
2.554503059387207031e+01
2.569031882286071777e+01
2.584991312026977539e+01
2.598993587493896484e+01
2.613742852210998535e+01
2.628225493431091309e+01
2.642678332328796387e+01
2.656656050682067871e+01
2.671959543228149414e+01
2.686953949928283691e+01
2.702489972114562988e+01
2.716645574569702148e+01
2.732400584220886230e+01
2.746653676033020020e+01
2.761204195022583008e+01
2.774638462066650391e+01
2.788535237312316895e+01
2.802571654319763184e+01
2.816240286827087402e+01
2.830227780342102051e+01
2.843823003768920898e+01
2.859411406517028809e+01
2.873968315124511719e+01
2.887616920471191406e+01
2.903540349006652832e+01
2.917468667030334473e+01
2.933043599128723145e+01
2.947310614585876465e+01
2.961577296257019043e+01
2.976169490814208984e+01
2.990460968017578125e+01
3.005986070632934570e+01
3.024883818626403809e+01
3.038878607749938965e+01
3.052831697463989258e+01
3.068320608139038086e+01
3.083140039443969727e+01
3.098900723457336426e+01
3.112659072875976562e+01
3.128208065032958984e+01
3.141966533660888672e+01
3.156877398490905762e+01
3.171089005470275879e+01
3.185049295425415039e+01
3.201876807212829590e+01
3.215721631050109863e+01
3.230006814002990723e+01
3.244719147682189941e+01
3.259671258926391602e+01
3.274242568016052246e+01
3.290321612358093262e+01
3.305419397354125977e+01
3.327128410339355469e+01
3.343661379814147949e+01
3.359293985366821289e+01
3.374566364288330078e+01
3.393043184280395508e+01
3.408710050582885742e+01
3.426367306709289551e+01
3.441930317878723145e+01
3.456744718551635742e+01
3.471219396591186523e+01
3.485962057113647461e+01
3.500014901161193848e+01
3.515015244483947754e+01
3.528891563415527344e+01
3.542665386199951172e+01
3.556473255157470703e+01
3.570611977577209473e+01
3.584501481056213379e+01
3.599663996696472168e+01
3.614717745780944824e+01
3.628443765640258789e+01
3.642389631271362305e+01
3.656949043273925781e+01
3.670883274078369141e+01
3.684817075729370117e+01
3.698898863792419434e+01
3.716770505905151367e+01
3.730450892448425293e+01
3.744778990745544434e+01
3.758839678764343262e+01
3.773462080955505371e+01
3.788063669204711914e+01
3.802811074256896973e+01
3.816551876068115234e+01
3.832075452804565430e+01
3.845949435234069824e+01
3.859731650352478027e+01
3.873864197731018066e+01
3.888106131553649902e+01
3.901836419105529785e+01
3.915673255920410156e+01
3.931177282333374023e+01
3.948126792907714844e+01
3.962026143074035645e+01
3.975728511810302734e+01
3.992054319381713867e+01
4.007677531242370605e+01
4.021914172172546387e+01
4.036121463775634766e+01
4.050023913383483887e+01
4.063978219032287598e+01
4.077755880355834961e+01
4.092395472526550293e+01
4.106824159622192383e+01
4.121023702621459961e+01
4.135626387596130371e+01
4.152905869483947754e+01
4.167488670349121094e+01
4.183202409744262695e+01
4.197035169601440430e+01
4.212241601943969727e+01
4.226860642433166504e+01
4.240846514701843262e+01
4.254770302772521973e+01
4.272061204910278320e+01
4.286244821548461914e+01
4.300503134727478027e+01
4.314248394966125488e+01
4.328209328651428223e+01
4.341817259788513184e+01
4.356485867500305176e+01
4.371225905418395996e+01
4.386285948753356934e+01
4.401349306106567383e+01
4.415060472488403320e+01
4.429683995246887207e+01
4.444009065628051758e+01
4.458927822113037109e+01
4.473044252395629883e+01
4.487820696830749512e+01
4.501931262016296387e+01
4.516449522972106934e+01
4.530729246139526367e+01
4.546639561653137207e+01
4.560724258422851562e+01
4.575761270523071289e+01
4.590242934226989746e+01
4.604127502441406250e+01
4.618391227722167969e+01
4.633168578147888184e+01
4.646897602081298828e+01
4.662042546272277832e+01
4.675776314735412598e+01
4.689828395843505859e+01
4.704631996154785156e+01
4.718971228599548340e+01
4.733891916275024414e+01
4.747702860832214355e+01
4.763704729080200195e+01
4.780043458938598633e+01
4.794203925132751465e+01
4.808145666122436523e+01
4.822003316879272461e+01
4.835841941833496094e+01
4.850026988983154297e+01
4.865439033508300781e+01
4.880614733695983887e+01
4.894728040695190430e+01
4.909431505203247070e+01
4.923831534385681152e+01
4.937611675262451172e+01
4.952242875099182129e+01
4.965735411643981934e+01
4.980740094184875488e+01
4.995880627632141113e+01
5.009826874732971191e+01
5.025104689598083496e+01
5.039931750297546387e+01
5.054067707061767578e+01
5.068106603622436523e+01
5.082627129554748535e+01
5.098242926597595215e+01
5.115666675567626953e+01
5.129581904411315918e+01
5.143784379959106445e+01
5.157639193534851074e+01
5.171490049362182617e+01
5.186597394943237305e+01
5.201238036155700684e+01
5.215603137016296387e+01
5.230417537689208984e+01
5.244730424880981445e+01
5.258451795578002930e+01
5.272380638122558594e+01
5.287696194648742676e+01
5.302800488471984863e+01
5.318723297119140625e+01
5.332876586914062500e+01
5.347309684753417969e+01
5.362740635871887207e+01
5.377083849906921387e+01
5.390568327903747559e+01
5.404323792457580566e+01
5.418138241767883301e+01
5.432467770576477051e+01
5.446813011169433594e+01
5.462977170944213867e+01
5.476973676681518555e+01
5.495212149620056152e+01
5.509761071205139160e+01
5.525816226005554199e+01
5.542926931381225586e+01
5.556526064872741699e+01
5.570528101921081543e+01
5.585077142715454102e+01
5.600389552116394043e+01
5.615803718566894531e+01
5.631062793731689453e+01
5.645790123939514160e+01
5.659739923477172852e+01
5.673855543136596680e+01
5.687622904777526855e+01
5.701729369163513184e+01
5.717862558364868164e+01
5.732839250564575195e+01
5.746500062942504883e+01
5.761636376380920410e+01
5.775557184219360352e+01
5.790877366065979004e+01
5.805579614639282227e+01
5.820967769622802734e+01
5.836215734481811523e+01
5.850716686248779297e+01
5.865220355987548828e+01
5.879947090148925781e+01
5.894002032279968262e+01
5.909193181991577148e+01
5.922831487655639648e+01
5.936844420433044434e+01
5.952968192100524902e+01
5.967726445198059082e+01
5.981795454025268555e+01
5.995361113548278809e+01
6.010007905960083008e+01
6.023827838897705078e+01
6.039327216148376465e+01
6.052818799018859863e+01
6.066551709175109863e+01
6.081120991706848145e+01
6.094514155387878418e+01
6.108130025863647461e+01
6.121621561050415039e+01
6.135583329200744629e+01
6.149942374229431152e+01
6.163702106475830078e+01
6.177442288398742676e+01
6.192813849449157715e+01
6.206206297874450684e+01
6.219877457618713379e+01
6.234447431564331055e+01
6.248166680335998535e+01
6.261825156211853027e+01
6.275785684585571289e+01
6.289574098587036133e+01
6.305347084999084473e+01
6.321360516548156738e+01
6.335525178909301758e+01
6.350352668762207031e+01
6.364336585998535156e+01
6.377948403358459473e+01
6.392054724693298340e+01
6.406226396560668945e+01
6.420149755477905273e+01
6.434256672859191895e+01
6.451157879829406738e+01
6.465178656578063965e+01
6.478806376457214355e+01
6.493455910682678223e+01
6.508939552307128906e+01
6.523198413848876953e+01
6.537401270866394043e+01
6.551728963851928711e+01
6.565640711784362793e+01
6.582494544982910156e+01
6.596763253211975098e+01
6.610943150520324707e+01
6.624693369865417480e+01
6.638175845146179199e+01
6.652722358703613281e+01
6.667666149139404297e+01
6.681307220458984375e+01
6.695531558990478516e+01
6.710635137557983398e+01
6.725169396400451660e+01
6.740097928047180176e+01
6.753842568397521973e+01
6.768227815628051758e+01
6.781944942474365234e+01
6.795586562156677246e+01
6.809376478195190430e+01
6.823987960815429688e+01
6.839692854881286621e+01
6.853407740592956543e+01
6.867265129089355469e+01
6.881981587409973145e+01
6.895712566375732422e+01
6.909953784942626953e+01
6.923817896842956543e+01
6.937516212463378906e+01
6.954985570907592773e+01
6.970744729042053223e+01
6.984968566894531250e+01
7.000489282608032227e+01
7.014416599273681641e+01
7.028835296630859375e+01
7.043124580383300781e+01
7.057287073135375977e+01
7.071730899810791016e+01
7.087313866615295410e+01
7.100946497917175293e+01
7.114530301094055176e+01
7.128989171981811523e+01
7.142406678199768066e+01
7.157520890235900879e+01
7.172515678405761719e+01
7.186517262458801270e+01
7.199866151809692383e+01
7.215393400192260742e+01
7.230251073837280273e+01
7.245098066329956055e+01
7.258884096145629883e+01
7.274113845825195312e+01
7.288019013404846191e+01
7.302927279472351074e+01
7.319350624084472656e+01
7.334303331375122070e+01
7.349226450920104980e+01
7.363065314292907715e+01
7.378035807609558105e+01
7.392005991935729980e+01
7.406240916252136230e+01
7.421167302131652832e+01
7.434624314308166504e+01
7.448376631736755371e+01
7.462327146530151367e+01
7.476031565666198730e+01
7.489996004104614258e+01
7.503844809532165527e+01
7.518500399589538574e+01
7.532965159416198730e+01
7.547164249420166016e+01
7.562101864814758301e+01
7.579060864448547363e+01
7.594385790824890137e+01
7.609385013580322266e+01
7.624250197410583496e+01
7.639555215835571289e+01
7.653225326538085938e+01
7.667211508750915527e+01
7.681622719764709473e+01
7.696138000488281250e+01
7.710057544708251953e+01
7.724176979064941406e+01
7.737570762634277344e+01
7.751154446601867676e+01
7.764991188049316406e+01
7.778658652305603027e+01
7.793535327911376953e+01
7.807448053359985352e+01
7.820990967750549316e+01
7.834931302070617676e+01
7.849084091186523438e+01
7.863127160072326660e+01
7.877272319793701172e+01
7.891846609115600586e+01
7.906273913383483887e+01
7.920784282684326172e+01
7.935306859016418457e+01
7.948976302146911621e+01
7.963154649734497070e+01
7.978905367851257324e+01
7.992822337150573730e+01
8.007498836517333984e+01
8.021376705169677734e+01
8.035994553565979004e+01
8.049831962585449219e+01
8.063802528381347656e+01
8.078048300743103027e+01
8.091672015190124512e+01
8.105669045448303223e+01
8.121170544624328613e+01
8.135873079299926758e+01
8.149442672729492188e+01
8.163027977943420410e+01
8.176700806617736816e+01
8.192166543006896973e+01
8.205806016921997070e+01
8.220975661277770996e+01
8.234900212287902832e+01
8.248552298545837402e+01
8.262805461883544922e+01
8.276140952110290527e+01
8.290635132789611816e+01
8.305686330795288086e+01
8.320227026939392090e+01
8.333974766731262207e+01
8.348295879364013672e+01
8.363382911682128906e+01
8.378771018981933594e+01
8.392549419403076172e+01
8.407319784164428711e+01
8.423215198516845703e+01
8.437258315086364746e+01
8.452437424659729004e+01
8.466331577301025391e+01
8.481320381164550781e+01
8.495192742347717285e+01
8.509190964698791504e+01
8.524000144004821777e+01
8.537666916847229004e+01
8.551722407341003418e+01
8.565338206291198730e+01
8.579045534133911133e+01
8.592739272117614746e+01
8.606741189956665039e+01
8.620253705978393555e+01
8.634705591201782227e+01
8.649013757705688477e+01
8.662668037414550781e+01
8.676242232322692871e+01
8.689899635314941406e+01
8.703746700286865234e+01
8.717094707489013672e+01
8.732944965362548828e+01
8.746358132362365723e+01
8.760092449188232422e+01
8.773842692375183105e+01
8.787722063064575195e+01
8.801875329017639160e+01
8.816280984878540039e+01
8.829731631278991699e+01
8.843834137916564941e+01
8.860534501075744629e+01
8.875283598899841309e+01
8.888737916946411133e+01
8.903433680534362793e+01
8.917047953605651855e+01
8.931199145317077637e+01
8.945270895957946777e+01
8.960007095336914062e+01
8.976779079437255859e+01
8.991470265388488770e+01
9.005620431900024414e+01
9.019337725639343262e+01
9.033105397224426270e+01
9.047353911399841309e+01
9.060971164703369141e+01
9.074623990058898926e+01
9.089792132377624512e+01
9.104783415794372559e+01
9.119554758071899414e+01
9.134540057182312012e+01
9.149084687232971191e+01
9.163295006752014160e+01
9.177031254768371582e+01
9.192162871360778809e+01
9.205728483200073242e+01
9.220448350906372070e+01
9.234282922744750977e+01
9.249116587638854980e+01
9.263553667068481445e+01
9.277832293510437012e+01
9.292387795448303223e+01
9.307003831863403320e+01
9.320858812332153320e+01
9.347217202186584473e+01
9.361847114562988281e+01
9.376777958869934082e+01
9.390434098243713379e+01
9.404155898094177246e+01
9.418941855430603027e+01
9.434533953666687012e+01
9.448547530174255371e+01
9.462253832817077637e+01
9.476145505905151367e+01
9.490255784988403320e+01
9.504298472404479980e+01
9.519619965553283691e+01
9.534441161155700684e+01
9.549391913414001465e+01
9.563491177558898926e+01
9.578081917762756348e+01
9.593977808952331543e+01
9.609545612335205078e+01
9.623631763458251953e+01
9.639208364486694336e+01
9.653217363357543945e+01
9.667781090736389160e+01
9.682193350791931152e+01
9.696135258674621582e+01
9.710209345817565918e+01
9.724462938308715820e+01
9.739856672286987305e+01
9.755673718452453613e+01
9.769319629669189453e+01
9.783963799476623535e+01
9.798747229576110840e+01
9.812355089187622070e+01
9.826869130134582520e+01
9.842152810096740723e+01
9.856346106529235840e+01
9.869965052604675293e+01
9.885687732696533203e+01
9.900711965560913086e+01
9.914136695861816406e+01
9.928100371360778809e+01
9.942165493965148926e+01
9.955830502510070801e+01
9.970223879814147949e+01
9.996200180053710938e+01
1.000994729995727539e+02
1.008557152748107910e+02
1.012092576026916504e+02
1.013440537452697754e+02
1.014910154342651367e+02
1.016467494964599609e+02
1.018036594390869141e+02
1.019431128501892090e+02
1.020884706974029541e+02
1.022283282279968262e+02
1.023678696155548096e+02
1.025067198276519775e+02
1.026523251533508301e+02
1.028018476963043213e+02
1.029418573379516602e+02
1.031043648719787598e+02
1.032905209064483643e+02
1.034342310428619385e+02
1.035745859146118164e+02
1.037286033630371094e+02
1.038654937744140625e+02
1.040098757743835449e+02
1.041548690795898438e+02
1.042952773571014404e+02
1.044378993511199951e+02
1.045917065143585205e+02
1.047336277961730957e+02
1.048725304603576660e+02
1.050126602649688721e+02
1.051479406356811523e+02
1.052923705577850342e+02
1.054473073482513428e+02
1.055874927043914795e+02
1.057391247749328613e+02
1.058779869079589844e+02
1.060242218971252441e+02
1.061684720516204834e+02
1.063077321052551270e+02
1.064594480991363525e+02
1.066033830642700195e+02
1.067446289062500000e+02
1.068913218975067139e+02
1.070329191684722900e+02
1.071899724006652832e+02
1.073425030708312988e+02
1.074811465740203857e+02
1.076170542240142822e+02
1.077546284198760986e+02
1.078910677433013916e+02
1.080346672534942627e+02
1.081706106662750244e+02
1.083096389770507812e+02
1.084519531726837158e+02
1.085987632274627686e+02
1.087382383346557617e+02
1.088786964416503906e+02
1.090180442333221436e+02
1.091540086269378662e+02
1.092893488407135010e+02
1.094254586696624756e+02
1.095688550472259521e+02
1.097167968750000000e+02
1.098775079250335693e+02
1.100179243087768555e+02
1.101524746417999268e+02
1.102880237102508545e+02
1.104237565994262695e+02
1.105652208328247070e+02
1.107000730037689209e+02
1.108392558097839355e+02
1.109757583141326904e+02
1.111175422668457031e+02
1.112582907676696777e+02
1.113943331241607666e+02
1.115313673019409180e+02
1.116687219142913818e+02
1.118051042556762695e+02
1.119395298957824707e+02
1.120744295120239258e+02
1.122136824131011963e+02
1.123520810604095459e+02
1.124978797435760498e+02
1.126526408195495605e+02
1.127996690273284912e+02
1.129374611377716064e+02
1.130743467807769775e+02
1.132109820842742920e+02
1.133459527492523193e+02
1.134840993881225586e+02
1.136197214126586914e+02
1.137574133872985840e+02
1.138922843933105469e+02
1.140369181632995605e+02
1.141727712154388428e+02
1.143116402626037598e+02
1.144451899528503418e+02
1.145880343914031982e+02
1.147232246398925781e+02
1.148688993453979492e+02
1.150097765922546387e+02
1.151461076736450195e+02
1.152871961593627930e+02
1.154275591373443604e+02
1.155667865276336670e+02
1.157155618667602539e+02
1.158511888980865479e+02
1.159904260635375977e+02
1.161328890323638916e+02
1.162689399719238281e+02
1.164035456180572510e+02
1.165493137836456299e+02
1.166856942176818848e+02
1.168233888149261475e+02
1.169584202766418457e+02
1.170938067436218262e+02
1.172365946769714355e+02
1.173954167366027832e+02
1.175553612709045410e+02
1.176891982555389404e+02
1.178266799449920654e+02
1.179598603248596191e+02
1.181004843711853027e+02
1.182394874095916748e+02
1.183740851879119873e+02
1.185230767726898193e+02
1.186743102073669434e+02
1.188120565414428711e+02
1.189508256912231445e+02
1.190851986408233643e+02
1.192226183414459229e+02
1.193591780662536621e+02
1.194978952407836914e+02
1.196328005790710449e+02
1.197984013557434082e+02
1.199335596561431885e+02
1.200718452930450439e+02
1.202140285968780518e+02
1.203482656478881836e+02
1.204839613437652588e+02
1.206201539039611816e+02
1.207566606998443604e+02
1.208935575485229492e+02
1.210312290191650391e+02
1.211651489734649658e+02
1.213000853061676025e+02
1.214369645118713379e+02
1.215969877243041992e+02
1.217357926368713379e+02
1.218751690387725830e+02
1.220098919868469238e+02
1.221446716785430908e+02
1.222807350158691406e+02
1.224148821830749512e+02
1.225502567291259766e+02
1.226900672912597656e+02
1.228251965045928955e+02
1.229584236145019531e+02
1.230922811031341553e+02
1.232344107627868652e+02
1.233701388835906982e+02
1.235108735561370850e+02
1.236458432674407959e+02
1.237886543273925781e+02
1.239265480041503906e+02
1.240639088153839111e+02
1.241994440555572510e+02
1.243385374546051025e+02
1.244731376171112061e+02
1.246063432693481445e+02
1.247467253208160400e+02
1.248827931880950928e+02
1.250183701515197754e+02
1.251525199413299561e+02
1.252924809455871582e+02
1.254297602176666260e+02
1.256806540489196777e+02
1.258167948722839355e+02
1.259832842350006104e+02
1.261213524341583252e+02
1.262592878341674805e+02
1.263952703475952148e+02
1.265309879779815674e+02
1.266657700538635254e+02
1.267991411685943604e+02
1.269351997375488281e+02
1.270726795196533203e+02
1.272060098648071289e+02
1.273444395065307617e+02
1.274805400371551514e+02
1.276171109676361084e+02
1.277541575431823730e+02
1.278908915519714355e+02
1.280255622863769531e+02
1.281626336574554443e+02
1.283018343448638916e+02
1.284361028671264648e+02
1.285892498493194580e+02
1.287268130779266357e+02
1.288600511550903320e+02
1.290063686370849609e+02
1.291411936283111572e+02
1.292776188850402832e+02
1.294186217784881592e+02
1.295694346427917480e+02
1.297050604820251465e+02
1.298384876251220703e+02
1.299754977226257324e+02
1.301111404895782471e+02
1.302470738887786865e+02
1.303872923851013184e+02
1.305384328365325928e+02
1.306765675544738770e+02
1.308186705112457275e+02
1.309567017555236816e+02
1.310926134586334229e+02
1.312403223514556885e+02
1.313804521560668945e+02
1.315160565376281738e+02
1.316760129928588867e+02
1.318101518154144287e+02
1.319442358016967773e+02
1.320791721343994141e+02
1.322150175571441650e+02
1.323533442020416260e+02
1.324930226802825928e+02
1.326273746490478516e+02
1.327634680271148682e+02
1.329012002944946289e+02
1.330359299182891846e+02
1.331867160797119141e+02
1.333210623264312744e+02
1.334546329975128174e+02
1.335916044712066650e+02
1.337315649986267090e+02
1.338667674064636230e+02
1.340045924186706543e+02
1.341428623199462891e+02
1.342779920101165771e+02
1.344174170494079590e+02
1.345524663925170898e+02
1.346821298599243164e+02
1.348177819252014160e+02
1.349539012908935547e+02
1.350913226604461670e+02
1.352324163913726807e+02
1.353675072193145752e+02
1.355071399211883545e+02
1.356413862705230713e+02
1.357861943244934082e+02
1.359212675094604492e+02
1.360569248199462891e+02
1.361907677650451660e+02
1.363358387947082520e+02
1.364689097404479980e+02
1.366074850559234619e+02
1.367453479766845703e+02
1.368852846622467041e+02
1.370191907882690430e+02
1.371523878574371338e+02
1.372860279083251953e+02
1.374204006195068359e+02
1.375550277233123779e+02
1.376901650428771973e+02
1.378282260894775391e+02
1.379642670154571533e+02
1.381008181571960449e+02
1.382375366687774658e+02
1.383753812313079834e+02
1.385213944911956787e+02
1.386624562740325928e+02
1.387954213619232178e+02
1.389817752838134766e+02
1.391270689964294434e+02
1.392676820755004883e+02
1.394664044380187988e+02
1.396121408939361572e+02
1.397767636775970459e+02
1.399108524322509766e+02
1.400452342033386230e+02
1.401859822273254395e+02
1.403397488594055176e+02
1.404748065471649170e+02
1.406105329990386963e+02
1.407476730346679688e+02
1.408843035697937012e+02
1.410204069614410400e+02
1.411550211906433105e+02
1.412896101474761963e+02
1.414228174686431885e+02
1.415565109252929688e+02
1.416906030178070068e+02
1.418245358467102051e+02
1.419583890438079834e+02
1.420934071540832520e+02
1.422271161079406738e+02
1.423603830337524414e+02
1.424971084594726562e+02
1.426336741447448730e+02
1.427766351699829102e+02
1.430447323322296143e+02
1.431868069171905518e+02
1.433230190277099609e+02
1.434584910869598389e+02
1.435943500995635986e+02
1.437308809757232666e+02
1.438693590164184570e+02
1.440089998245239258e+02
1.441470956802368164e+02
1.442817175388336182e+02
1.444171533584594727e+02
1.445521934032440186e+02
1.446863777637481689e+02
1.448224432468414307e+02
1.449591252803802490e+02
1.450984132289886475e+02
1.452392995357513428e+02
1.453904688358306885e+02
1.455269548892974854e+02
1.456633267402648926e+02
1.458028328418731689e+02
1.459404046535491943e+02
1.460780947208404541e+02
1.462124705314636230e+02
1.463554322719573975e+02
1.464911317825317383e+02
1.466301908493041992e+02
1.467673861980438232e+02
1.469084684848785400e+02
1.470574119091033936e+02
1.471924955844879150e+02
1.473654043674468994e+02
1.474997336864471436e+02
1.476336801052093506e+02
1.477688746452331543e+02
1.479028060436248779e+02
1.480369229316711426e+02
1.481850903034210205e+02
1.483245196342468262e+02
1.484598684310913086e+02
1.485981264114379883e+02
1.487352960109710693e+02
1.488684620857238770e+02
1.490045666694641113e+02
1.491378870010375977e+02
1.492700495719909668e+02
1.494125595092773438e+02
1.495505683422088623e+02
1.496867766380310059e+02
1.498393936157226562e+02
1.499857780933380127e+02
1.501242518424987793e+02
1.502632839679718018e+02
1.503993499279022217e+02
1.505329568386077881e+02
1.506692719459533691e+02
1.508027331829071045e+02
1.509367737770080566e+02
1.510772316455841064e+02
1.512140455245971680e+02
1.513527090549468994e+02
1.514907367229461670e+02
1.516280579566955566e+02
1.517797274589538574e+02
1.519230620861053467e+02
1.520591711997985840e+02
1.521960134506225586e+02
1.523333232402801514e+02
1.524704129695892334e+02
1.526227262020111084e+02
1.527602708339691162e+02
1.528976073265075684e+02
1.530316226482391357e+02
1.531804997920989990e+02
1.533185942173004150e+02
1.534590802192687988e+02
1.535993268489837646e+02
1.537477445602416992e+02
1.538909761905670166e+02
1.540285842418670654e+02
1.541831417083740234e+02
1.543338913917541504e+02
1.544705913066864014e+02
1.546044235229492188e+02
1.547455780506134033e+02
1.548818535804748535e+02
1.550194578170776367e+02
1.551685373783111572e+02
1.553088717460632324e+02
1.554448604583740234e+02
1.555799074172973633e+02
1.557163562774658203e+02
1.558529279232025146e+02
1.559920890331268311e+02
1.561259646415710449e+02
1.562679276466369629e+02
1.564142770767211914e+02
1.565483503341674805e+02
1.566825540065765381e+02
1.568220460414886475e+02
1.569594411849975586e+02
1.570959234237670898e+02
1.572709915637969971e+02
1.574109187126159668e+02
1.575863914489746094e+02
1.577208278179168701e+02
1.578563237190246582e+02
1.579910411834716797e+02
1.581262435913085938e+02
1.582604053020477295e+02
1.584047603607177734e+02
1.585396633148193359e+02
1.586774873733520508e+02
1.588132910728454590e+02
1.589473772048950195e+02
1.590989687442779541e+02
1.592355673313140869e+02
1.593732185363769531e+02
1.595084903240203857e+02
1.596447331905364990e+02
1.597789697647094727e+02
1.599165074825286865e+02
1.600563123226165771e+02
1.602094900608062744e+02
1.603423986434936523e+02
1.604796547889709473e+02
1.606167078018188477e+02
1.607522993087768555e+02
1.608848218917846680e+02
1.610207080841064453e+02
1.611554200649261475e+02
1.612869935035705566e+02
1.614261908531188965e+02
1.615793628692626953e+02
1.617166628837585449e+02
1.618524866104125977e+02
1.620084769725799561e+02
1.621460707187652588e+02
1.622855548858642578e+02
1.624235017299652100e+02
1.625755171775817871e+02
1.627223217487335205e+02
1.628619301319122314e+02
1.630012221336364746e+02
1.631476016044616699e+02
1.632840812206268311e+02
1.634216644763946533e+02
1.635579540729522705e+02
1.636941969394683838e+02
1.638316781520843506e+02
1.639848544597625732e+02
1.641508183479309082e+02
1.642865839004516602e+02
1.644220991134643555e+02
1.645579977035522461e+02
1.646941366195678711e+02
1.648305008411407471e+02
1.649772996902465820e+02
1.651113615036010742e+02
1.652580740451812744e+02
1.653972539901733398e+02
1.655367627143859863e+02
1.656726632118225098e+02
1.658099706172943115e+02
1.659663445949554443e+02
1.661025154590606689e+02
1.662407159805297852e+02
1.663906133174896240e+02
1.665273931026458740e+02
1.666623601913452148e+02
1.667968380451202393e+02
1.669321017265319824e+02
1.670747458934783936e+02
1.672213346958160400e+02
1.673549277782440186e+02
1.674956812858581543e+02
1.676290144920349121e+02
1.677723958492279053e+02
1.679188880920410156e+02
1.680556447505950928e+02
1.681978332996368408e+02
1.683363461494445801e+02
1.684757931232452393e+02
1.686160280704498291e+02
1.687716820240020752e+02
1.689073030948638916e+02
1.690423491001129150e+02
1.691771156787872314e+02
1.693164288997650146e+02
1.694670162200927734e+02
1.696056900024414062e+02
1.697457318305969238e+02
1.698963224887847900e+02
1.700354769229888916e+02
1.701873097419738770e+02
1.703285162448883057e+02
1.704665770530700684e+02
1.706039690971374512e+02
1.707560780048370361e+02
1.708955519199371338e+02
1.710321390628814697e+02
1.711781058311462402e+02
1.713232839107513428e+02
1.714588100910186768e+02
1.715972499847412109e+02
1.717392816543579102e+02
1.718773226737976074e+02
1.720141046047210693e+02
1.721531789302825928e+02
1.722916305065155029e+02
1.724252841472625732e+02
1.725771543979644775e+02
1.727136690616607666e+02
1.728520314693450928e+02
1.729993698596954346e+02
1.731373522281646729e+02
1.732752392292022705e+02
1.734116652011871338e+02
1.735464704036712646e+02
1.736820175647735596e+02
1.738197026252746582e+02
1.739740853309631348e+02
1.741156558990478516e+02
1.742553126811981201e+02
1.743939204216003418e+02
1.745295002460479736e+02
1.746676762104034424e+02
1.748278470039367676e+02
1.749832580089569092e+02
1.751194224357604980e+02
1.752569940090179443e+02
1.753998184204101562e+02
1.755339441299438477e+02
1.756715543270111084e+02
1.758097829818725586e+02
1.759449937343597412e+02
1.760891351699829102e+02
1.762301130294799805e+02
1.763732092380523682e+02
1.765100893974304199e+02
1.766465759277343750e+02
1.767854757308959961e+02
1.769243683815002441e+02
1.770592260360717773e+02
1.771930027008056641e+02
1.773299152851104736e+02
1.774664914608001709e+02
1.776126527786254883e+02
1.777518186569213867e+02
1.778942086696624756e+02
1.780335931777954102e+02
1.781760516166687012e+02
1.783218402862548828e+02
1.784575650691986084e+02
1.785998115539550781e+02
1.787364122867584229e+02
1.788742783069610596e+02
1.790148942470550537e+02
1.791567823886871338e+02
1.792942016124725342e+02
1.794399123191833496e+02
1.797032611370086670e+02
1.798420078754425049e+02
1.799871304035186768e+02
1.801259646415710449e+02
1.802647225856781006e+02
1.804059476852416992e+02
1.805416083335876465e+02
1.806777062416076660e+02
1.808182692527770996e+02
1.809561605453491211e+02
1.810924518108367920e+02
1.812290298938751221e+02
1.813693652153015137e+02
1.815049092769622803e+02
1.816400041580200195e+02
1.817830562591552734e+02
1.819216043949127197e+02
1.820578832626342773e+02
1.821950559616088867e+02
1.823322334289550781e+02
1.824679090976715088e+02
1.826086513996124268e+02
1.827484099864959717e+02
1.828827905654907227e+02
1.830191888809204102e+02
1.831776394844055176e+02
1.833118789196014404e+02
1.834492359161376953e+02
1.835937032699584961e+02
1.837321054935455322e+02
1.838704090118408203e+02
1.840065815448760986e+02
1.841428728103637695e+02
1.842818880081176758e+02
1.844181091785430908e+02
1.845586650371551514e+02
1.847023706436157227e+02
1.848396563529968262e+02
1.849745912551879883e+02
1.851139965057373047e+02
1.852568819522857666e+02
1.853964998722076416e+02
1.855364329814910889e+02
1.856721608638763428e+02
1.858095178604125977e+02
1.859498879909515381e+02
1.861086254119873047e+02
1.862520842552185059e+02
1.863889434337615967e+02
1.865223944187164307e+02
1.866614325046539307e+02
1.868032417297363281e+02
1.869390535354614258e+02
1.870790617465972900e+02
1.872146744728088379e+02
1.873533508777618408e+02
1.874937918186187744e+02
1.876303505897521973e+02
1.877680156230926514e+02
1.879074044227600098e+02
1.880518555641174316e+02
1.881920418739318848e+02
1.883307168483734131e+02
1.884708423614501953e+02
1.886261756420135498e+02
1.887644481658935547e+02
1.889032485485076904e+02
1.890391526222229004e+02
1.891758019924163818e+02
1.893329756259918213e+02
1.895079469680786133e+02
1.896513638496398926e+02
1.897887105941772461e+02
1.899327299594879150e+02
1.900713779926300049e+02
1.902096250057220459e+02
1.903533375263214111e+02
1.904970064163208008e+02
1.906365742683410645e+02
1.907799053192138672e+02
1.909191713333129883e+02
1.910574085712432861e+02
1.911997897624969482e+02
1.913409085273742676e+02
1.914826626777648926e+02
1.916484577655792236e+02
1.917942273616790771e+02
1.919660050868988037e+02
1.921068868637084961e+02
1.922488644123077393e+02
1.923895988464355469e+02
1.925338954925537109e+02
1.926768774986267090e+02
