2.571445312500000000e+03
2.589996093750000000e+03
2.603925781250000000e+03
2.598792968750000000e+03
2.618972656250000000e+03
2.657566406250000000e+03
2.665281250000000000e+03
2.726128906250000000e+03
2.771464843750000000e+03
2.795285156250000000e+03
2.800296875000000000e+03
2.811906250000000000e+03
2.838949218750000000e+03
2.837906250000000000e+03
2.842734375000000000e+03
2.854660156250000000e+03
2.968378906250000000e+03
2.969304687500000000e+03
2.973402343750000000e+03
2.979953125000000000e+03
2.984941406250000000e+03
2.987796875000000000e+03
2.991699218750000000e+03
3.004843750000000000e+03
2.992136718750000000e+03
2.992093750000000000e+03
2.992070312500000000e+03
3.006066406250000000e+03
2.993324218750000000e+03
2.992820312500000000e+03
2.994335937500000000e+03
2.999871093750000000e+03
3.023050781250000000e+03
3.033859375000000000e+03
3.048687500000000000e+03
3.049656250000000000e+03
3.053156250000000000e+03
3.070351562500000000e+03
3.066675781250000000e+03
3.074570312500000000e+03
3.080734375000000000e+03
3.104148437500000000e+03
3.085558593750000000e+03
3.092953125000000000e+03
3.094292968750000000e+03
3.100117187500000000e+03
3.102492187500000000e+03
3.113324218750000000e+03
3.113792968750000000e+03
3.111257812500000000e+03
3.118921875000000000e+03
3.143312500000000000e+03
3.145429687500000000e+03
3.167660156250000000e+03
3.181449218750000000e+03
3.242175781250000000e+03
3.374210937500000000e+03
3.388363281250000000e+03
3.415625000000000000e+03
3.417347656250000000e+03
3.429746093750000000e+03
3.444531250000000000e+03
3.455417968750000000e+03
3.464683593750000000e+03
3.475351562500000000e+03
3.485882812500000000e+03
3.499222656250000000e+03
3.528492187500000000e+03
3.531617187500000000e+03
3.546375000000000000e+03
3.559406250000000000e+03
3.574093750000000000e+03
3.587898437500000000e+03
3.608203125000000000e+03
3.619031250000000000e+03
3.628734375000000000e+03
3.633023437500000000e+03
3.648863281250000000e+03
3.653742187500000000e+03
3.657917968750000000e+03
3.660917968750000000e+03
3.665792968750000000e+03
3.669757812500000000e+03
3.683449218750000000e+03
3.676144531250000000e+03
3.703453125000000000e+03
3.703492187500000000e+03
3.703023437500000000e+03
3.691207031250000000e+03
3.728570312500000000e+03
3.741871093750000000e+03
3.729207031250000000e+03
3.729503906250000000e+03
3.729492187500000000e+03
3.729304687500000000e+03
3.730953125000000000e+03
3.743277343750000000e+03
3.764027343750000000e+03
3.853730468750000000e+03
3.985585937500000000e+03
4.067679687500000000e+03
3.989554687500000000e+03
4.074113281250000000e+03
4.119746093750000000e+03
4.058156250000000000e+03
4.035125000000000000e+03
4.062417968750000000e+03
4.119625000000000000e+03
4.121035156250000000e+03
4.136886718750000000e+03
4.143199218750000000e+03
4.138050781250000000e+03
4.144964843750000000e+03
4.144808593750000000e+03
4.151796875000000000e+03
4.168632812500000000e+03
4.162937500000000000e+03
4.175792968750000000e+03
4.168511718750000000e+03
4.169253906250000000e+03
4.169320312500000000e+03
4.171363281250000000e+03
4.190632812500000000e+03
4.183628906250000000e+03
4.189187500000000000e+03
4.196914062500000000e+03
4.204855468750000000e+03
4.212113281250000000e+03
4.218093750000000000e+03
4.235367187500000000e+03
4.222839843750000000e+03
4.229925781250000000e+03
4.243625000000000000e+03
4.075996093750000000e+03
4.075683593750000000e+03
4.091179687500000000e+03
4.080691406250000000e+03
4.081027343750000000e+03
4.087167968750000000e+03
4.080601562500000000e+03
4.080671875000000000e+03
4.093472656250000000e+03
4.080472656250000000e+03
4.080402343750000000e+03
4.080636718750000000e+03
4.085578125000000000e+03
4.089027343750000000e+03
4.100371093750000000e+03
4.112550781250000000e+03
4.105347656250000000e+03
4.109265625000000000e+03
4.132718750000000000e+03
4.143445312500000000e+03
4.143398437500000000e+03
4.149742187500000000e+03
4.154093750000000000e+03
4.148261718750000000e+03
4.163167968750000000e+03
4.155566406250000000e+03
4.145019531250000000e+03
4.144195312500000000e+03
4.147406250000000000e+03
4.152316406250000000e+03
4.151601562500000000e+03
4.153789062500000000e+03
4.171281250000000000e+03
4.159203125000000000e+03
4.160296875000000000e+03
4.167644531250000000e+03
4.167453125000000000e+03
4.167136718750000000e+03
4.166890625000000000e+03
4.190316406250000000e+03
4.188156250000000000e+03
4.307234375000000000e+03
4.338281250000000000e+03
4.325992187500000000e+03
4.326500000000000000e+03
4.339328125000000000e+03
4.327003906250000000e+03
4.327394531250000000e+03
4.339625000000000000e+03
4.326679687500000000e+03
4.326445312500000000e+03
4.327367187500000000e+03
4.327367187500000000e+03
4.328132812500000000e+03
4.327687500000000000e+03
4.331964843750000000e+03
4.329261718750000000e+03
4.329234375000000000e+03
4.342035156250000000e+03
4.329167968750000000e+03
4.328617187500000000e+03
4.328531250000000000e+03
4.328773437500000000e+03
4.328742187500000000e+03
4.328667968750000000e+03
4.343683593750000000e+03
4.331117187500000000e+03
4.331105468750000000e+03
4.344042968750000000e+03
4.331230468750000000e+03
4.331457031250000000e+03
4.331632812500000000e+03
4.331632812500000000e+03
4.331046875000000000e+03
4.331320312500000000e+03
4.333882812500000000e+03
4.333250000000000000e+03
4.332984375000000000e+03
4.345785156250000000e+03
4.333050781250000000e+03
4.332699218750000000e+03
4.332859375000000000e+03
4.336539062500000000e+03
4.332660156250000000e+03
4.332835937500000000e+03
4.345636718750000000e+03
4.332636718750000000e+03
4.332812500000000000e+03
4.332800781250000000e+03
4.343597656250000000e+03
4.333054687500000000e+03
4.333140625000000000e+03
4.333023437500000000e+03
4.333085937500000000e+03
4.333210937500000000e+03
4.332976562500000000e+03
4.346707031250000000e+03
4.333382812500000000e+03
4.377515625000000000e+03
4.379472656250000000e+03
4.380875000000000000e+03
4.394902343750000000e+03
4.386617187500000000e+03
4.399171875000000000e+03
4.386851562500000000e+03
4.335765625000000000e+03
4.328625000000000000e+03
4.318347656250000000e+03
4.317683593750000000e+03
4.318445312500000000e+03
4.317816406250000000e+03
4.330699218750000000e+03
4.317921875000000000e+03
4.317039062500000000e+03
4.330132812500000000e+03
4.317410156250000000e+03
4.318574218750000000e+03
4.319000000000000000e+03
4.319058593750000000e+03
4.318574218750000000e+03
4.318878906250000000e+03
4.318644531250000000e+03
4.318425781250000000e+03
4.318480468750000000e+03
4.331496093750000000e+03
4.318496093750000000e+03
4.319023437500000000e+03
4.319203125000000000e+03
4.319015625000000000e+03
4.319636718750000000e+03
4.327953125000000000e+03
4.336593750000000000e+03
4.320480468750000000e+03
4.329187500000000000e+03
4.331285156250000000e+03
4.326550781250000000e+03
4.318597656250000000e+03
4.315937500000000000e+03
4.316394531250000000e+03
4.316046875000000000e+03
4.327527343750000000e+03
4.314617187500000000e+03
4.314300781250000000e+03
4.314273437500000000e+03
4.329074218750000000e+03
4.314507812500000000e+03
4.314496093750000000e+03
4.315328125000000000e+03
4.315816406250000000e+03
4.315785156250000000e+03
4.316671875000000000e+03
4.316484375000000000e+03
4.316371093750000000e+03
4.316863281250000000e+03
4.329679687500000000e+03
4.316949218750000000e+03
4.317671875000000000e+03
4.319816406250000000e+03
4.319875000000000000e+03
4.319863281250000000e+03
4.320218750000000000e+03
4.332460937500000000e+03
4.319527343750000000e+03
4.319210937500000000e+03
4.318691406250000000e+03
4.331195312500000000e+03
4.318875000000000000e+03
4.320566406250000000e+03
4.333093750000000000e+03
4.320339843750000000e+03
4.318476562500000000e+03
4.318601562500000000e+03
4.331648437500000000e+03
4.318503906250000000e+03
4.318679687500000000e+03
4.318667968750000000e+03
4.320742187500000000e+03
4.320128906250000000e+03
4.320476562500000000e+03
4.332058593750000000e+03
4.319597656250000000e+03
4.319843750000000000e+03
4.320484375000000000e+03
4.321218750000000000e+03
4.320503906250000000e+03
4.320546875000000000e+03
4.337789062500000000e+03
4.322000000000000000e+03
4.334812500000000000e+03
4.344687500000000000e+03
4.332062500000000000e+03
4.321968750000000000e+03
4.335167968750000000e+03
4.334585937500000000e+03
4.332511718750000000e+03
4.351460937500000000e+03
4.372648437500000000e+03
4.326050781250000000e+03
4.323597656250000000e+03
4.343109375000000000e+03
4.330972656250000000e+03
4.328742187500000000e+03
4.329199218750000000e+03
4.319437500000000000e+03
4.319730468750000000e+03
4.319812500000000000e+03
4.333613281250000000e+03
4.318722656250000000e+03
4.318539062500000000e+03
4.330601562500000000e+03
4.317554687500000000e+03
4.318007812500000000e+03
4.317605468750000000e+03
4.317039062500000000e+03
4.316980468750000000e+03
4.317566406250000000e+03
4.319410156250000000e+03
4.318574218750000000e+03
4.318011718750000000e+03
4.330570312500000000e+03
4.317289062500000000e+03
4.317218750000000000e+03
4.317640625000000000e+03
4.317699218750000000e+03
4.317417968750000000e+03
4.317347656250000000e+03
4.330160156250000000e+03
4.318191406250000000e+03
4.318070312500000000e+03
4.330464843750000000e+03
4.318160156250000000e+03
4.317671875000000000e+03
4.318210937500000000e+03
4.317832031250000000e+03
4.317992187500000000e+03
4.317980468750000000e+03
4.318039062500000000e+03
4.319445312500000000e+03
4.318816406250000000e+03
4.323121093750000000e+03
4.318984375000000000e+03
4.330890625000000000e+03
4.318011718750000000e+03
4.318195312500000000e+03
4.318320312500000000e+03
4.318320312500000000e+03
4.318496093750000000e+03
4.318542968750000000e+03
4.331281250000000000e+03
4.318960937500000000e+03
4.318761718750000000e+03
4.318937500000000000e+03
4.318750000000000000e+03
4.318496093750000000e+03
4.318855468750000000e+03
4.331207031250000000e+03
4.318625000000000000e+03
4.319351562500000000e+03
4.332257812500000000e+03
4.319550781250000000e+03
4.319062500000000000e+03
4.334015625000000000e+03
4.319675781250000000e+03
4.319609375000000000e+03
4.319644531250000000e+03
4.319644531250000000e+03
4.319261718750000000e+03
4.320703125000000000e+03
4.319667968750000000e+03
4.321523437500000000e+03
4.319304687500000000e+03
4.332167968750000000e+03
4.320074218750000000e+03
4.320062500000000000e+03
4.332875000000000000e+03
4.320355468750000000e+03
4.320527343750000000e+03
4.333652343750000000e+03
4.319707031250000000e+03
4.319753906250000000e+03
4.319527343750000000e+03
4.319773437500000000e+03
4.319730468750000000e+03
4.319523437500000000e+03
4.321585937500000000e+03
4.319542968750000000e+03
4.319500000000000000e+03
4.319488281250000000e+03
4.319300781250000000e+03
4.319476562500000000e+03
4.318863281250000000e+03
4.331843750000000000e+03
4.319074218750000000e+03
4.319738281250000000e+03
4.319480468750000000e+03
4.334484375000000000e+03
4.319468750000000000e+03
4.319457031250000000e+03
4.333250000000000000e+03
4.320234375000000000e+03
4.319929687500000000e+03
4.319882812500000000e+03
4.323808593750000000e+03
4.320148437500000000e+03
4.320324218750000000e+03
4.320125000000000000e+03
4.320371093750000000e+03
4.320359375000000000e+03
4.320476562500000000e+03
4.322582031250000000e+03
4.320214843750000000e+03
4.320453125000000000e+03
4.333023437500000000e+03
4.320425781250000000e+03
4.320117187500000000e+03
4.320105468750000000e+03
4.332195312500000000e+03
4.320089843750000000e+03
4.322785156250000000e+03
4.322785156250000000e+03
4.322820312500000000e+03
4.334726562500000000e+03
4.322375000000000000e+03
4.322093750000000000e+03
4.322761718750000000e+03
4.322761718750000000e+03
4.321996093750000000e+03
4.322500000000000000e+03
4.335824218750000000e+03
4.322765625000000000e+03
4.322277343750000000e+03
4.322773437500000000e+03
4.322773437500000000e+03
4.322761718750000000e+03
4.322691406250000000e+03
4.335523437500000000e+03
4.322492187500000000e+03
4.322667968750000000e+03
4.335089843750000000e+03
4.321847656250000000e+03
4.321867187500000000e+03
4.321750000000000000e+03
4.334074218750000000e+03
4.321476562500000000e+03
4.321722656250000000e+03
4.321710937500000000e+03
4.321523437500000000e+03
4.321265625000000000e+03
4.321035156250000000e+03
4.325281250000000000e+03
4.320851562500000000e+03
4.321210937500000000e+03
4.320421875000000000e+03
4.321316406250000000e+03
4.321617187500000000e+03
4.321953125000000000e+03
4.336769531250000000e+03
4.322187500000000000e+03
4.322847656250000000e+03
4.324050781250000000e+03
4.323902343750000000e+03
4.323449218750000000e+03
4.323324218750000000e+03
4.335664062500000000e+03
4.323312500000000000e+03
4.323820312500000000e+03
4.322996093750000000e+03
4.327175781250000000e+03
4.322890625000000000e+03
4.322984375000000000e+03
4.335261718750000000e+03
4.324886718750000000e+03
4.322609375000000000e+03
4.322421875000000000e+03
4.327558593750000000e+03
4.323054687500000000e+03
4.323289062500000000e+03
4.323464843750000000e+03
4.323089843750000000e+03
4.322187500000000000e+03
4.321683593750000000e+03
4.334820312500000000e+03
4.322109375000000000e+03
4.321820312500000000e+03
4.321437500000000000e+03
4.321328125000000000e+03
4.321925781250000000e+03
4.322480468750000000e+03
4.334781250000000000e+03
4.322558593750000000e+03
4.322664062500000000e+03
4.322863281250000000e+03
4.335093750000000000e+03
4.322742187500000000e+03
4.322378906250000000e+03
4.322828125000000000e+03
4.326968750000000000e+03
4.322769531250000000e+03
4.322710937500000000e+03
4.326636718750000000e+03
4.323113281250000000e+03
4.323382812500000000e+03
4.336003906250000000e+03
4.323664062500000000e+03
4.322839843750000000e+03
4.323074218750000000e+03
4.323316406250000000e+03
4.322593750000000000e+03
4.322582031250000000e+03
4.337152343750000000e+03
4.321875000000000000e+03
4.322312500000000000e+03
4.322417968750000000e+03
4.322230468750000000e+03
4.322406250000000000e+03
4.322394531250000000e+03
4.334656250000000000e+03
4.321828125000000000e+03
4.322003906250000000e+03
4.336296875000000000e+03
4.324625000000000000e+03
4.324328125000000000e+03
4.323699218750000000e+03
4.323511718750000000e+03
4.323578125000000000e+03
4.323566406250000000e+03
4.336628906250000000e+03
4.324046875000000000e+03
4.323804687500000000e+03
4.336636718750000000e+03
4.323496093750000000e+03
4.323671875000000000e+03
4.323660156250000000e+03
4.336230468750000000e+03
4.323230468750000000e+03
4.323312500000000000e+03
4.323546875000000000e+03
4.323359375000000000e+03
4.323535156250000000e+03
4.323851562500000000e+03
4.335871093750000000e+03
4.323222656250000000e+03
4.323398437500000000e+03
4.323738281250000000e+03
4.323738281250000000e+03
4.323726562500000000e+03
4.323730468750000000e+03
4.336242187500000000e+03
4.323531250000000000e+03
4.323074218750000000e+03
4.323015625000000000e+03
4.327015625000000000e+03
4.322847656250000000e+03
4.322835937500000000e+03
4.323011718750000000e+03
4.322636718750000000e+03
4.322781250000000000e+03
4.322769531250000000e+03
4.335585937500000000e+03
4.323003906250000000e+03
4.323347656250000000e+03
4.323707031250000000e+03
4.323140625000000000e+03
4.323175781250000000e+03
4.323121093750000000e+03
4.324687500000000000e+03
4.322644531250000000e+03
4.322664062500000000e+03
4.322640625000000000e+03
4.322832031250000000e+03
4.322781250000000000e+03
4.321929687500000000e+03
4.336382812500000000e+03
4.324542968750000000e+03
4.322988281250000000e+03
4.322929687500000000e+03
4.323316406250000000e+03
4.323261718750000000e+03
4.323382812500000000e+03
4.336031250000000000e+03
4.325316406250000000e+03
4.324472656250000000e+03
4.335640625000000000e+03
4.323535156250000000e+03
4.323582031250000000e+03
4.336800781250000000e+03
4.324097656250000000e+03
4.323882812500000000e+03
4.324164062500000000e+03
4.323789062500000000e+03
4.323093750000000000e+03
4.322835937500000000e+03
4.335847656250000000e+03
4.323261718750000000e+03
4.323250000000000000e+03
4.322937500000000000e+03
4.322855468750000000e+03
4.323277343750000000e+03
4.323597656250000000e+03
4.335921875000000000e+03
4.326417968750000000e+03
4.325093750000000000e+03
4.337601562500000000e+03
4.324707031250000000e+03
4.323832031250000000e+03
4.323906250000000000e+03
4.322062500000000000e+03
4.322238281250000000e+03
4.321964843750000000e+03
4.326148437500000000e+03
4.322101562500000000e+03
4.321832031250000000e+03
4.322328125000000000e+03
4.322140625000000000e+03
4.322316406250000000e+03
4.322292968750000000e+03
4.334906250000000000e+03
4.322199218750000000e+03
4.322292968750000000e+03
4.322281250000000000e+03
4.324492187500000000e+03
4.322960937500000000e+03
4.322917968750000000e+03
4.335144531250000000e+03
4.322328125000000000e+03
4.322558593750000000e+03
4.321582031250000000e+03
4.320906250000000000e+03
4.321097656250000000e+03
4.321218750000000000e+03
4.325285156250000000e+03
4.321214843750000000e+03
4.321285156250000000e+03
4.334117187500000000e+03
4.321578125000000000e+03
4.321378906250000000e+03
4.321699218750000000e+03
4.325808593750000000e+03
4.321730468750000000e+03
4.321632812500000000e+03
4.333226562500000000e+03
4.323207031250000000e+03
4.322820312500000000e+03
4.323375000000000000e+03
4.322996093750000000e+03
4.322562500000000000e+03
4.322738281250000000e+03
4.335753906250000000e+03
4.322800781250000000e+03
4.322906250000000000e+03
4.335617187500000000e+03
4.322707031250000000e+03
4.322636718750000000e+03
4.322625000000000000e+03
4.326683593750000000e+03
4.322574218750000000e+03
4.322750000000000000e+03
4.335355468750000000e+03
4.322386718750000000e+03
4.322242187500000000e+03
4.322355468750000000e+03
4.323261718750000000e+03
4.323300781250000000e+03
4.323476562500000000e+03
4.323476562500000000e+03
4.323875000000000000e+03
4.323937500000000000e+03
4.328183593750000000e+03
4.323609375000000000e+03
4.323785156250000000e+03
4.336578125000000000e+03
4.323996093750000000e+03
4.323773437500000000e+03
4.336500000000000000e+03
4.323589843750000000e+03
4.323710937500000000e+03
4.323937500000000000e+03
4.323750000000000000e+03
4.323050781250000000e+03
4.323183593750000000e+03
4.335324218750000000e+03
4.324187500000000000e+03
4.324363281250000000e+03
4.323195312500000000e+03
4.327441406250000000e+03
4.323808593750000000e+03
4.323367187500000000e+03
4.335570312500000000e+03
4.323242187500000000e+03
4.323027343750000000e+03
4.336199218750000000e+03
4.323761718750000000e+03
4.324324218750000000e+03
4.324429687500000000e+03
4.338878906250000000e+03
4.325597656250000000e+03
4.325644531250000000e+03
4.337878906250000000e+03
4.325210937500000000e+03
4.325386718750000000e+03
4.325828125000000000e+03
4.328031250000000000e+03
4.325703125000000000e+03
4.325496093750000000e+03
4.325792968750000000e+03
4.325792968750000000e+03
4.325898437500000000e+03
4.325460937500000000e+03
4.338492187500000000e+03
4.325277343750000000e+03
4.325078125000000000e+03
4.324640625000000000e+03
4.328886718750000000e+03
4.324500000000000000e+03
4.324949218750000000e+03
4.337726562500000000e+03
4.325003906250000000e+03
4.325371093750000000e+03
4.326074218750000000e+03
4.323851562500000000e+03
4.324730468750000000e+03
4.326429687500000000e+03
4.339976562500000000e+03
4.325730468750000000e+03
4.327187500000000000e+03
4.338082031250000000e+03
4.325738281250000000e+03
4.325652343750000000e+03
4.325093750000000000e+03
4.325195312500000000e+03
4.325648437500000000e+03
4.325636718750000000e+03
4.338207031250000000e+03
4.325871093750000000e+03
4.324660156250000000e+03
4.323570312500000000e+03
4.323449218750000000e+03
4.323613281250000000e+03
4.323929687500000000e+03
4.327550781250000000e+03
4.323656250000000000e+03
4.324761718750000000e+03
4.338531250000000000e+03
4.323980468750000000e+03
4.324027343750000000e+03
4.323335937500000000e+03
4.327136718750000000e+03
4.323183593750000000e+03
4.323761718750000000e+03
4.336781250000000000e+03
4.323687500000000000e+03
4.324187500000000000e+03
4.337136718750000000e+03
4.324531250000000000e+03
4.324027343750000000e+03
4.324523437500000000e+03
4.336675781250000000e+03
4.324324218750000000e+03
4.324253906250000000e+03
4.324011718750000000e+03
4.338062500000000000e+03
4.323136718750000000e+03
4.324210937500000000e+03
4.324257812500000000e+03
4.324257812500000000e+03
4.323957031250000000e+03
4.324296875000000000e+03
4.328355468750000000e+03
4.323851562500000000e+03
4.323140625000000000e+03
4.335972656250000000e+03
4.323128906250000000e+03
4.322871093750000000e+03
4.322859375000000000e+03
4.335445312500000000e+03
4.322847656250000000e+03
4.323023437500000000e+03
4.323011718750000000e+03
4.337582031250000000e+03
4.322597656250000000e+03
4.322742187500000000e+03
4.335808593750000000e+03
4.324414062500000000e+03
4.323558593750000000e+03
4.323175781250000000e+03
4.325359375000000000e+03
4.323085937500000000e+03
4.322773437500000000e+03
4.335906250000000000e+03
4.322734375000000000e+03
4.322910156250000000e+03
4.322882812500000000e+03
4.326808593750000000e+03
4.323117187500000000e+03
4.323105468750000000e+03
4.335816406250000000e+03
4.322964843750000000e+03
4.323550781250000000e+03
4.322960937500000000e+03
4.336066406250000000e+03
4.323199218750000000e+03
4.323500000000000000e+03
4.338636718750000000e+03
4.325003906250000000e+03
4.324687500000000000e+03
4.324722656250000000e+03
4.328589843750000000e+03
4.324144531250000000e+03
4.323945312500000000e+03
4.336574218750000000e+03
4.323867187500000000e+03
4.324277343750000000e+03
4.324296875000000000e+03
4.324343750000000000e+03
4.324285156250000000e+03
4.323562500000000000e+03
4.336113281250000000e+03
4.323316406250000000e+03
4.323304687500000000e+03
4.323039062500000000e+03
4.323039062500000000e+03
4.323289062500000000e+03
4.323746093750000000e+03
4.336191406250000000e+03
4.323609375000000000e+03
4.323597656250000000e+03
4.322835937500000000e+03
4.322648437500000000e+03
4.322589843750000000e+03
4.323054687500000000e+03
4.335789062500000000e+03
4.323089843750000000e+03
4.322554687500000000e+03
4.322644531250000000e+03
4.326578125000000000e+03
4.321527343750000000e+03
4.321777343750000000e+03
4.336773437500000000e+03
4.321960937500000000e+03
4.322367187500000000e+03
4.322441406250000000e+03
4.322441406250000000e+03
4.322648437500000000e+03
4.325574218750000000e+03
4.340160156250000000e+03
4.325484375000000000e+03
4.326070312500000000e+03
4.338968750000000000e+03
4.325871093750000000e+03
4.325304687500000000e+03
4.325710937500000000e+03
4.329957031250000000e+03
4.325941406250000000e+03
4.325679687500000000e+03
4.337925781250000000e+03
4.325433593750000000e+03
4.325609375000000000e+03
4.338042968750000000e+03
4.325027343750000000e+03
4.325062500000000000e+03
4.324808593750000000e+03
4.328488281250000000e+03
4.324722656250000000e+03
4.326117187500000000e+03
4.338878906250000000e+03
4.326082031250000000e+03
4.326011718750000000e+03
4.338781250000000000e+03
4.325812500000000000e+03
4.325910156250000000e+03
4.325335937500000000e+03
4.337699218750000000e+03
4.324964843750000000e+03
4.325332031250000000e+03
4.325320312500000000e+03
4.325320312500000000e+03
4.326058593750000000e+03
4.325800781250000000e+03
4.338265625000000000e+03
4.325296875000000000e+03
4.327207031250000000e+03
4.325335937500000000e+03
4.329394531250000000e+03
4.327390625000000000e+03
4.327621093750000000e+03
4.339621093750000000e+03
4.327625000000000000e+03
4.326824218750000000e+03
4.339953125000000000e+03
4.327191406250000000e+03
4.327039062500000000e+03
4.326175781250000000e+03
4.326175781250000000e+03
4.325917968750000000e+03
4.325906250000000000e+03
4.338617187500000000e+03
4.325953125000000000e+03
4.325429687500000000e+03
4.325281250000000000e+03
4.338472656250000000e+03
4.326003906250000000e+03
4.325992187500000000e+03
4.326167968750000000e+03
4.340941406250000000e+03
4.326710937500000000e+03
4.326652343750000000e+03
4.327253906250000000e+03
4.327253906250000000e+03
4.327769531250000000e+03
4.327320312500000000e+03
4.339679687500000000e+03
4.326863281250000000e+03
4.326789062500000000e+03
4.326472656250000000e+03
4.326285156250000000e+03
4.326027343750000000e+03
4.326203125000000000e+03
4.326167968750000000e+03
4.326167968750000000e+03
4.326234375000000000e+03
4.326468750000000000e+03
4.338453125000000000e+03
4.326457031250000000e+03
4.328105468750000000e+03
4.338457031250000000e+03
4.325734375000000000e+03
4.325531250000000000e+03
4.325222656250000000e+03
4.325035156250000000e+03
4.325007812500000000e+03
4.325101562500000000e+03
4.325101562500000000e+03
4.325292968750000000e+03
4.324871093750000000e+03
4.338261718750000000e+03
4.325539062500000000e+03
4.325527343750000000e+03
4.324933593750000000e+03
4.339652343750000000e+03
4.325027343750000000e+03
4.325343750000000000e+03
4.325332031250000000e+03
4.325332031250000000e+03
4.325566406250000000e+03
4.326730468750000000e+03
4.327417968750000000e+03
4.327285156250000000e+03
4.326007812500000000e+03
4.327960937500000000e+03
4.326074218750000000e+03
4.326113281250000000e+03
4.338824218750000000e+03
4.326589843750000000e+03
4.326578125000000000e+03
4.327058593750000000e+03
4.331117187500000000e+03
4.326843750000000000e+03
4.326988281250000000e+03
4.339500000000000000e+03
4.327390625000000000e+03
4.327492187500000000e+03
4.339882812500000000e+03
4.326957031250000000e+03
4.326441406250000000e+03
4.327023437500000000e+03
4.326910156250000000e+03
4.326085937500000000e+03
4.325761718750000000e+03
4.337851562500000000e+03
4.325445312500000000e+03
4.324371093750000000e+03
4.324792968750000000e+03
4.327125000000000000e+03
4.324898437500000000e+03
4.324980468750000000e+03
4.336257812500000000e+03
4.323968750000000000e+03
4.324113281250000000e+03
4.336839843750000000e+03
4.324128906250000000e+03
4.324960937500000000e+03
4.331957031250000000e+03
4.334781250000000000e+03
4.331644531250000000e+03
4.332617187500000000e+03
4.333132812500000000e+03
4.330707031250000000e+03
4.331859375000000000e+03
4.343886718750000000e+03
4.331417968750000000e+03
4.331906250000000000e+03
4.344863281250000000e+03
4.331894531250000000e+03
4.334695312500000000e+03
4.330300781250000000e+03
4.330605468750000000e+03
4.330191406250000000e+03
4.333335937500000000e+03
4.339957031250000000e+03
4.336410156250000000e+03
4.336437500000000000e+03
4.348914062500000000e+03
4.336671875000000000e+03
4.336414062500000000e+03
4.350074218750000000e+03
4.337808593750000000e+03
4.337773437500000000e+03
4.337761718750000000e+03
4.351382812500000000e+03
4.337003906250000000e+03
4.336984375000000000e+03
4.349273437500000000e+03
4.337167968750000000e+03
4.337343750000000000e+03
4.350601562500000000e+03
4.337320312500000000e+03
4.337496093750000000e+03
4.348480468750000000e+03
4.335984375000000000e+03
4.335082031250000000e+03
4.335011718750000000e+03
4.335011718750000000e+03
4.335187500000000000e+03
4.335957031250000000e+03
4.336617187500000000e+03
4.336453125000000000e+03
4.336222656250000000e+03
4.347976562500000000e+03
4.336730468750000000e+03
4.336472656250000000e+03
4.335960937500000000e+03
4.340265625000000000e+03
4.336195312500000000e+03
4.336183593750000000e+03
4.336535156250000000e+03
4.336203125000000000e+03
4.336378906250000000e+03
4.336148437500000000e+03
4.348886718750000000e+03
4.336382812500000000e+03
4.336250000000000000e+03
4.336378906250000000e+03
4.350761718750000000e+03
4.336367187500000000e+03
4.336167968750000000e+03
4.348695312500000000e+03
4.335449218750000000e+03
4.335625000000000000e+03
4.335417968750000000e+03
4.335417968750000000e+03
4.335535156250000000e+03
4.335589843750000000e+03
4.348316406250000000e+03
4.335578125000000000e+03
4.335550781250000000e+03
4.336019531250000000e+03
4.335832031250000000e+03
4.335773437500000000e+03
4.335515625000000000e+03
4.337582031250000000e+03
4.335257812500000000e+03
4.335414062500000000e+03
4.348140625000000000e+03
4.335417968750000000e+03
4.335390625000000000e+03
4.336621093750000000e+03
4.336375000000000000e+03
4.336625000000000000e+03
4.335996093750000000e+03
4.350363281250000000e+03
4.335984375000000000e+03
4.335726562500000000e+03
4.335699218750000000e+03
4.335511718750000000e+03
4.335687500000000000e+03
4.335691406250000000e+03
4.349304687500000000e+03
4.334679687500000000e+03
4.334914062500000000e+03
4.347812500000000000e+03
4.334902343750000000e+03
4.334695312500000000e+03
4.334578125000000000e+03
4.334578125000000000e+03
4.340847656250000000e+03
4.336402343750000000e+03
4.337957031250000000e+03
4.335527343750000000e+03
4.335171875000000000e+03
4.345800781250000000e+03
4.332984375000000000e+03
4.332554687500000000e+03
4.332730468750000000e+03
4.332476562500000000e+03
4.333015625000000000e+03
4.333085937500000000e+03
4.332898437500000000e+03
4.332582031250000000e+03
4.332554687500000000e+03
4.332367187500000000e+03
4.333035156250000000e+03
4.333039062500000000e+03
4.346781250000000000e+03
4.332839843750000000e+03
4.333015625000000000e+03
4.334367187500000000e+03
4.334289062500000000e+03
4.333695312500000000e+03
4.333929687500000000e+03
4.335777343750000000e+03
4.333718750000000000e+03
4.333539062500000000e+03
4.333328125000000000e+03
4.333328125000000000e+03
4.333265625000000000e+03
4.333308593750000000e+03
4.337667968750000000e+03
4.333960937500000000e+03
4.332902343750000000e+03
4.345699218750000000e+03
4.333101562500000000e+03
4.332636718750000000e+03
4.332691406250000000e+03
4.336371093750000000e+03
4.332433593750000000e+03
4.333515625000000000e+03
4.338417968750000000e+03
4.334195312500000000e+03
4.333601562500000000e+03
4.347003906250000000e+03
4.332339843750000000e+03
4.331921875000000000e+03
4.344796875000000000e+03
4.331980468750000000e+03
4.332078125000000000e+03
4.331847656250000000e+03
4.332093750000000000e+03
4.331835937500000000e+03
4.331855468750000000e+03
4.332101562500000000e+03
4.332335937500000000e+03
4.332015625000000000e+03
4.344230468750000000e+03
4.331972656250000000e+03
4.331707031250000000e+03
4.332199218750000000e+03
4.333406250000000000e+03
4.332539062500000000e+03
4.332527343750000000e+03
4.345324218750000000e+03
4.332484375000000000e+03
4.332500000000000000e+03
4.331687500000000000e+03
4.331687500000000000e+03
4.331445312500000000e+03
4.331058593750000000e+03
4.343539062500000000e+03
4.330859375000000000e+03
4.330968750000000000e+03
4.331023437500000000e+03
4.334703125000000000e+03
4.331011718750000000e+03
4.331246093750000000e+03
4.331613281250000000e+03
4.331046875000000000e+03
4.330960937500000000e+03
4.331523437500000000e+03
4.343621093750000000e+03
4.331144531250000000e+03
4.331179687500000000e+03
4.343734375000000000e+03
4.331160156250000000e+03
4.330980468750000000e+03
4.330406250000000000e+03
4.342652343750000000e+03
4.330300781250000000e+03
4.330699218750000000e+03
4.330464843750000000e+03
4.334957031250000000e+03
4.330667968750000000e+03
4.330988281250000000e+03
4.343902343750000000e+03
4.331179687500000000e+03
4.331750000000000000e+03
4.331492187500000000e+03
4.343492187500000000e+03
4.335742187500000000e+03
4.334355468750000000e+03
4.333898437500000000e+03
4.333480468750000000e+03
4.333410156250000000e+03
4.332593750000000000e+03
4.344578125000000000e+03
4.332101562500000000e+03
4.331910156250000000e+03
4.332570312500000000e+03
4.332613281250000000e+03
4.332281250000000000e+03
4.332269531250000000e+03
4.345121093750000000e+03
4.331972656250000000e+03
4.331355468750000000e+03
4.331550781250000000e+03
4.331609375000000000e+03
4.331785156250000000e+03
4.332019531250000000e+03
4.333789062500000000e+03
4.332992187500000000e+03
4.333093750000000000e+03
4.345839843750000000e+03
4.332929687500000000e+03
4.333378906250000000e+03
4.333785156250000000e+03
4.333394531250000000e+03
4.332964843750000000e+03
4.332953125000000000e+03
4.337371093750000000e+03
4.333425781250000000e+03
4.333414062500000000e+03
4.333160156250000000e+03
4.332972656250000000e+03
4.333148437500000000e+03
4.332613281250000000e+03
4.345355468750000000e+03
4.332691406250000000e+03
4.332253906250000000e+03
4.332785156250000000e+03
4.334500000000000000e+03
4.334750000000000000e+03
4.334269531250000000e+03
4.346855468750000000e+03
4.334316406250000000e+03
4.334890625000000000e+03
4.334195312500000000e+03
4.334128906250000000e+03
4.334304687500000000e+03
4.334089843750000000e+03
4.346882812500000000e+03
4.334160156250000000e+03
4.334394531250000000e+03
4.334714843750000000e+03
4.334335937500000000e+03
4.334191406250000000e+03
4.334699218750000000e+03
4.334882812500000000e+03
4.334601562500000000e+03
4.334378906250000000e+03
4.347984375000000000e+03
4.334402343750000000e+03
4.333824218750000000e+03
4.333550781250000000e+03
4.333550781250000000e+03
4.333523437500000000e+03
4.333773437500000000e+03
4.346511718750000000e+03
4.334007812500000000e+03
4.333996093750000000e+03
4.333613281250000000e+03
4.333425781250000000e+03
4.333199218750000000e+03
4.333953125000000000e+03
4.346679687500000000e+03
4.334000000000000000e+03
4.333929687500000000e+03
4.333683593750000000e+03
4.335574218750000000e+03
4.332855468750000000e+03
4.334644531250000000e+03
4.347085937500000000e+03
4.334054687500000000e+03
4.334230468750000000e+03
4.334218750000000000e+03
4.348601562500000000e+03
4.334207031250000000e+03
4.334316406250000000e+03
4.334738281250000000e+03
4.334550781250000000e+03
4.333289062500000000e+03
4.333464843750000000e+03
4.345957031250000000e+03
4.333437500000000000e+03
4.333425781250000000e+03
4.333167968750000000e+03
4.332980468750000000e+03
4.333156250000000000e+03
4.345414062500000000e+03
4.333140625000000000e+03
4.335449218750000000e+03
4.345691406250000000e+03
4.333332031250000000e+03
4.333074218750000000e+03
4.332992187500000000e+03
4.333121093750000000e+03
4.333296875000000000e+03
4.333667968750000000e+03
4.333726562500000000e+03
4.332867187500000000e+03
4.333093750000000000e+03
4.344796875000000000e+03
4.333265625000000000e+03
4.333250000000000000e+03
4.333875000000000000e+03
4.333035156250000000e+03
4.333210937500000000e+03
4.333667968750000000e+03
4.335542968750000000e+03
4.333656250000000000e+03
4.335238281250000000e+03
4.343375000000000000e+03
4.333027343750000000e+03
4.333273437500000000e+03
4.345968750000000000e+03
4.333042968750000000e+03
4.333218750000000000e+03
4.333207031250000000e+03
4.337757812500000000e+03
4.333562500000000000e+03
4.333570312500000000e+03
4.345769531250000000e+03
4.333417968750000000e+03
4.333593750000000000e+03
4.346320312500000000e+03
4.333554687500000000e+03
4.333730468750000000e+03
4.333703125000000000e+03
4.334003906250000000e+03
4.333531250000000000e+03
4.333898437500000000e+03
4.347347656250000000e+03
4.335351562500000000e+03
4.334074218750000000e+03
4.334570312500000000e+03
4.334570312500000000e+03
4.334464843750000000e+03
4.334453125000000000e+03
4.346933593750000000e+03
4.334121093750000000e+03
4.334203125000000000e+03
4.334187500000000000e+03
4.334187500000000000e+03
4.333859375000000000e+03
4.333816406250000000e+03
4.337496093750000000e+03
4.333773437500000000e+03
4.334359375000000000e+03
4.346992187500000000e+03
4.334011718750000000e+03
4.333492187500000000e+03
4.349882812500000000e+03
4.334964843750000000e+03
4.334316406250000000e+03
4.347308593750000000e+03
4.334011718750000000e+03
4.334171875000000000e+03
4.346679687500000000e+03
4.333972656250000000e+03
4.334410156250000000e+03
4.335023437500000000e+03
4.334457031250000000e+03
4.334386718750000000e+03
4.334128906250000000e+03
4.344773437500000000e+03
4.334117187500000000e+03
4.334105468750000000e+03
4.346859375000000000e+03
4.333906250000000000e+03
4.334328125000000000e+03
4.334109375000000000e+03
4.339941406250000000e+03
4.335726562500000000e+03
4.334945312500000000e+03
4.348410156250000000e+03
4.335441406250000000e+03
4.335863281250000000e+03
4.335851562500000000e+03
4.339218750000000000e+03
4.335035156250000000e+03
4.335039062500000000e+03
4.347089843750000000e+03
4.334136718750000000e+03
4.334312500000000000e+03
4.333945312500000000e+03
4.337871093750000000e+03
4.333933593750000000e+03
4.333921875000000000e+03
4.346675781250000000e+03
4.333910156250000000e+03
4.333898437500000000e+03
4.335605468750000000e+03
4.334468750000000000e+03
4.336476562500000000e+03
4.334781250000000000e+03
4.334593750000000000e+03
4.334789062500000000e+03
4.334964843750000000e+03
4.339515625000000000e+03
4.335445312500000000e+03
4.335554687500000000e+03
4.346500000000000000e+03
4.333535156250000000e+03
4.333378906250000000e+03
4.333554687500000000e+03
4.335460937500000000e+03
4.333527343750000000e+03
4.333277343750000000e+03
4.346468750000000000e+03
4.333281250000000000e+03
4.333253906250000000e+03
4.335425781250000000e+03
4.334703125000000000e+03
4.334160156250000000e+03
4.333835937500000000e+03
4.346285156250000000e+03
4.333824218750000000e+03
4.334000000000000000e+03
4.334046875000000000e+03
4.344878906250000000e+03
4.334035156250000000e+03
4.333628906250000000e+03
4.346316406250000000e+03
4.333550781250000000e+03
4.334167968750000000e+03
4.334128906250000000e+03
4.346636718750000000e+03
4.333906250000000000e+03
4.333320312500000000e+03
4.345582031250000000e+03
4.333445312500000000e+03
4.334632812500000000e+03
4.335703125000000000e+03
4.335535156250000000e+03
4.335425781250000000e+03
4.334937500000000000e+03
4.334750000000000000e+03
4.334480468750000000e+03
4.334855468750000000e+03
4.347332031250000000e+03
4.335210937500000000e+03
4.335828125000000000e+03
4.335636718750000000e+03
4.335636718750000000e+03
4.335625000000000000e+03
4.335613281250000000e+03
4.347843750000000000e+03
4.335355468750000000e+03
4.334847656250000000e+03
4.334464843750000000e+03
4.334277343750000000e+03
4.334589843750000000e+03
4.335171875000000000e+03
4.346949218750000000e+03
4.334199218750000000e+03
4.334378906250000000e+03
4.334734375000000000e+03
4.334546875000000000e+03
4.334726562500000000e+03
4.334714843750000000e+03
4.349359375000000000e+03
4.334515625000000000e+03
4.334183593750000000e+03
4.347183593750000000e+03
4.334417968750000000e+03
4.334406250000000000e+03
4.334148437500000000e+03
4.338207031250000000e+03
4.334136718750000000e+03
4.334367187500000000e+03
4.334667968750000000e+03
4.334472656250000000e+03
4.335683593750000000e+03
4.336597656250000000e+03
4.334402343750000000e+03
4.334351562500000000e+03
4.358972656250000000e+03
4.346125000000000000e+03
4.346222656250000000e+03
4.366085937500000000e+03
4.376656250000000000e+03
4.338023437500000000e+03
4.337050781250000000e+03
4.350781250000000000e+03
4.337824218750000000e+03
4.338000000000000000e+03
4.338109375000000000e+03
4.337921875000000000e+03
4.338097656250000000e+03
4.338101562500000000e+03
4.337914062500000000e+03
4.338097656250000000e+03
4.340042968750000000e+03
4.350996093750000000e+03
4.338628906250000000e+03
4.338648437500000000e+03
4.339031250000000000e+03
4.339031250000000000e+03
4.338539062500000000e+03
4.338425781250000000e+03
4.337675781250000000e+03
4.338492187500000000e+03
4.338496093750000000e+03
4.351402343750000000e+03
4.338832031250000000e+03
4.338820312500000000e+03
4.351316406250000000e+03
4.338578125000000000e+03
4.339058593750000000e+03
4.338933593750000000e+03
4.350597656250000000e+03
4.338191406250000000e+03
4.339359375000000000e+03
4.338289062500000000e+03
4.341953125000000000e+03
4.338285156250000000e+03
4.339156250000000000e+03
4.339492187500000000e+03
4.338925781250000000e+03
4.339222656250000000e+03
4.339453125000000000e+03
4.343257812500000000e+03
4.338179687500000000e+03
4.337906250000000000e+03
4.350660156250000000e+03
4.337707031250000000e+03
4.338144531250000000e+03
4.338105468750000000e+03
4.350121093750000000e+03
4.338093750000000000e+03
4.338097656250000000e+03
4.338332031250000000e+03
4.338878906250000000e+03
4.339164062500000000e+03
4.338828125000000000e+03
4.338410156250000000e+03
4.338210937500000000e+03
4.337781250000000000e+03
4.350968750000000000e+03
4.338382812500000000e+03
4.338156250000000000e+03
4.337925781250000000e+03
4.350671875000000000e+03
4.337906250000000000e+03
4.338074218750000000e+03
4.338046875000000000e+03
4.338093750000000000e+03
4.337835937500000000e+03
4.338035156250000000e+03
4.351867187500000000e+03
4.337835937500000000e+03
4.337046875000000000e+03
4.337785156250000000e+03
4.338937500000000000e+03
4.339355468750000000e+03
4.338972656250000000e+03
4.353847656250000000e+03
4.339574218750000000e+03
4.339503906250000000e+03
4.351519531250000000e+03
4.339058593750000000e+03
4.339031250000000000e+03
4.339468750000000000e+03
4.354113281250000000e+03
4.338718750000000000e+03
4.338214843750000000e+03
4.338203125000000000e+03
4.338261718750000000e+03
4.337898437500000000e+03
4.337875000000000000e+03
4.350011718750000000e+03
4.337753906250000000e+03
4.337511718750000000e+03
4.337726562500000000e+03
4.336980468750000000e+03
4.337140625000000000e+03
4.336281250000000000e+03
4.350925781250000000e+03
4.336285156250000000e+03
4.336378906250000000e+03
4.349367187500000000e+03
4.336441406250000000e+03
4.336617187500000000e+03
4.336621093750000000e+03
4.340867187500000000e+03
4.336609375000000000e+03
4.336351562500000000e+03
4.349324218750000000e+03
4.336152343750000000e+03
4.336816406250000000e+03
4.348804687500000000e+03
4.336378906250000000e+03
4.336367187500000000e+03
4.338445312500000000e+03
4.337687500000000000e+03
4.337156250000000000e+03
4.337808593750000000e+03
4.337867187500000000e+03
4.338824218750000000e+03
4.338523437500000000e+03
4.351449218750000000e+03
4.338589843750000000e+03
4.338605468750000000e+03
4.338078125000000000e+03
4.341937500000000000e+03
4.338261718750000000e+03
4.337789062500000000e+03
4.350542968750000000e+03
4.337605468750000000e+03
4.337781250000000000e+03
4.337808593750000000e+03
4.340179687500000000e+03
4.338277343750000000e+03
4.340027343750000000e+03
4.351257812500000000e+03
4.338101562500000000e+03
4.338277343750000000e+03
4.337632812500000000e+03
4.352449218750000000e+03
4.337625000000000000e+03
4.337371093750000000e+03
4.350117187500000000e+03
4.337207031250000000e+03
4.337429687500000000e+03
4.337632812500000000e+03
4.341937500000000000e+03
4.337867187500000000e+03
4.337855468750000000e+03
4.350828125000000000e+03
4.338089843750000000e+03
4.338542968750000000e+03
4.338160156250000000e+03
4.338160156250000000e+03
4.338839843750000000e+03
4.339011718750000000e+03
4.351214843750000000e+03
4.338753906250000000e+03
4.338160156250000000e+03
4.338148437500000000e+03
4.342503906250000000e+03
4.338187500000000000e+03
4.338417968750000000e+03
4.351128906250000000e+03
4.338035156250000000e+03
4.338023437500000000e+03
4.337488281250000000e+03
4.352164062500000000e+03
4.337492187500000000e+03
4.337496093750000000e+03
4.337863281250000000e+03
4.337484375000000000e+03
4.337703125000000000e+03
4.337675781250000000e+03
4.341125000000000000e+03
4.338765625000000000e+03
4.338378906250000000e+03
4.350871093750000000e+03
4.338164062500000000e+03
4.338691406250000000e+03
4.338375000000000000e+03
4.342546875000000000e+03
4.338527343750000000e+03
4.338593750000000000e+03
4.351183593750000000e+03
4.339386718750000000e+03
4.339128906250000000e+03
4.338644531250000000e+03
4.338457031250000000e+03
4.338218750000000000e+03
4.338394531250000000e+03
4.338386718750000000e+03
4.337464843750000000e+03
4.350359375000000000e+03
4.338113281250000000e+03
4.338851562500000000e+03
4.339359375000000000e+03
4.340839843750000000e+03
4.339054687500000000e+03
4.339347656250000000e+03
4.339171875000000000e+03
4.339625000000000000e+03
4.339578125000000000e+03
4.339042968750000000e+03
4.351042968750000000e+03
4.338785156250000000e+03
4.338773437500000000e+03
4.337769531250000000e+03
4.337769531250000000e+03
4.337726562500000000e+03
4.337722656250000000e+03
4.350671875000000000e+03
4.337718750000000000e+03
4.337894531250000000e+03
4.337882812500000000e+03
4.343285156250000000e+03
4.339796875000000000e+03
4.339218750000000000e+03
4.339218750000000000e+03
4.338835937500000000e+03
4.339085937500000000e+03
4.352785156250000000e+03
4.337808593750000000e+03
4.338167968750000000e+03
4.350792968750000000e+03
4.337984375000000000e+03
4.338160156250000000e+03
4.338511718750000000e+03
4.342652343750000000e+03
4.338378906250000000e+03
4.338324218750000000e+03
4.351078125000000000e+03
4.338312500000000000e+03
4.338054687500000000e+03
4.338230468750000000e+03
4.355101562500000000e+03
4.340804687500000000e+03
4.339621093750000000e+03
4.339929687500000000e+03
4.339929687500000000e+03
4.339718750000000000e+03
4.338617187500000000e+03
4.353343750000000000e+03
4.338687500000000000e+03
4.338601562500000000e+03
4.338679687500000000e+03
4.339167968750000000e+03
4.339097656250000000e+03
4.338621093750000000e+03
4.338621093750000000e+03
4.338527343750000000e+03
4.337742187500000000e+03
4.352343750000000000e+03
4.338179687500000000e+03
4.338546875000000000e+03
4.352539062500000000e+03
4.340781250000000000e+03
4.341210937500000000e+03
4.340382812500000000e+03
4.344382812500000000e+03
4.340000000000000000e+03
4.338937500000000000e+03
4.339179687500000000e+03
4.338597656250000000e+03
4.339183593750000000e+03
4.339417968750000000e+03
4.352664062500000000e+03
4.339722656250000000e+03
4.339882812500000000e+03
4.339855468750000000e+03
4.339855468750000000e+03
4.339640625000000000e+03
4.339722656250000000e+03
4.350105468750000000e+03
4.339679687500000000e+03
4.338871093750000000e+03
4.339343750000000000e+03
4.339007812500000000e+03
4.338898437500000000e+03
4.338488281250000000e+03
4.350734375000000000e+03
4.337937500000000000e+03
4.338046875000000000e+03
4.337867187500000000e+03
4.338160156250000000e+03
4.337656250000000000e+03
4.337597656250000000e+03
4.350171875000000000e+03
4.337636718750000000e+03
4.337527343750000000e+03
4.337855468750000000e+03
4.342101562500000000e+03
4.337796875000000000e+03
4.337757812500000000e+03
4.350675781250000000e+03
4.337878906250000000e+03
4.340074218750000000e+03
4.339804687500000000e+03
4.353929687500000000e+03
4.339378906250000000e+03
4.339546875000000000e+03
4.353011718750000000e+03
4.340136718750000000e+03
4.340394531250000000e+03
4.340230468750000000e+03
4.352207031250000000e+03
4.339902343750000000e+03
4.339410156250000000e+03
4.339277343750000000e+03
4.339816406250000000e+03
4.339625000000000000e+03
4.339734375000000000e+03
4.352519531250000000e+03
4.339769531250000000e+03
4.339820312500000000e+03
4.339214843750000000e+03
4.342289062500000000e+03
4.339199218750000000e+03
4.339597656250000000e+03
4.352046875000000000e+03
4.339562500000000000e+03
4.339500000000000000e+03
4.339429687500000000e+03
4.341441406250000000e+03
4.341628906250000000e+03
4.339222656250000000e+03
4.351980468750000000e+03
4.339687500000000000e+03
4.339597656250000000e+03
4.339429687500000000e+03
4.339242187500000000e+03
4.339414062500000000e+03
4.339636718750000000e+03
4.351929687500000000e+03
4.339625000000000000e+03
4.339378906250000000e+03
4.341792968750000000e+03
4.339597656250000000e+03
4.338953125000000000e+03
4.338699218750000000e+03
4.339003906250000000e+03
4.338792968750000000e+03
4.338425781250000000e+03
4.351515625000000000e+03
4.338644531250000000e+03
4.338585937500000000e+03
4.351019531250000000e+03
4.338726562500000000e+03
4.338437500000000000e+03
4.351082031250000000e+03
4.338449218750000000e+03
4.338332031250000000e+03
4.351078125000000000e+03
4.338179687500000000e+03
4.338218750000000000e+03
4.350996093750000000e+03
4.339597656250000000e+03
4.342125000000000000e+03
4.340421875000000000e+03
4.255781250000000000e+03
4.251347656250000000e+03
4.251574218750000000e+03
4.264164062500000000e+03
4.251277343750000000e+03
4.254230468750000000e+03
4.253273437500000000e+03
4.267718750000000000e+03
4.260703125000000000e+03
4.264472656250000000e+03
4.288652343750000000e+03
4.297765625000000000e+03
4.298355468750000000e+03
4.304265625000000000e+03
4.303683593750000000e+03
4.301945312500000000e+03
4.317582031250000000e+03
4.303824218750000000e+03
4.294261718750000000e+03
4.293351562500000000e+03
4.304781250000000000e+03
4.293453125000000000e+03
4.301917968750000000e+03
4.306804687500000000e+03
4.314246093750000000e+03
4.318707031250000000e+03
4.318855468750000000e+03
4.328921875000000000e+03
4.331789062500000000e+03
4.334597656250000000e+03
4.313539062500000000e+03
4.312316406250000000e+03
4.312308593750000000e+03
4.305906250000000000e+03
4.317550781250000000e+03
4.304363281250000000e+03
4.307621093750000000e+03
4.317160156250000000e+03
4.315390625000000000e+03
4.316679687500000000e+03
4.316386718750000000e+03
4.315878906250000000e+03
4.317398437500000000e+03
4.320042968750000000e+03
4.311210937500000000e+03
4.247632812500000000e+03
2.589492187500000000e+03
2.579121093750000000e+03
2.578785156250000000e+03
2.591167968750000000e+03
2.706554687500000000e+03
2.579207031250000000e+03
2.592328125000000000e+03
2.579792968750000000e+03
2.579781250000000000e+03
2.592058593750000000e+03
2.579527343750000000e+03
2.579238281250000000e+03
2.594714843750000000e+03
2.581863281250000000e+03
2.581636718750000000e+03
2.581625000000000000e+03
2.593902343750000000e+03
2.581425781250000000e+03
2.580738281250000000e+03
2.580914062500000000e+03
