7.760000000000000000e+02
7.760000000000000000e+02
7.760000000000000000e+02
7.760000000000000000e+02
9.590000000000000000e+02
9.630000000000000000e+02
9.630000000000000000e+02
9.630000000000000000e+02
9.650000000000000000e+02
9.650000000000000000e+02
1.001000000000000000e+03
1.001000000000000000e+03
1.001000000000000000e+03
1.001000000000000000e+03
1.001000000000000000e+03
1.001000000000000000e+03
1.001000000000000000e+03
1.001000000000000000e+03
1.001000000000000000e+03
1.000000000000000000e+03
1.000000000000000000e+03
1.000000000000000000e+03
1.000000000000000000e+03
1.000000000000000000e+03
1.000000000000000000e+03
1.000000000000000000e+03
1.000000000000000000e+03
1.000000000000000000e+03
1.000000000000000000e+03
1.000000000000000000e+03
1.000000000000000000e+03
1.000000000000000000e+03
1.000000000000000000e+03
1.000000000000000000e+03
1.000000000000000000e+03
1.000000000000000000e+03
1.000000000000000000e+03
1.000000000000000000e+03
1.000000000000000000e+03
1.000000000000000000e+03
1.000000000000000000e+03
1.000000000000000000e+03
1.000000000000000000e+03
9.990000000000000000e+02
9.990000000000000000e+02
9.990000000000000000e+02
9.990000000000000000e+02
9.990000000000000000e+02
9.990000000000000000e+02
9.910000000000000000e+02
9.910000000000000000e+02
9.900000000000000000e+02
9.890000000000000000e+02
9.770000000000000000e+02
9.770000000000000000e+02
9.770000000000000000e+02
9.770000000000000000e+02
9.770000000000000000e+02
9.770000000000000000e+02
9.770000000000000000e+02
9.770000000000000000e+02
1.465000000000000000e+03
1.465000000000000000e+03
1.455000000000000000e+03
1.455000000000000000e+03
1.455000000000000000e+03
1.057000000000000000e+03
1.057000000000000000e+03
1.057000000000000000e+03
1.057000000000000000e+03
9.750000000000000000e+02
9.750000000000000000e+02
9.750000000000000000e+02
9.750000000000000000e+02
1.277000000000000000e+03
1.277000000000000000e+03
1.183000000000000000e+03
1.285000000000000000e+03
1.587000000000000000e+03
1.177000000000000000e+03
1.177000000000000000e+03
1.207000000000000000e+03
1.207000000000000000e+03
1.207000000000000000e+03
1.207000000000000000e+03
1.209000000000000000e+03
1.209000000000000000e+03
1.209000000000000000e+03
1.209000000000000000e+03
1.209000000000000000e+03
1.209000000000000000e+03
1.209000000000000000e+03
1.239000000000000000e+03
1.697000000000000000e+03
1.861000000000000000e+03
1.861000000000000000e+03
1.861000000000000000e+03
1.861000000000000000e+03
1.861000000000000000e+03
1.861000000000000000e+03
1.610000000000000000e+03
1.602000000000000000e+03
1.602000000000000000e+03
1.602000000000000000e+03
1.602000000000000000e+03
1.602000000000000000e+03
1.602000000000000000e+03
1.602000000000000000e+03
1.602000000000000000e+03
1.610000000000000000e+03
1.814000000000000000e+03
1.814000000000000000e+03
1.814000000000000000e+03
1.814000000000000000e+03
1.810000000000000000e+03
1.810000000000000000e+03
1.810000000000000000e+03
1.810000000000000000e+03
1.810000000000000000e+03
1.810000000000000000e+03
1.810000000000000000e+03
1.810000000000000000e+03
1.810000000000000000e+03
1.810000000000000000e+03
1.810000000000000000e+03
1.810000000000000000e+03
1.810000000000000000e+03
1.810000000000000000e+03
1.810000000000000000e+03
1.810000000000000000e+03
1.810000000000000000e+03
1.810000000000000000e+03
1.810000000000000000e+03
1.810000000000000000e+03
1.810000000000000000e+03
1.810000000000000000e+03
1.810000000000000000e+03
1.810000000000000000e+03
1.810000000000000000e+03
1.810000000000000000e+03
1.810000000000000000e+03
1.810000000000000000e+03
1.810000000000000000e+03
1.810000000000000000e+03
1.810000000000000000e+03
1.810000000000000000e+03
1.810000000000000000e+03
1.810000000000000000e+03
1.810000000000000000e+03
1.810000000000000000e+03
1.810000000000000000e+03
1.810000000000000000e+03
1.810000000000000000e+03
1.810000000000000000e+03
1.810000000000000000e+03
1.810000000000000000e+03
1.810000000000000000e+03
1.810000000000000000e+03
1.810000000000000000e+03
1.810000000000000000e+03
1.810000000000000000e+03
1.810000000000000000e+03
1.810000000000000000e+03
1.810000000000000000e+03
1.810000000000000000e+03
1.810000000000000000e+03
1.810000000000000000e+03
1.810000000000000000e+03
3.056000000000000000e+03
4.572000000000000000e+03
4.574000000000000000e+03
4.574000000000000000e+03
4.574000000000000000e+03
4.574000000000000000e+03
4.574000000000000000e+03
4.574000000000000000e+03
4.574000000000000000e+03
4.574000000000000000e+03
4.574000000000000000e+03
4.574000000000000000e+03
4.574000000000000000e+03
3.870000000000000000e+03
3.326000000000000000e+03
2.468000000000000000e+03
3.326000000000000000e+03
2.468000000000000000e+03
2.468000000000000000e+03
2.468000000000000000e+03
4.372000000000000000e+03
4.372000000000000000e+03
4.372000000000000000e+03
4.372000000000000000e+03
4.372000000000000000e+03
4.372000000000000000e+03
4.372000000000000000e+03
4.372000000000000000e+03
4.372000000000000000e+03
4.372000000000000000e+03
4.372000000000000000e+03
4.372000000000000000e+03
4.372000000000000000e+03
4.372000000000000000e+03
4.372000000000000000e+03
4.372000000000000000e+03
4.372000000000000000e+03
4.366000000000000000e+03
4.366000000000000000e+03
4.366000000000000000e+03
4.366000000000000000e+03
4.366000000000000000e+03
4.366000000000000000e+03
4.366000000000000000e+03
4.366000000000000000e+03
4.366000000000000000e+03
4.366000000000000000e+03
4.366000000000000000e+03
4.366000000000000000e+03
4.366000000000000000e+03
4.366000000000000000e+03
4.366000000000000000e+03
4.366000000000000000e+03
4.332000000000000000e+03
3.474000000000000000e+03
2.468000000000000000e+03
2.468000000000000000e+03
4.196000000000000000e+03
2.468000000000000000e+03
2.468000000000000000e+03
2.468000000000000000e+03
2.468000000000000000e+03
2.468000000000000000e+03
2.470000000000000000e+03
2.470000000000000000e+03
2.470000000000000000e+03
4.522000000000000000e+03
4.522000000000000000e+03
4.522000000000000000e+03
4.522000000000000000e+03
4.522000000000000000e+03
4.522000000000000000e+03
4.522000000000000000e+03
4.522000000000000000e+03
4.522000000000000000e+03
4.522000000000000000e+03
4.522000000000000000e+03
4.522000000000000000e+03
4.522000000000000000e+03
4.522000000000000000e+03
4.522000000000000000e+03
4.522000000000000000e+03
4.522000000000000000e+03
4.522000000000000000e+03
4.526000000000000000e+03
4.526000000000000000e+03
4.524000000000000000e+03
4.524000000000000000e+03
4.524000000000000000e+03
4.524000000000000000e+03
4.524000000000000000e+03
4.524000000000000000e+03
4.524000000000000000e+03
4.524000000000000000e+03
4.524000000000000000e+03
4.524000000000000000e+03
4.524000000000000000e+03
4.524000000000000000e+03
4.523000000000000000e+03
4.523000000000000000e+03
4.523000000000000000e+03
4.523000000000000000e+03
4.523000000000000000e+03
4.525000000000000000e+03
4.525000000000000000e+03
4.525000000000000000e+03
4.528000000000000000e+03
4.528000000000000000e+03
4.528000000000000000e+03
4.528000000000000000e+03
4.528000000000000000e+03
4.528000000000000000e+03
4.528000000000000000e+03
4.528000000000000000e+03
4.528000000000000000e+03
4.528000000000000000e+03
4.528000000000000000e+03
4.528000000000000000e+03
4.528000000000000000e+03
4.528000000000000000e+03
4.528000000000000000e+03
4.528000000000000000e+03
4.528000000000000000e+03
4.526000000000000000e+03
4.526000000000000000e+03
4.526000000000000000e+03
4.526000000000000000e+03
4.526000000000000000e+03
4.526000000000000000e+03
4.526000000000000000e+03
4.526000000000000000e+03
4.526000000000000000e+03
4.526000000000000000e+03
4.526000000000000000e+03
4.526000000000000000e+03
4.526000000000000000e+03
4.526000000000000000e+03
4.526000000000000000e+03
4.526000000000000000e+03
4.526000000000000000e+03
4.526000000000000000e+03
4.528000000000000000e+03
4.528000000000000000e+03
4.528000000000000000e+03
4.528000000000000000e+03
4.528000000000000000e+03
4.528000000000000000e+03
4.528000000000000000e+03
4.528000000000000000e+03
4.528000000000000000e+03
4.528000000000000000e+03
4.528000000000000000e+03
4.528000000000000000e+03
4.528000000000000000e+03
4.528000000000000000e+03
4.528000000000000000e+03
4.528000000000000000e+03
4.528000000000000000e+03
4.528000000000000000e+03
4.528000000000000000e+03
4.528000000000000000e+03
4.526000000000000000e+03
4.526000000000000000e+03
4.526000000000000000e+03
4.526000000000000000e+03
4.526000000000000000e+03
4.526000000000000000e+03
4.526000000000000000e+03
4.526000000000000000e+03
4.526000000000000000e+03
4.526000000000000000e+03
4.526000000000000000e+03
4.526000000000000000e+03
4.526000000000000000e+03
4.526000000000000000e+03
4.526000000000000000e+03
4.526000000000000000e+03
4.526000000000000000e+03
4.526000000000000000e+03
4.528000000000000000e+03
4.528000000000000000e+03
4.528000000000000000e+03
4.528000000000000000e+03
4.528000000000000000e+03
4.528000000000000000e+03
4.528000000000000000e+03
4.528000000000000000e+03
4.528000000000000000e+03
4.528000000000000000e+03
4.528000000000000000e+03
4.528000000000000000e+03
4.528000000000000000e+03
4.528000000000000000e+03
4.528000000000000000e+03
4.528000000000000000e+03
4.528000000000000000e+03
4.528000000000000000e+03
4.528000000000000000e+03
4.528000000000000000e+03
4.526000000000000000e+03
4.526000000000000000e+03
4.526000000000000000e+03
4.526000000000000000e+03
4.526000000000000000e+03
4.526000000000000000e+03
4.526000000000000000e+03
4.526000000000000000e+03
4.526000000000000000e+03
4.526000000000000000e+03
4.526000000000000000e+03
4.526000000000000000e+03
4.526000000000000000e+03
4.526000000000000000e+03
4.526000000000000000e+03
4.526000000000000000e+03
4.526000000000000000e+03
4.526000000000000000e+03
4.528000000000000000e+03
4.528000000000000000e+03
4.528000000000000000e+03
4.528000000000000000e+03
4.528000000000000000e+03
4.528000000000000000e+03
4.528000000000000000e+03
4.528000000000000000e+03
4.528000000000000000e+03
4.528000000000000000e+03
4.528000000000000000e+03
4.528000000000000000e+03
4.528000000000000000e+03
4.528000000000000000e+03
4.528000000000000000e+03
4.528000000000000000e+03
4.528000000000000000e+03
4.528000000000000000e+03
4.528000000000000000e+03
4.528000000000000000e+03
4.526000000000000000e+03
4.526000000000000000e+03
4.526000000000000000e+03
4.526000000000000000e+03
4.526000000000000000e+03
4.526000000000000000e+03
4.526000000000000000e+03
4.526000000000000000e+03
4.526000000000000000e+03
4.526000000000000000e+03
4.526000000000000000e+03
4.526000000000000000e+03
4.526000000000000000e+03
4.526000000000000000e+03
4.526000000000000000e+03
4.526000000000000000e+03
4.526000000000000000e+03
4.526000000000000000e+03
4.526000000000000000e+03
4.528000000000000000e+03
4.528000000000000000e+03
4.528000000000000000e+03
4.528000000000000000e+03
4.528000000000000000e+03
4.528000000000000000e+03
4.528000000000000000e+03
4.528000000000000000e+03
4.528000000000000000e+03
4.528000000000000000e+03
4.528000000000000000e+03
4.528000000000000000e+03
4.528000000000000000e+03
4.528000000000000000e+03
4.528000000000000000e+03
4.528000000000000000e+03
4.528000000000000000e+03
4.528000000000000000e+03
4.528000000000000000e+03
4.528000000000000000e+03
4.526000000000000000e+03
4.526000000000000000e+03
4.526000000000000000e+03
4.526000000000000000e+03
4.526000000000000000e+03
4.526000000000000000e+03
4.526000000000000000e+03
4.526000000000000000e+03
4.526000000000000000e+03
4.526000000000000000e+03
4.526000000000000000e+03
4.526000000000000000e+03
4.526000000000000000e+03
4.526000000000000000e+03
4.526000000000000000e+03
4.526000000000000000e+03
4.526000000000000000e+03
4.526000000000000000e+03
4.488000000000000000e+03
4.528000000000000000e+03
4.528000000000000000e+03
4.528000000000000000e+03
4.528000000000000000e+03
4.528000000000000000e+03
4.528000000000000000e+03
4.528000000000000000e+03
4.528000000000000000e+03
4.528000000000000000e+03
4.528000000000000000e+03
4.528000000000000000e+03
4.528000000000000000e+03
4.528000000000000000e+03
4.528000000000000000e+03
4.528000000000000000e+03
4.528000000000000000e+03
4.528000000000000000e+03
4.528000000000000000e+03
4.528000000000000000e+03
4.526000000000000000e+03
4.526000000000000000e+03
4.526000000000000000e+03
4.526000000000000000e+03
4.526000000000000000e+03
4.526000000000000000e+03
4.526000000000000000e+03
4.526000000000000000e+03
4.526000000000000000e+03
4.526000000000000000e+03
4.526000000000000000e+03
4.520000000000000000e+03
4.520000000000000000e+03
4.520000000000000000e+03
4.520000000000000000e+03
4.520000000000000000e+03
4.520000000000000000e+03
4.520000000000000000e+03
4.522000000000000000e+03
4.522000000000000000e+03
4.522000000000000000e+03
4.522000000000000000e+03
4.522000000000000000e+03
4.522000000000000000e+03
4.522000000000000000e+03
4.522000000000000000e+03
4.522000000000000000e+03
4.522000000000000000e+03
4.522000000000000000e+03
4.522000000000000000e+03
4.522000000000000000e+03
4.522000000000000000e+03
4.522000000000000000e+03
4.522000000000000000e+03
4.522000000000000000e+03
4.522000000000000000e+03
4.522000000000000000e+03
4.522000000000000000e+03
4.520000000000000000e+03
4.520000000000000000e+03
4.520000000000000000e+03
4.520000000000000000e+03
4.520000000000000000e+03
4.520000000000000000e+03
4.520000000000000000e+03
4.520000000000000000e+03
4.520000000000000000e+03
4.520000000000000000e+03
4.520000000000000000e+03
4.520000000000000000e+03
4.520000000000000000e+03
4.520000000000000000e+03
4.520000000000000000e+03
4.520000000000000000e+03
4.520000000000000000e+03
4.520000000000000000e+03
4.522000000000000000e+03
4.522000000000000000e+03
4.522000000000000000e+03
4.522000000000000000e+03
4.522000000000000000e+03
4.522000000000000000e+03
4.522000000000000000e+03
4.522000000000000000e+03
4.522000000000000000e+03
4.522000000000000000e+03
4.522000000000000000e+03
4.522000000000000000e+03
4.522000000000000000e+03
4.522000000000000000e+03
4.522000000000000000e+03
4.522000000000000000e+03
4.522000000000000000e+03
4.522000000000000000e+03
4.522000000000000000e+03
4.522000000000000000e+03
4.520000000000000000e+03
4.520000000000000000e+03
4.520000000000000000e+03
4.520000000000000000e+03
4.520000000000000000e+03
4.520000000000000000e+03
4.520000000000000000e+03
4.520000000000000000e+03
4.520000000000000000e+03
4.520000000000000000e+03
4.520000000000000000e+03
4.520000000000000000e+03
4.520000000000000000e+03
4.520000000000000000e+03
4.520000000000000000e+03
4.520000000000000000e+03
4.520000000000000000e+03
4.520000000000000000e+03
4.520000000000000000e+03
4.522000000000000000e+03
4.522000000000000000e+03
4.522000000000000000e+03
4.522000000000000000e+03
4.522000000000000000e+03
4.522000000000000000e+03
4.522000000000000000e+03
4.522000000000000000e+03
4.522000000000000000e+03
4.522000000000000000e+03
4.522000000000000000e+03
4.522000000000000000e+03
4.522000000000000000e+03
4.522000000000000000e+03
4.522000000000000000e+03
4.522000000000000000e+03
4.522000000000000000e+03
4.522000000000000000e+03
4.522000000000000000e+03
4.522000000000000000e+03
4.520000000000000000e+03
4.520000000000000000e+03
4.520000000000000000e+03
4.520000000000000000e+03
4.520000000000000000e+03
4.520000000000000000e+03
4.520000000000000000e+03
4.520000000000000000e+03
4.520000000000000000e+03
4.520000000000000000e+03
4.520000000000000000e+03
4.520000000000000000e+03
4.520000000000000000e+03
4.520000000000000000e+03
4.520000000000000000e+03
4.520000000000000000e+03
4.520000000000000000e+03
4.520000000000000000e+03
4.522000000000000000e+03
4.522000000000000000e+03
4.522000000000000000e+03
4.522000000000000000e+03
4.522000000000000000e+03
4.522000000000000000e+03
4.522000000000000000e+03
4.522000000000000000e+03
4.522000000000000000e+03
4.522000000000000000e+03
4.522000000000000000e+03
4.522000000000000000e+03
4.522000000000000000e+03
4.522000000000000000e+03
4.522000000000000000e+03
4.522000000000000000e+03
4.522000000000000000e+03
4.522000000000000000e+03
4.522000000000000000e+03
4.522000000000000000e+03
4.520000000000000000e+03
4.520000000000000000e+03
4.520000000000000000e+03
4.520000000000000000e+03
4.520000000000000000e+03
4.520000000000000000e+03
4.520000000000000000e+03
4.520000000000000000e+03
4.520000000000000000e+03
4.520000000000000000e+03
4.520000000000000000e+03
4.520000000000000000e+03
4.520000000000000000e+03
4.520000000000000000e+03
4.520000000000000000e+03
4.520000000000000000e+03
4.520000000000000000e+03
4.520000000000000000e+03
4.522000000000000000e+03
4.522000000000000000e+03
4.522000000000000000e+03
4.522000000000000000e+03
4.522000000000000000e+03
4.522000000000000000e+03
4.522000000000000000e+03
4.522000000000000000e+03
4.522000000000000000e+03
4.522000000000000000e+03
4.522000000000000000e+03
4.522000000000000000e+03
4.522000000000000000e+03
4.522000000000000000e+03
4.522000000000000000e+03
4.522000000000000000e+03
4.522000000000000000e+03
4.522000000000000000e+03
4.522000000000000000e+03
4.522000000000000000e+03
4.520000000000000000e+03
4.520000000000000000e+03
4.520000000000000000e+03
4.520000000000000000e+03
4.520000000000000000e+03
4.520000000000000000e+03
4.520000000000000000e+03
4.520000000000000000e+03
4.520000000000000000e+03
4.520000000000000000e+03
4.520000000000000000e+03
4.518000000000000000e+03
4.518000000000000000e+03
4.518000000000000000e+03
4.518000000000000000e+03
4.518000000000000000e+03
4.518000000000000000e+03
4.518000000000000000e+03
4.520000000000000000e+03
4.520000000000000000e+03
4.520000000000000000e+03
4.520000000000000000e+03
4.520000000000000000e+03
4.520000000000000000e+03
4.520000000000000000e+03
4.520000000000000000e+03
4.520000000000000000e+03
4.520000000000000000e+03
4.520000000000000000e+03
4.520000000000000000e+03
4.520000000000000000e+03
4.520000000000000000e+03
4.520000000000000000e+03
4.520000000000000000e+03
4.520000000000000000e+03
4.520000000000000000e+03
4.520000000000000000e+03
4.520000000000000000e+03
4.518000000000000000e+03
4.518000000000000000e+03
4.518000000000000000e+03
4.518000000000000000e+03
4.518000000000000000e+03
4.518000000000000000e+03
4.518000000000000000e+03
4.518000000000000000e+03
4.518000000000000000e+03
4.518000000000000000e+03
4.518000000000000000e+03
4.518000000000000000e+03
4.518000000000000000e+03
4.518000000000000000e+03
4.533000000000000000e+03
4.533000000000000000e+03
4.533000000000000000e+03
4.533000000000000000e+03
4.535000000000000000e+03
4.535000000000000000e+03
4.535000000000000000e+03
4.535000000000000000e+03
4.535000000000000000e+03
4.535000000000000000e+03
4.535000000000000000e+03
4.535000000000000000e+03
4.535000000000000000e+03
4.535000000000000000e+03
4.535000000000000000e+03
4.535000000000000000e+03
4.535000000000000000e+03
4.535000000000000000e+03
4.535000000000000000e+03
4.535000000000000000e+03
4.535000000000000000e+03
4.535000000000000000e+03
4.535000000000000000e+03
4.533000000000000000e+03
4.533000000000000000e+03
4.533000000000000000e+03
4.533000000000000000e+03
4.533000000000000000e+03
4.533000000000000000e+03
4.533000000000000000e+03
4.533000000000000000e+03
4.533000000000000000e+03
4.533000000000000000e+03
4.533000000000000000e+03
4.533000000000000000e+03
4.533000000000000000e+03
4.533000000000000000e+03
4.533000000000000000e+03
4.533000000000000000e+03
4.533000000000000000e+03
4.533000000000000000e+03
4.533000000000000000e+03
4.535000000000000000e+03
4.535000000000000000e+03
4.535000000000000000e+03
4.535000000000000000e+03
4.535000000000000000e+03
4.535000000000000000e+03
4.535000000000000000e+03
4.535000000000000000e+03
4.535000000000000000e+03
4.535000000000000000e+03
4.535000000000000000e+03
4.535000000000000000e+03
4.535000000000000000e+03
4.535000000000000000e+03
4.535000000000000000e+03
4.535000000000000000e+03
4.535000000000000000e+03
4.535000000000000000e+03
4.535000000000000000e+03
4.535000000000000000e+03
4.533000000000000000e+03
4.533000000000000000e+03
4.533000000000000000e+03
4.533000000000000000e+03
4.533000000000000000e+03
4.533000000000000000e+03
4.533000000000000000e+03
4.533000000000000000e+03
4.533000000000000000e+03
4.533000000000000000e+03
4.533000000000000000e+03
4.533000000000000000e+03
4.533000000000000000e+03
4.533000000000000000e+03
4.533000000000000000e+03
4.533000000000000000e+03
4.533000000000000000e+03
2.639000000000000000e+03
2.687000000000000000e+03
5.445000000000000000e+03
5.445000000000000000e+03
5.445000000000000000e+03
5.445000000000000000e+03
5.445000000000000000e+03
5.445000000000000000e+03
5.445000000000000000e+03
5.445000000000000000e+03
5.445000000000000000e+03
5.445000000000000000e+03
5.445000000000000000e+03
4.199000000000000000e+03
4.385000000000000000e+03
4.385000000000000000e+03
4.385000000000000000e+03
4.385000000000000000e+03
4.385000000000000000e+03
4.385000000000000000e+03
4.385000000000000000e+03
4.385000000000000000e+03
4.385000000000000000e+03
4.385000000000000000e+03
4.385000000000000000e+03
4.385000000000000000e+03
4.385000000000000000e+03
4.385000000000000000e+03
4.385000000000000000e+03
4.385000000000000000e+03
4.385000000000000000e+03
4.385000000000000000e+03
4.379000000000000000e+03
4.379000000000000000e+03
4.379000000000000000e+03
4.379000000000000000e+03
4.379000000000000000e+03
4.379000000000000000e+03
4.379000000000000000e+03
4.379000000000000000e+03
4.379000000000000000e+03
4.379000000000000000e+03
4.379000000000000000e+03
4.379000000000000000e+03
4.379000000000000000e+03
4.379000000000000000e+03
4.379000000000000000e+03
3.513000000000000000e+03
4.533000000000000000e+03
4.533000000000000000e+03
4.533000000000000000e+03
4.533000000000000000e+03
4.533000000000000000e+03
4.533000000000000000e+03
4.533000000000000000e+03
4.533000000000000000e+03
4.533000000000000000e+03
4.533000000000000000e+03
4.533000000000000000e+03
4.533000000000000000e+03
4.533000000000000000e+03
4.533000000000000000e+03
4.533000000000000000e+03
4.533000000000000000e+03
4.533000000000000000e+03
4.533000000000000000e+03
4.533000000000000000e+03
4.533000000000000000e+03
4.533000000000000000e+03
4.531000000000000000e+03
4.531000000000000000e+03
4.531000000000000000e+03
4.531000000000000000e+03
4.531000000000000000e+03
4.531000000000000000e+03
4.531000000000000000e+03
4.531000000000000000e+03
4.531000000000000000e+03
4.531000000000000000e+03
4.531000000000000000e+03
4.531000000000000000e+03
4.531000000000000000e+03
4.531000000000000000e+03
4.531000000000000000e+03
4.531000000000000000e+03
4.531000000000000000e+03
4.531000000000000000e+03
4.533000000000000000e+03
4.533000000000000000e+03
4.533000000000000000e+03
4.533000000000000000e+03
4.533000000000000000e+03
4.533000000000000000e+03
4.533000000000000000e+03
4.533000000000000000e+03
4.533000000000000000e+03
4.533000000000000000e+03
4.533000000000000000e+03
4.533000000000000000e+03
4.533000000000000000e+03
4.533000000000000000e+03
4.533000000000000000e+03
4.533000000000000000e+03
4.533000000000000000e+03
4.533000000000000000e+03
4.533000000000000000e+03
4.533000000000000000e+03
4.531000000000000000e+03
4.531000000000000000e+03
4.531000000000000000e+03
4.531000000000000000e+03
4.531000000000000000e+03
4.531000000000000000e+03
4.531000000000000000e+03
4.531000000000000000e+03
4.531000000000000000e+03
4.531000000000000000e+03
4.531000000000000000e+03
4.531000000000000000e+03
4.531000000000000000e+03
4.531000000000000000e+03
4.531000000000000000e+03
4.531000000000000000e+03
4.531000000000000000e+03
4.531000000000000000e+03
4.533000000000000000e+03
4.533000000000000000e+03
4.533000000000000000e+03
4.533000000000000000e+03
4.533000000000000000e+03
4.533000000000000000e+03
4.533000000000000000e+03
4.533000000000000000e+03
4.533000000000000000e+03
4.533000000000000000e+03
4.533000000000000000e+03
4.533000000000000000e+03
4.533000000000000000e+03
4.533000000000000000e+03
4.533000000000000000e+03
4.533000000000000000e+03
4.533000000000000000e+03
4.533000000000000000e+03
4.533000000000000000e+03
4.531000000000000000e+03
4.531000000000000000e+03
4.531000000000000000e+03
4.531000000000000000e+03
4.531000000000000000e+03
4.531000000000000000e+03
4.531000000000000000e+03
4.531000000000000000e+03
4.531000000000000000e+03
4.531000000000000000e+03
4.531000000000000000e+03
4.531000000000000000e+03
4.531000000000000000e+03
4.531000000000000000e+03
4.531000000000000000e+03
4.531000000000000000e+03
4.531000000000000000e+03
4.531000000000000000e+03
2.481000000000000000e+03
2.687000000000000000e+03
5.445000000000000000e+03
5.445000000000000000e+03
5.445000000000000000e+03
5.445000000000000000e+03
5.445000000000000000e+03
5.445000000000000000e+03
5.445000000000000000e+03
5.445000000000000000e+03
5.445000000000000000e+03
5.445000000000000000e+03
5.445000000000000000e+03
3.121000000000000000e+03
4.385000000000000000e+03
4.385000000000000000e+03
4.385000000000000000e+03
4.385000000000000000e+03
4.385000000000000000e+03
4.385000000000000000e+03
4.385000000000000000e+03
4.385000000000000000e+03
4.385000000000000000e+03
4.385000000000000000e+03
4.385000000000000000e+03
4.385000000000000000e+03
4.385000000000000000e+03
4.385000000000000000e+03
4.383000000000000000e+03
4.383000000000000000e+03
4.383000000000000000e+03
4.377000000000000000e+03
4.377000000000000000e+03
4.377000000000000000e+03
4.377000000000000000e+03
4.377000000000000000e+03
4.377000000000000000e+03
4.377000000000000000e+03
4.377000000000000000e+03
4.377000000000000000e+03
4.377000000000000000e+03
4.377000000000000000e+03
4.377000000000000000e+03
4.377000000000000000e+03
4.377000000000000000e+03
4.377000000000000000e+03
4.343000000000000000e+03
2.479000000000000000e+03
2.685000000000000000e+03
5.443000000000000000e+03
5.443000000000000000e+03
5.443000000000000000e+03
5.443000000000000000e+03
5.443000000000000000e+03
5.443000000000000000e+03
5.443000000000000000e+03
5.443000000000000000e+03
5.443000000000000000e+03
5.443000000000000000e+03
5.443000000000000000e+03
4.197000000000000000e+03
4.382000000000000000e+03
4.382000000000000000e+03
4.382000000000000000e+03
4.382000000000000000e+03
4.382000000000000000e+03
4.382000000000000000e+03
4.382000000000000000e+03
4.382000000000000000e+03
4.382000000000000000e+03
4.382000000000000000e+03
4.382000000000000000e+03
4.382000000000000000e+03
4.382000000000000000e+03
4.382000000000000000e+03
4.382000000000000000e+03
4.382000000000000000e+03
4.382000000000000000e+03
4.376000000000000000e+03
4.376000000000000000e+03
4.376000000000000000e+03
4.376000000000000000e+03
4.376000000000000000e+03
4.376000000000000000e+03
4.376000000000000000e+03
4.376000000000000000e+03
4.376000000000000000e+03
4.376000000000000000e+03
4.376000000000000000e+03
4.376000000000000000e+03
4.376000000000000000e+03
4.376000000000000000e+03
4.376000000000000000e+03
4.376000000000000000e+03
4.490000000000000000e+03
2.478000000000000000e+03
2.478000000000000000e+03
2.478000000000000000e+03
2.478000000000000000e+03
2.684000000000000000e+03
5.442000000000000000e+03
5.442000000000000000e+03
5.442000000000000000e+03
5.442000000000000000e+03
5.442000000000000000e+03
5.442000000000000000e+03
5.442000000000000000e+03
5.442000000000000000e+03
5.442000000000000000e+03
5.442000000000000000e+03
5.442000000000000000e+03
3.978000000000000000e+03
4.378000000000000000e+03
4.378000000000000000e+03
4.378000000000000000e+03
4.378000000000000000e+03
4.378000000000000000e+03
4.378000000000000000e+03
4.378000000000000000e+03
4.378000000000000000e+03
4.378000000000000000e+03
4.378000000000000000e+03
4.378000000000000000e+03
4.378000000000000000e+03
4.378000000000000000e+03
4.378000000000000000e+03
4.370000000000000000e+03
4.370000000000000000e+03
4.370000000000000000e+03
4.370000000000000000e+03
4.364000000000000000e+03
4.364000000000000000e+03
4.364000000000000000e+03
4.364000000000000000e+03
4.364000000000000000e+03
4.364000000000000000e+03
4.364000000000000000e+03
4.364000000000000000e+03
4.364000000000000000e+03
4.364000000000000000e+03
4.364000000000000000e+03
4.364000000000000000e+03
4.364000000000000000e+03
4.364000000000000000e+03
4.364000000000000000e+03
4.330000000000000000e+03
2.466000000000000000e+03
4.520000000000000000e+03
4.520000000000000000e+03
4.520000000000000000e+03
4.520000000000000000e+03
4.520000000000000000e+03
4.520000000000000000e+03
4.520000000000000000e+03
4.520000000000000000e+03
4.520000000000000000e+03
4.520000000000000000e+03
4.520000000000000000e+03
4.520000000000000000e+03
4.520000000000000000e+03
4.520000000000000000e+03
4.520000000000000000e+03
4.520000000000000000e+03
4.520000000000000000e+03
4.520000000000000000e+03
4.520000000000000000e+03
4.520000000000000000e+03
4.518000000000000000e+03
4.518000000000000000e+03
4.518000000000000000e+03
4.518000000000000000e+03
4.518000000000000000e+03
4.518000000000000000e+03
4.518000000000000000e+03
4.518000000000000000e+03
4.518000000000000000e+03
4.518000000000000000e+03
4.518000000000000000e+03
4.518000000000000000e+03
4.518000000000000000e+03
4.518000000000000000e+03
4.518000000000000000e+03
4.518000000000000000e+03
4.518000000000000000e+03
4.518000000000000000e+03
4.520000000000000000e+03
4.520000000000000000e+03
4.520000000000000000e+03
4.520000000000000000e+03
4.520000000000000000e+03
4.520000000000000000e+03
4.520000000000000000e+03
4.520000000000000000e+03
4.520000000000000000e+03
4.520000000000000000e+03
4.520000000000000000e+03
4.520000000000000000e+03
4.520000000000000000e+03
4.520000000000000000e+03
4.520000000000000000e+03
4.520000000000000000e+03
4.520000000000000000e+03
4.520000000000000000e+03
4.520000000000000000e+03
4.520000000000000000e+03
4.518000000000000000e+03
4.518000000000000000e+03
4.518000000000000000e+03
4.518000000000000000e+03
4.518000000000000000e+03
4.518000000000000000e+03
4.518000000000000000e+03
4.518000000000000000e+03
4.518000000000000000e+03
4.518000000000000000e+03
4.518000000000000000e+03
4.518000000000000000e+03
4.518000000000000000e+03
4.518000000000000000e+03
4.518000000000000000e+03
4.518000000000000000e+03
4.518000000000000000e+03
4.518000000000000000e+03
4.520000000000000000e+03
4.520000000000000000e+03
4.520000000000000000e+03
4.520000000000000000e+03
4.520000000000000000e+03
4.520000000000000000e+03
4.520000000000000000e+03
4.520000000000000000e+03
4.520000000000000000e+03
4.520000000000000000e+03
4.520000000000000000e+03
4.520000000000000000e+03
4.520000000000000000e+03
4.520000000000000000e+03
4.520000000000000000e+03
4.520000000000000000e+03
4.520000000000000000e+03
4.520000000000000000e+03
4.520000000000000000e+03
4.520000000000000000e+03
4.518000000000000000e+03
4.518000000000000000e+03
4.518000000000000000e+03
4.518000000000000000e+03
4.518000000000000000e+03
4.518000000000000000e+03
4.518000000000000000e+03
4.518000000000000000e+03
4.518000000000000000e+03
4.518000000000000000e+03
4.518000000000000000e+03
4.518000000000000000e+03
4.518000000000000000e+03
4.518000000000000000e+03
4.518000000000000000e+03
4.518000000000000000e+03
4.518000000000000000e+03
4.518000000000000000e+03
4.520000000000000000e+03
4.520000000000000000e+03
4.520000000000000000e+03
4.520000000000000000e+03
4.520000000000000000e+03
4.520000000000000000e+03
4.520000000000000000e+03
4.520000000000000000e+03
4.520000000000000000e+03
4.520000000000000000e+03
4.520000000000000000e+03
4.520000000000000000e+03
4.520000000000000000e+03
4.520000000000000000e+03
4.520000000000000000e+03
4.520000000000000000e+03
4.520000000000000000e+03
4.520000000000000000e+03
4.520000000000000000e+03
4.520000000000000000e+03
4.518000000000000000e+03
4.518000000000000000e+03
4.518000000000000000e+03
4.518000000000000000e+03
4.518000000000000000e+03
4.518000000000000000e+03
4.518000000000000000e+03
4.518000000000000000e+03
4.518000000000000000e+03
4.518000000000000000e+03
4.518000000000000000e+03
4.518000000000000000e+03
4.518000000000000000e+03
4.518000000000000000e+03
4.518000000000000000e+03
4.518000000000000000e+03
4.518000000000000000e+03
4.518000000000000000e+03
4.520000000000000000e+03
4.520000000000000000e+03
4.520000000000000000e+03
4.520000000000000000e+03
4.520000000000000000e+03
4.520000000000000000e+03
4.520000000000000000e+03
4.520000000000000000e+03
4.520000000000000000e+03
4.520000000000000000e+03
4.520000000000000000e+03
4.520000000000000000e+03
4.520000000000000000e+03
4.520000000000000000e+03
4.520000000000000000e+03
4.520000000000000000e+03
4.520000000000000000e+03
4.520000000000000000e+03
4.520000000000000000e+03
4.520000000000000000e+03
4.520000000000000000e+03
4.518000000000000000e+03
4.518000000000000000e+03
4.518000000000000000e+03
4.518000000000000000e+03
4.518000000000000000e+03
4.518000000000000000e+03
4.518000000000000000e+03
4.518000000000000000e+03
4.518000000000000000e+03
4.518000000000000000e+03
4.518000000000000000e+03
4.518000000000000000e+03
4.518000000000000000e+03
4.518000000000000000e+03
4.518000000000000000e+03
4.518000000000000000e+03
4.518000000000000000e+03
4.518000000000000000e+03
2.672000000000000000e+03
4.812000000000000000e+03
5.430000000000000000e+03
5.430000000000000000e+03
5.430000000000000000e+03
5.430000000000000000e+03
5.430000000000000000e+03
5.430000000000000000e+03
5.430000000000000000e+03
5.430000000000000000e+03
5.430000000000000000e+03
5.430000000000000000e+03
4.184000000000000000e+03
4.184000000000000000e+03
1.828000000000000000e+03
9.700000000000000000e+02
9.700000000000000000e+02
9.700000000000000000e+02
9.700000000000000000e+02
9.700000000000000000e+02
9.700000000000000000e+02
9.700000000000000000e+02
9.700000000000000000e+02
9.700000000000000000e+02
9.700000000000000000e+02
9.700000000000000000e+02
9.720000000000000000e+02
9.720000000000000000e+02
9.720000000000000000e+02
9.720000000000000000e+02
9.720000000000000000e+02
9.720000000000000000e+02
9.720000000000000000e+02
9.720000000000000000e+02
9.720000000000000000e+02
9.740000000000000000e+02
9.740000000000000000e+02
9.720000000000000000e+02
9.720000000000000000e+02
9.720000000000000000e+02
9.720000000000000000e+02
9.700000000000000000e+02
9.700000000000000000e+02
9.700000000000000000e+02
9.680000000000000000e+02
9.640000000000000000e+02
7.230000000000000000e+02
7.230000000000000000e+02
7.230000000000000000e+02
7.230000000000000000e+02
7.230000000000000000e+02
7.230000000000000000e+02
7.230000000000000000e+02
7.230000000000000000e+02
7.230000000000000000e+02
7.230000000000000000e+02
7.230000000000000000e+02
7.230000000000000000e+02
7.230000000000000000e+02
7.230000000000000000e+02
7.230000000000000000e+02
