0.000000000000000000e+00
1.001646518707275391e-01
2.004549503326416016e-01
3.007521629333496094e-01
4.010326862335205078e-01
5.011966228485107422e-01
6.013877391815185547e-01
7.015831470489501953e-01
8.017461299896240234e-01
9.019219875335693359e-01
1.002176523208618164e+00
1.102470636367797852e+00
1.202645778656005859e+00
1.303009986877441406e+00
1.403274536132812500e+00
1.503468751907348633e+00
1.603618621826171875e+00
1.703809261322021484e+00
1.804081439971923828e+00
1.904282808303833008e+00
2.004426717758178711e+00
2.104683876037597656e+00
2.204861402511596680e+00
2.304995059967041016e+00
2.406099081039428711e+00
2.506278991699218750e+00
2.606443166732788086e+00
2.706621170043945312e+00
2.806866884231567383e+00
2.907207250595092773e+00
3.007447242736816406e+00
3.107586622238159180e+00
3.207758903503417969e+00
3.308065414428710938e+00
3.408341646194458008e+00
3.508504629135131836e+00
3.608755350112915039e+00
3.708913564682006836e+00
3.809213399887084961e+00
3.909371137619018555e+00
4.009522676467895508e+00
4.109687089920043945e+00
4.209955930709838867e+00
4.310180664062500000e+00
4.410330772399902344e+00
4.510468959808349609e+00
4.610663175582885742e+00
4.710826873779296875e+00
4.810971260070800781e+00
4.911128520965576172e+00
5.011314630508422852e+00
5.111545085906982422e+00
5.211723566055297852e+00
5.311876535415649414e+00
5.412055969238281250e+00
5.512213230133056641e+00
5.612367868423461914e+00
5.712541580200195312e+00
5.812785148620605469e+00
5.913054466247558594e+00
6.013255357742309570e+00
6.113432645797729492e+00
6.213706970214843750e+00
6.313928604125976562e+00
6.414199590682983398e+00
6.514474153518676758e+00
6.619554758071899414e+00
6.719708204269409180e+00
6.819923877716064453e+00
6.920254230499267578e+00
7.020550012588500977e+00
7.120809555053710938e+00
7.221120357513427734e+00
7.321364641189575195e+00
7.421543598175048828e+00
7.521705627441406250e+00
7.621864795684814453e+00
7.722007274627685547e+00
7.822236299514770508e+00
7.922417640686035156e+00
8.022562503814697266e+00
8.122728109359741211e+00
8.222971677780151367e+00
8.323131561279296875e+00
8.423324108123779297e+00
8.523559331893920898e+00
8.623756885528564453e+00
8.723898410797119141e+00
8.824165344238281250e+00
8.924462556838989258e+00
9.024599075317382812e+00
9.124871492385864258e+00
9.225211381912231445e+00
9.325380325317382812e+00
9.425515651702880859e+00
9.525806903839111328e+00
9.625999450683593750e+00
9.726158857345581055e+00
9.826685905456542969e+00
9.926937580108642578e+00
1.002712464332580566e+01
1.012735795974731445e+01
1.022761154174804688e+01
1.032781028747558594e+01
1.042801475524902344e+01
1.052820968627929688e+01
1.062836241722106934e+01
1.072860813140869141e+01
1.082892107963562012e+01
1.092909383773803711e+01
1.102937173843383789e+01
1.112958407402038574e+01
1.122979068756103516e+01
1.132998371124267578e+01
1.143018603324890137e+01
1.153035211563110352e+01
1.163055300712585449e+01
1.173075532913208008e+01
1.183090615272521973e+01
1.193104743957519531e+01
1.203122806549072266e+01
1.213141918182373047e+01
1.223167920112609863e+01
1.233184385299682617e+01
1.243215394020080566e+01
1.253231453895568848e+01
1.263245201110839844e+01
1.273272657394409180e+01
1.283298492431640625e+01
1.293316125869750977e+01
1.303352856636047363e+01
1.313370728492736816e+01
1.323396444320678711e+01
1.333422374725341797e+01
1.343442416191101074e+01
1.353457021713256836e+01
1.363482093811035156e+01
1.373506689071655273e+01
1.383528494834899902e+01
1.393546676635742188e+01
1.403577637672424316e+01
1.413593006134033203e+01
1.423610830307006836e+01
1.433626198768615723e+01
1.443649625778198242e+01
1.453665089607238770e+01
1.463697099685668945e+01
1.473725128173828125e+01
1.483746862411499023e+01
1.493887686729431152e+01
1.503912591934204102e+01
1.513934087753295898e+01
1.523967432975769043e+01
1.533986210823059082e+01
1.544003701210021973e+01
1.554018378257751465e+01
1.564048004150390625e+01
1.574078083038330078e+01
1.584097194671630859e+01
1.594118428230285645e+01
1.604142308235168457e+01
1.614164853096008301e+01
1.624181318283081055e+01
1.634255146980285645e+01
1.644279885292053223e+01
1.654296588897705078e+01
1.664335680007934570e+01
1.674361515045166016e+01
1.684383463859558105e+01
1.694397020339965820e+01
1.704416322708129883e+01
1.714441967010498047e+01
1.724473643302917480e+01
1.734518146514892578e+01
1.744543123245239258e+01
1.754574584960937500e+01
1.764594936370849609e+01
1.774634885787963867e+01
1.784653973579406738e+01
1.794687366485595703e+01
1.804704117774963379e+01
1.814737772941589355e+01
1.824756217002868652e+01
1.834773039817810059e+01
1.844787764549255371e+01
1.854803299903869629e+01
1.864819765090942383e+01
1.874840068817138672e+01
1.884857153892517090e+01
1.894884753227233887e+01
1.904907059669494629e+01
1.914937067031860352e+01
1.924961662292480469e+01
1.934990978240966797e+01
1.945013785362243652e+01
1.955027675628662109e+01
1.965053319931030273e+01
1.975079035758972168e+01
1.985108971595764160e+01
1.995146965980529785e+01
2.005182862281799316e+01
2.015207123756408691e+01
2.025246071815490723e+01
2.035283136367797852e+01
2.045301485061645508e+01
2.055323481559753418e+01
2.065344858169555664e+01
2.075369834899902344e+01
2.085383582115173340e+01
2.095410919189453125e+01
2.105428838729858398e+01
2.115445685386657715e+01
2.125477457046508789e+01
2.135505723953247070e+01
2.145530176162719727e+01
2.155544257164001465e+01
2.165563654899597168e+01
2.175585770606994629e+01
2.185610008239746094e+01
2.195638036727905273e+01
2.205676412582397461e+01
2.215698456764221191e+01
2.225716638565063477e+01
2.235740470886230469e+01
2.245768165588378906e+01
2.255782365798950195e+01
2.265799260139465332e+01
2.275832772254943848e+01
2.285858774185180664e+01
2.295874309539794922e+01
2.305892896652221680e+01
2.315912294387817383e+01
2.325929331779479980e+01
2.335949039459228516e+01
2.345980548858642578e+01
2.356001138687133789e+01
2.366024255752563477e+01
2.376045966148376465e+01
2.386084580421447754e+01
2.396104764938354492e+01
2.406131887435913086e+01
2.416152930259704590e+01
2.426168394088745117e+01
2.436182069778442383e+01
2.446196079254150391e+01
2.456231117248535156e+01
2.466260433197021484e+01
2.476278710365295410e+01
2.486296749114990234e+01
2.496317958831787109e+01
2.506335067749023438e+01
2.516351389884948730e+01
2.526367664337158203e+01
2.536381840705871582e+01
2.546395063400268555e+01
2.556422901153564453e+01
2.566447305679321289e+01
2.576461434364318848e+01
2.586481022834777832e+01
2.596497511863708496e+01
2.606517529487609863e+01
2.616535472869873047e+01
2.626572680473327637e+01
2.636610889434814453e+01
2.646626400947570801e+01
2.656653380393981934e+01
2.666683816909790039e+01
2.676713776588439941e+01
2.686734175682067871e+01
2.696748852729797363e+01
2.706764864921569824e+01
2.716781592369079590e+01
2.726806020736694336e+01
2.736822938919067383e+01
2.746856379508972168e+01
2.756877231597900391e+01
2.766903042793273926e+01
2.776917147636413574e+01
2.787036037445068359e+01
2.797056007385253906e+01
2.807073974609375000e+01
2.817092990875244141e+01
2.827120018005371094e+01
2.837136483192443848e+01
2.847151851654052734e+01
2.857170248031616211e+01
2.867193365097045898e+01
2.877206659317016602e+01
2.887236475944519043e+01
2.897252035140991211e+01
2.907269430160522461e+01
2.917293572425842285e+01
2.927318787574768066e+01
2.937567353248596191e+01
2.947581052780151367e+01
2.957599496841430664e+01
2.967617273330688477e+01
2.977647280693054199e+01
2.987661504745483398e+01
2.997685050964355469e+01
3.007699537277221680e+01
3.017725276947021484e+01
3.027752017974853516e+01
3.037774062156677246e+01
3.047797417640686035e+01
3.057812094688415527e+01
3.067838788032531738e+01
3.077863597869873047e+01
3.087890791893005371e+01
3.097902894020080566e+01
3.107922053337097168e+01
3.117953562736511230e+01
3.127967476844787598e+01
3.137984228134155273e+01
3.148020315170288086e+01
3.158047342300415039e+01
3.168060994148254395e+01
3.178089213371276855e+01
3.188115334510803223e+01
3.198132586479187012e+01
3.208154797554016113e+01
3.218176412582397461e+01
3.228198051452636719e+01
3.238226246833801270e+01
3.248261809349060059e+01
3.258279800415039062e+01
3.268309688568115234e+01
3.278335523605346680e+01
3.288368082046508789e+01
3.298383641242980957e+01
3.308405971527099609e+01
3.318429088592529297e+01
3.328459072113037109e+01
3.338486790657043457e+01
3.348505592346191406e+01
3.358522844314575195e+01
3.368541574478149414e+01
3.378566551208496094e+01
3.388591432571411133e+01
3.398605012893676758e+01
3.408625197410583496e+01
3.418647933006286621e+01
3.428673791885375977e+01
3.438711571693420410e+01
3.448745536804199219e+01
3.458771634101867676e+01
3.468794751167297363e+01
3.478813242912292480e+01
3.488843536376953125e+01
3.498862719535827637e+01
3.508889198303222656e+01
3.518911433219909668e+01
3.528938412666320801e+01
3.538959431648254395e+01
3.548987102508544922e+01
3.559005212783813477e+01
3.569027829170227051e+01
3.579056406021118164e+01
3.589080882072448730e+01
3.599101018905639648e+01
3.609125304222106934e+01
3.619155120849609375e+01
3.629170560836791992e+01
3.639188456535339355e+01
3.649222970008850098e+01
3.659239912033081055e+01
3.669268989562988281e+01
3.679292750358581543e+01
3.689312505722045898e+01
3.699326348304748535e+01
3.709346079826354980e+01
3.719368314743041992e+01
3.729381871223449707e+01
3.739407372474670410e+01
3.749424338340759277e+01
3.759447932243347168e+01
3.769775700569152832e+01
3.779790377616882324e+01
3.789803624153137207e+01
3.799823427200317383e+01
3.809848117828369141e+01
3.819872260093688965e+01
3.829891228675842285e+01
3.839916157722473145e+01
3.849927949905395508e+01
3.859942293167114258e+01
3.869977116584777832e+01
3.879996681213378906e+01
3.890010070800781250e+01
3.900052738189697266e+01
3.910076689720153809e+01
3.920100927352905273e+01
3.930126261711120605e+01
3.940152812004089355e+01
3.950169014930725098e+01
3.960184097290039062e+01
3.970211195945739746e+01
3.980228662490844727e+01
3.990244340896606445e+01
4.000270915031433105e+01
4.010289740562438965e+01
4.020314002037048340e+01
4.030341553688049316e+01
4.040370702743530273e+01
4.050387763977050781e+01
4.060423207283020020e+01
4.070451641082763672e+01
4.080469536781311035e+01
4.090499377250671387e+01
4.100516986846923828e+01
4.110533332824707031e+01
4.120571422576904297e+01
4.130586600303649902e+01
4.140608239173889160e+01
4.150621318817138672e+01
4.160644197463989258e+01
4.170672535896301270e+01
4.180702042579650879e+01
4.190739536285400391e+01
4.200763368606567383e+01
4.210781812667846680e+01
4.220796871185302734e+01
4.230831050872802734e+01
4.240868806838989258e+01
4.250899004936218262e+01
4.260920214653015137e+01
4.270950460433959961e+01
4.280978989601135254e+01
4.290998482704162598e+01
4.301033782958984375e+01
4.311066675186157227e+01
4.321081900596618652e+01
4.331111574172973633e+01
4.341140174865722656e+01
4.351157760620117188e+01
4.361171579360961914e+01
4.371191740036010742e+01
4.381205034255981445e+01
4.391341137886047363e+01
4.401369404792785645e+01
4.411404061317443848e+01
4.421433806419372559e+01
4.431449174880981445e+01
4.441473746299743652e+01
4.451499199867248535e+01
4.461521172523498535e+01
4.471544551849365234e+01
4.481578445434570312e+01
4.491607022285461426e+01
4.501625204086303711e+01
4.511644005775451660e+01
4.521673965454101562e+01
4.531689596176147461e+01
4.541724061965942383e+01
4.551752948760986328e+01
4.561780953407287598e+01
4.571804666519165039e+01
4.581818699836730957e+01
4.591832017898559570e+01
4.601862716674804688e+01
4.611878538131713867e+01
4.621894574165344238e+01
4.631923651695251465e+01
4.641960597038269043e+01
4.651989102363586426e+01
4.662002682685852051e+01
4.672017836570739746e+01
4.682041811943054199e+01
4.692057847976684570e+01
4.702086710929870605e+01
4.712102198600769043e+01
4.722122907638549805e+01
4.732151317596435547e+01
4.742174959182739258e+01
4.752189111709594727e+01
4.762203669548034668e+01
4.772228956222534180e+01
4.782243585586547852e+01
4.792257046699523926e+01
4.802271890640258789e+01
4.812306594848632812e+01
4.822326087951660156e+01
4.832338786125183105e+01
4.842389631271362305e+01
4.852424311637878418e+01
4.862451124191284180e+01
4.872473883628845215e+01
4.882506346702575684e+01
4.892523694038391113e+01
4.902537155151367188e+01
4.912560963630676270e+01
4.922588491439819336e+01
4.932605910301208496e+01
4.942620444297790527e+01
4.952655720710754395e+01
4.962669563293457031e+01
4.972684264183044434e+01
4.982704281806945801e+01
4.992728948593139648e+01
5.002747035026550293e+01
5.012759757041931152e+01
5.022789287567138672e+01
5.032820129394531250e+01
5.042836570739746094e+01
5.052861881256103516e+01
5.062883591651916504e+01
5.072902321815490723e+01
5.082919049263000488e+01
5.092935299873352051e+01
5.102963709831237793e+01
5.112985706329345703e+01
5.123006200790405273e+01
5.133041667938232422e+01
5.143066811561584473e+01
5.153080677986145020e+01
5.163101315498352051e+01
5.173133516311645508e+01
5.183156347274780273e+01
5.193169069290161133e+01
5.203188991546630859e+01
5.213202524185180664e+01
5.223219537734985352e+01
5.233236479759216309e+01
5.243261218070983887e+01
5.253282928466796875e+01
5.263296914100646973e+01
5.273318839073181152e+01
5.283342862129211426e+01
5.293356704711914062e+01
5.303369879722595215e+01
5.313390111923217773e+01
5.323410153388977051e+01
5.333423399925231934e+01
5.343447804450988770e+01
5.353473997116088867e+01
5.363492202758789062e+01
5.373533773422241211e+01
5.383577442169189453e+01
5.393591976165771484e+01
5.403605580329895020e+01
5.413628053665161133e+01
5.423643612861633301e+01
5.433657813072204590e+01
5.443683338165283203e+01
5.453716683387756348e+01
5.463734507560729980e+01
5.473747110366821289e+01
5.483771777153015137e+01
5.493789243698120117e+01
5.503809881210327148e+01
5.513823890686035156e+01
5.523853778839111328e+01
5.533883261680603027e+01
5.543907070159912109e+01
5.553935432434082031e+01
5.563953900337219238e+01
5.573967599868774414e+01
5.583981871604919434e+01
5.593995904922485352e+01
5.604010605812072754e+01
5.614039373397827148e+01
5.624075126647949219e+01
5.634095478057861328e+01
5.644118094444274902e+01
5.654155278205871582e+01
5.664170312881469727e+01
5.674188685417175293e+01
5.684202313423156738e+01
5.694230723381042480e+01
5.704248547554016113e+01
5.714262413978576660e+01
5.724295902252197266e+01
5.734320282936096191e+01
5.744334006309509277e+01
5.754359221458435059e+01
5.764389300346374512e+01
5.774403524398803711e+01
5.784415793418884277e+01
5.794439721107482910e+01
5.804465866088867188e+01
5.814479351043701172e+01
5.824579834938049316e+01
5.834631109237670898e+01
5.844644379615783691e+01
5.854656696319580078e+01
5.864671778678894043e+01
5.874685692787170410e+01
5.884698510169982910e+01
5.894710683822631836e+01
5.904736280441284180e+01
5.914749145507812500e+01
5.924764752388000488e+01
5.934783530235290527e+01
5.944798469543457031e+01
5.954816126823425293e+01
5.964832353591918945e+01
5.974859237670898438e+01
5.984893107414245605e+01
5.994905233383178711e+01
6.004933834075927734e+01
6.014947533607482910e+01
6.024962806701660156e+01
6.034988045692443848e+01
6.045010471343994141e+01
6.055030202865600586e+01
6.065058112144470215e+01
6.075075793266296387e+01
6.085100698471069336e+01
6.095125293731689453e+01
6.105138421058654785e+01
6.115157151222229004e+01
6.125174355506896973e+01
6.135187387466430664e+01
6.145209217071533203e+01
6.155227494239807129e+01
6.165244746208190918e+01
6.175270628929138184e+01
6.185294055938720703e+01
6.195308327674865723e+01
6.205334091186523438e+01
6.215369772911071777e+01
6.225386857986450195e+01
6.235407567024230957e+01
6.245420718193054199e+01
6.255438733100891113e+01
6.265452837944030762e+01
6.275467038154602051e+01
6.285482907295227051e+01
6.295502209663391113e+01
6.305514979362487793e+01
6.315547347068786621e+01
6.325571346282958984e+01
6.335585284233093262e+01
6.345608019828796387e+01
6.355628156661987305e+01
6.365651535987854004e+01
6.375670504570007324e+01
6.385694861412048340e+01
6.395709133148193359e+01
6.405721783638000488e+01
6.415753221511840820e+01
6.425771141052246094e+01
6.435784029960632324e+01
6.445872640609741211e+01
6.455892992019653320e+01
6.465911340713500977e+01
6.475931024551391602e+01
6.485956716537475586e+01
6.495975494384765625e+01
6.505989789962768555e+01
6.516017484664916992e+01
6.526043272018432617e+01
6.536060953140258789e+01
6.546077823638916016e+01
6.556101894378662109e+01
6.566138672828674316e+01
6.576154732704162598e+01
6.586169195175170898e+01
6.596185159683227539e+01
6.606200170516967773e+01
6.616221189498901367e+01
6.626459097862243652e+01
6.636479306221008301e+01
6.646493029594421387e+01
6.656519508361816406e+01
6.666541743278503418e+01
6.676554822921752930e+01
6.686598396301269531e+01
6.696623587608337402e+01
6.706652951240539551e+01
6.716666984558105469e+01
6.726691913604736328e+01
6.736716198921203613e+01
6.746730685234069824e+01
6.756766414642333984e+01
6.766790819168090820e+01
6.776805090904235840e+01
6.786831760406494141e+01
6.796866464614868164e+01
6.806880617141723633e+01
6.816898226737976074e+01
6.826934909820556641e+01
6.836961030960083008e+01
6.846979999542236328e+01
6.857019662857055664e+01
6.867058157920837402e+01
6.877076506614685059e+01
6.887089514732360840e+01
6.897114396095275879e+01
6.907133793830871582e+01
6.917154598236083984e+01
6.927186012268066406e+01
6.937210631370544434e+01
6.947228956222534180e+01
6.957243943214416504e+01
6.967269611358642578e+01
6.977283525466918945e+01
6.987313461303710938e+01
6.997336244583129883e+01
7.007355546951293945e+01
7.017371749877929688e+01
7.027396655082702637e+01
7.037414026260375977e+01
7.047431397438049316e+01
7.057466077804565430e+01
7.067501235008239746e+01
7.077514362335205078e+01
7.087536096572875977e+01
7.097559165954589844e+01
7.107576084136962891e+01
7.117590689659118652e+01
7.127622389793395996e+01
7.137640118598937988e+01
7.147654128074645996e+01
7.157686090469360352e+01
7.167704629898071289e+01
7.177725601196289062e+01
7.187738347053527832e+01
7.197767925262451172e+01
7.207801532745361328e+01
7.217828965187072754e+01
7.227855849266052246e+01
7.237876820564270020e+01
7.247890424728393555e+01
7.257909965515136719e+01
7.267941045761108398e+01
7.277955675125122070e+01
7.288067507743835449e+01
7.298156070709228516e+01
7.308197402954101562e+01
7.318216013908386230e+01
7.328252911567687988e+01
7.338277530670166016e+01
7.348296618461608887e+01
7.358312678337097168e+01
7.368340253829956055e+01
7.378357958793640137e+01
7.388375473022460938e+01
7.398388624191284180e+01
7.408406496047973633e+01
7.418435525894165039e+01
7.428455591201782227e+01
7.438475990295410156e+01
7.448501658439636230e+01
7.458528661727905273e+01
7.468541932106018066e+01
7.478559994697570801e+01
7.488575720787048340e+01
7.498590159416198730e+01
7.508604288101196289e+01
7.518627166748046875e+01
7.528652238845825195e+01
7.538668894767761230e+01
7.548691320419311523e+01
7.558718919754028320e+01
7.568732881546020508e+01
7.578757119178771973e+01
7.588790225982666016e+01
7.598810124397277832e+01
7.608829927444458008e+01
7.618855309486389160e+01
7.628886914253234863e+01
7.638900041580200195e+01
7.648925542831420898e+01
7.658950543403625488e+01
7.668972396850585938e+01
7.679007697105407715e+01
7.689035868644714355e+01
7.699052882194519043e+01
7.709072470664978027e+01
7.719101881980895996e+01
7.729128646850585938e+01
7.739141392707824707e+01
7.749174380302429199e+01
7.759189677238464355e+01
7.769212055206298828e+01
7.779247045516967773e+01
7.789281296730041504e+01
7.799299860000610352e+01
7.809322857856750488e+01
7.819351267814636230e+01
7.829387664794921875e+01
7.839412307739257812e+01
7.849436974525451660e+01
7.859474158287048340e+01
7.869494915008544922e+01
7.879522109031677246e+01
7.889546489715576172e+01
7.899571037292480469e+01
7.909584212303161621e+01
7.919620013236999512e+01
7.929647088050842285e+01
7.939669871330261230e+01
7.949682617187500000e+01
7.959708380699157715e+01
7.969734382629394531e+01
7.979747319221496582e+01
7.989763188362121582e+01
7.999798202514648438e+01
8.009826946258544922e+01
8.019843363761901855e+01
8.029864144325256348e+01
8.039885306358337402e+01
8.049900293350219727e+01
8.059919571876525879e+01
8.069943022727966309e+01
8.079966664314270020e+01
8.089979457855224609e+01
8.100013828277587891e+01
8.110038328170776367e+01
8.120063924789428711e+01
8.130089068412780762e+01
8.140112757682800293e+01
8.150139498710632324e+01
8.160158348083496094e+01
8.170177125930786133e+01
8.180213952064514160e+01
8.190236520767211914e+01
8.200249123573303223e+01
8.210273075103759766e+01
8.220290637016296387e+01
8.230309653282165527e+01
8.240330266952514648e+01
8.250367164611816406e+01
8.260388660430908203e+01
8.270402908325195312e+01
8.280435299873352051e+01
8.290464329719543457e+01
8.300484037399291992e+01
8.310502767562866211e+01
8.320537352561950684e+01
8.330564188957214355e+01
8.340580487251281738e+01
8.350619626045227051e+01
8.360641837120056152e+01
8.370664739608764648e+01
8.380696368217468262e+01
8.390724587440490723e+01
8.400747942924499512e+01
8.410760283470153809e+01
8.420785713195800781e+01
8.430811047554016113e+01
8.440833044052124023e+01
8.450868582725524902e+01
8.460899019241333008e+01
8.470915818214416504e+01
8.480929183959960938e+01
8.490962624549865723e+01
8.500986647605895996e+01
8.511000180244445801e+01
8.521035027503967285e+01
8.531069040298461914e+01
8.541099190711975098e+01
8.551111555099487305e+01
8.561138367652893066e+01
8.571154761314392090e+01
8.581170105934143066e+01
8.591195964813232422e+01
8.601219272613525391e+01
8.611237835884094238e+01
8.621252846717834473e+01
8.631282925605773926e+01
8.641301298141479492e+01
8.651314163208007812e+01
8.661349844932556152e+01
8.671374344825744629e+01
8.681391763687133789e+01
8.691407418251037598e+01
8.701425814628601074e+01
8.711563539505004883e+01
8.721580839157104492e+01
8.731613516807556152e+01
8.741648364067077637e+01
8.751667404174804688e+01
8.761685037612915039e+01
8.771720170974731445e+01
8.781754755973815918e+01
8.791768455505371094e+01
8.801792860031127930e+01
8.811817860603332520e+01
8.821838974952697754e+01
8.831865215301513672e+01
8.841902232170104980e+01
8.851922035217285156e+01
8.861969971656799316e+01
8.871984291076660156e+01
8.882009768486022949e+01
8.892027306556701660e+01
8.902066326141357422e+01
8.912096381187438965e+01
8.922112941741943359e+01
8.932136964797973633e+01
8.942153096199035645e+01
8.952167344093322754e+01
8.962180161476135254e+01
8.972283768653869629e+01
8.982297897338867188e+01
8.992315912246704102e+01
9.002349233627319336e+01
9.012466716766357422e+01
9.022483944892883301e+01
9.032515764236450195e+01
9.042541909217834473e+01
9.052570652961730957e+01
9.062596297264099121e+01
9.072628331184387207e+01
9.082660460472106934e+01
9.092681813240051270e+01
9.102694320678710938e+01
9.112730979919433594e+01
9.122756791114807129e+01
9.132770133018493652e+01
9.142784905433654785e+01
9.152808475494384766e+01
9.162822914123535156e+01
9.172835946083068848e+01
9.182872772216796875e+01
9.192889976501464844e+01
9.202907180786132812e+01
9.212935161590576172e+01
9.222973012924194336e+01
9.232987022399902344e+01
9.243025135993957520e+01
9.253040456771850586e+01
9.263054203987121582e+01
9.273068356513977051e+01
9.283101320266723633e+01
9.293126344680786133e+01
9.303147935867309570e+01
9.313163518905639648e+01
9.323192858695983887e+01
9.333216738700866699e+01
9.343245601654052734e+01
9.353269934654235840e+01
9.363299202919006348e+01
9.373327970504760742e+01
9.383342480659484863e+01
9.393367314338684082e+01
9.403400564193725586e+01
9.413428854942321777e+01
9.423442697525024414e+01
9.433468031883239746e+01
9.443482732772827148e+01
9.453500080108642578e+01
9.463526558876037598e+01
9.473559617996215820e+01
9.483581066131591797e+01
9.493593907356262207e+01
9.503632545471191406e+01
9.513658499717712402e+01
9.523677968978881836e+01
9.533693790435791016e+01
9.543718242645263672e+01
9.553744482994079590e+01
9.563762068748474121e+01
9.573795771598815918e+01
9.583814549446105957e+01
9.593828701972961426e+01
9.603855395317077637e+01
9.613891959190368652e+01
9.623906183242797852e+01
9.633931875228881836e+01
9.643965697288513184e+01
9.653986406326293945e+01
9.664006781578063965e+01
9.674039268493652344e+01
9.684062719345092773e+01
9.694076681137084961e+01
9.704090094566345215e+01
9.714107155799865723e+01
9.724139642715454102e+01
9.734158682823181152e+01
9.744173574447631836e+01
9.754194450378417969e+01
9.764259314537048340e+01
9.774276852607727051e+01
9.784319639205932617e+01
9.794349694252014160e+01
9.804362344741821289e+01
9.814379549026489258e+01
9.824435353279113770e+01
9.834447956085205078e+01
9.844483971595764160e+01
9.854510021209716797e+01
9.864528584480285645e+01
9.874561429023742676e+01
9.884586691856384277e+01
9.894614076614379883e+01
9.904627585411071777e+01
9.914662313461303711e+01
9.924682855606079102e+01
9.934697937965393066e+01
9.944716906547546387e+01
9.954752159118652344e+01
9.964767861366271973e+01
9.974802160263061523e+01
9.984827899932861328e+01
9.994846010208129883e+01
1.000486094951629639e+02
1.001487932205200195e+02
1.002490665912628174e+02
1.003492045402526855e+02
1.004494516849517822e+02
1.005497481822967529e+02
1.006499891281127930e+02
1.007501180171966553e+02
1.008515434265136719e+02
1.009517500400543213e+02
1.010519318580627441e+02
1.011521027088165283e+02
1.012523999214172363e+02
1.013525393009185791e+02
1.014528965950012207e+02
1.015532872676849365e+02
1.016534898281097412e+02
1.017536323070526123e+02
1.018538877964019775e+02
1.019541847705841064e+02
1.020543115139007568e+02
1.021545717716217041e+02
1.022547554969787598e+02
1.023551361560821533e+02
1.024553430080413818e+02
1.025557227134704590e+02
1.026558549404144287e+02
1.027561514377593994e+02
1.028565266132354736e+02
1.029567830562591553e+02
1.030569012165069580e+02
1.031570758819580078e+02
1.032572834491729736e+02
1.033574476242065430e+02
1.034576368331909180e+02
1.035578253269195557e+02
1.036580014228820801e+02
1.037582008838653564e+02
1.038585581779479980e+02
1.039587061405181885e+02
1.040590267181396484e+02
1.041593744754791260e+02
1.042596700191497803e+02
1.043599612712860107e+02
1.044602828025817871e+02
1.045604894161224365e+02
1.046606807708740234e+02
1.047608168125152588e+02
1.048610770702362061e+02
1.049612555503845215e+02
1.050614681243896484e+02
1.051616508960723877e+02
1.052618031501770020e+02
1.053621704578399658e+02
1.054628419876098633e+02
1.055630860328674316e+02
1.056632313728332520e+02
1.057634682655334473e+02
1.058635978698730469e+02
1.059637434482574463e+02
1.060639877319335938e+02
1.061642310619354248e+02
1.062643804550170898e+02
1.063646233081817627e+02
1.064648122787475586e+02
1.065651161670684814e+02
1.066653535366058350e+02
1.067656047344207764e+02
1.068658475875854492e+02
1.069660141468048096e+02
1.070663511753082275e+02
1.071668155193328857e+02
1.072671198844909668e+02
1.073673639297485352e+02
1.074675483703613281e+02
1.075679037570953369e+02
1.076680443286895752e+02
1.077683763504028320e+02
1.078686313629150391e+02
1.079687771797180176e+02
1.080689322948455811e+02
1.081691775321960449e+02
1.082695436477661133e+02
1.083697488307952881e+02
1.084698748588562012e+02
1.085701823234558105e+02
1.086705303192138672e+02
1.087707133293151855e+02
1.088709502220153809e+02
1.089711873531341553e+02
1.090713698863983154e+02
1.091716136932373047e+02
1.092719213962554932e+02
1.093721711635589600e+02
1.094723131656646729e+02
1.095725646018981934e+02
1.096728670597076416e+02
1.097731239795684814e+02
1.098733751773834229e+02
1.099735515117645264e+02
1.100737614631652832e+02
1.101740081310272217e+02
1.102743542194366455e+02
1.103745965957641602e+02
1.104751141071319580e+02
1.105754272937774658e+02
1.106757674217224121e+02
1.107759516239166260e+02
1.108761250972747803e+02
1.109764511585235596e+02
1.110779480934143066e+02
1.111782019138336182e+02
1.112784624099731445e+02
1.113787729740142822e+02
1.114789028167724609e+02
1.115791368484497070e+02
1.116793973445892334e+02
1.117795524597167969e+02
1.118797807693481445e+02
1.119801359176635742e+02
1.120803205966949463e+02
1.121804499626159668e+02
1.122807512283325195e+02
1.123810977935791016e+02
1.124813404083251953e+02
1.125816469192504883e+02
1.126818754673004150e+02
1.127820563316345215e+02
1.128821926116943359e+02
1.129824206829071045e+02
1.130825939178466797e+02
1.131844172477722168e+02
1.132847697734832764e+02
1.133849439620971680e+02
1.134850740432739258e+02
1.135853281021118164e+02
1.136856238842010498e+02
1.137857627868652344e+02
1.138859026432037354e+02
1.139862225055694580e+02
1.140863869190216064e+02
1.141867535114288330e+02
1.142871050834655762e+02
1.143872952461242676e+02
1.144874291419982910e+02
1.145876693725585938e+02
1.146879720687866211e+02
1.147881293296813965e+02
1.148885557651519775e+02
1.149888148307800293e+02
1.150890121459960938e+02
1.151891613006591797e+02
1.152894158363342285e+02
1.153897175788879395e+02
1.154899222850799561e+02
1.155901703834533691e+02
1.156904509067535400e+02
1.157905945777893066e+02
1.158907201290130615e+02
1.159909024238586426e+02
1.160911695957183838e+02
1.161919057369232178e+02
1.162922680377960205e+02
1.163924424648284912e+02
1.164926323890686035e+02
1.165930116176605225e+02
1.166943609714508057e+02
1.167944982051849365e+02
1.168947477340698242e+02
1.169949970245361328e+02
1.170951881408691406e+02
1.171959743499755859e+02
1.172962682247161865e+02
1.173963956832885742e+02
1.174965236186981201e+02
1.175967874526977539e+02
1.176970531940460205e+02
1.177973022460937500e+02
1.178974790573120117e+02
1.179977421760559082e+02
1.180979137420654297e+02
1.181980710029602051e+02
1.182984244823455811e+02
1.183988046646118164e+02
1.184989380836486816e+02
1.185990836620330811e+02
1.186993637084960938e+02
1.187996554374694824e+02
1.188997926712036133e+02
1.190000896453857422e+02
1.191002588272094727e+02
1.192004244327545166e+02
1.193006966114044189e+02
1.194010803699493408e+02
1.195012171268463135e+02
1.196013517379760742e+02
1.197015914916992188e+02
1.198018388748168945e+02
1.199020721912384033e+02
1.200023097991943359e+02
1.201025393009185791e+02
1.202028825283050537e+02
1.203030607700347900e+02
1.204033250808715820e+02
1.205035681724548340e+02
1.206037158966064453e+02
1.207040529251098633e+02
1.208042135238647461e+02
1.209045710563659668e+02
1.210047008991241455e+02
1.211049902439117432e+02
1.212077279090881348e+02
1.213078739643096924e+02
1.214080014228820801e+02
1.215082449913024902e+02
1.216084854602813721e+02
1.217087714672088623e+02
1.218091247081756592e+02
1.219093923568725586e+02
1.220096409320831299e+02
1.221098022460937500e+02
1.222100639343261719e+02
1.223104138374328613e+02
1.224105815887451172e+02
1.225107591152191162e+02
1.226110255718231201e+02
1.227112116813659668e+02
1.228113937377929688e+02
1.229117231369018555e+02
1.230154099464416504e+02
1.231155719757080078e+02
1.232157480716705322e+02
1.233159911632537842e+02
1.234162459373474121e+02
1.235164248943328857e+02
1.236167809963226318e+02
1.237169742584228516e+02
1.238172905445098877e+02
1.239174277782440186e+02
1.240177192687988281e+02
1.241178727149963379e+02
1.242181298732757568e+02
1.243183307647705078e+02
1.244186069965362549e+02
1.245187432765960693e+02
1.246189467906951904e+02
1.247193026542663574e+02
1.248194723129272461e+02
1.249195957183837891e+02
1.250199823379516602e+02
1.251203052997589111e+02
1.252205135822296143e+02
1.253207731246948242e+02
1.254210174083709717e+02
1.255211813449859619e+02
1.256214163303375244e+02
1.257216799259185791e+02
1.258219568729400635e+02
1.259220893383026123e+02
1.260224173069000244e+02
1.261226062774658203e+02
1.262228660583496094e+02
1.263231523036956787e+02
1.264234099388122559e+02
1.265236620903015137e+02
1.266239299774169922e+02
1.267241933345794678e+02
1.268245773315429688e+02
1.269248137474060059e+02
1.270249397754669189e+02
1.271257824897766113e+02
1.272260723114013672e+02
1.273262565135955811e+02
1.274265749454498291e+02
1.275269260406494141e+02
1.276271405220031738e+02
1.277273852825164795e+02
1.278276479244232178e+02
1.279278807640075684e+02
1.280281279087066650e+02
1.281283724308013916e+02
1.282285921573638916e+02
1.283287703990936279e+02
1.284290177822113037e+02
1.285291635990142822e+02
1.286293966770172119e+02
1.287295258045196533e+02
1.288297865390777588e+02
1.289300665855407715e+02
1.290302085876464844e+02
1.291304533481597900e+02
1.292306337356567383e+02
1.293308405876159668e+02
1.294312355518341064e+02
1.295315849781036377e+02
1.296318154335021973e+02
1.297320241928100586e+02
1.298323647975921631e+02
1.299326024055480957e+02
1.300328116416931152e+02
1.301330454349517822e+02
1.302332787513732910e+02
1.303335347175598145e+02
1.304336767196655273e+02
1.305338633060455322e+02
1.306340136528015137e+02
1.307342529296875000e+02
1.308343803882598877e+02
1.309347176551818848e+02
1.310349767208099365e+02
1.311351463794708252e+02
1.312352969646453857e+02
1.313356430530548096e+02
1.314359714984893799e+02
1.315361759662628174e+02
1.316364421844482422e+02
1.317368104457855225e+02
1.318369812965393066e+02
1.319371197223663330e+02
1.320375127792358398e+02
1.321376683712005615e+02
1.322378370761871338e+02
1.323382029533386230e+02
1.324383833408355713e+02
1.325387592315673828e+02
1.326390166282653809e+02
1.327391996383666992e+02
1.328393504619598389e+02
1.329396500587463379e+02
1.330399608612060547e+02
1.331400935649871826e+02
1.332402975559234619e+02
1.333405430316925049e+02
1.334406757354736328e+02
1.335410304069519043e+02
1.336412751674652100e+02
1.337414619922637939e+02
1.338417394161224365e+02
1.339419317245483398e+02
1.340421690940856934e+02
1.341422996520996094e+02
1.342425360679626465e+02
1.343427195549011230e+02
1.344430122375488281e+02
1.345431878566741943e+02
1.346434650421142578e+02
1.347437267303466797e+02
1.348439357280731201e+02
1.349441392421722412e+02
1.350443191528320312e+02
1.351444494724273682e+02
1.352447745800018311e+02
1.353451204299926758e+02
1.354452493190765381e+02
1.355454807281494141e+02
1.356458449363708496e+02
1.357460222244262695e+02
1.358463718891143799e+02
1.359465587139129639e+02
1.360468318462371826e+02
1.361469631195068359e+02
1.362472317218780518e+02
1.363474166393280029e+02
1.364475576877593994e+02
1.365478062629699707e+02
1.366480460166931152e+02
1.367482161521911621e+02
1.368484036922454834e+02
1.369487593173980713e+02
1.370491065979003906e+02
1.371492383480072021e+02
1.372496166229248047e+02
1.373498685359954834e+02
1.374500813484191895e+02
1.375502340793609619e+02
1.376504156589508057e+02
1.377506461143493652e+02
1.378507950305938721e+02
1.379510519504547119e+02
1.380512359142303467e+02
1.381515202522277832e+02
1.382517936229705811e+02
1.383519396781921387e+02
1.384521224498748779e+02
1.385524649620056152e+02
1.386528027057647705e+02
1.387529642581939697e+02
1.388532843589782715e+02
1.389535634517669678e+02
1.390537092685699463e+02
1.391539344787597656e+02
1.392541723251342773e+02
1.393543479442596436e+02
1.394546179771423340e+02
1.395547571182250977e+02
1.396550621986389160e+02
1.397573983669281006e+02
1.398576416969299316e+02
1.399578511714935303e+02
1.400580067634582520e+02
1.401582505702972412e+02
1.402584242820739746e+02
1.403586268424987793e+02
1.404587571620941162e+02
1.405589883327484131e+02
1.406592400074005127e+02
1.407594380378723145e+02
1.408596715927124023e+02
1.409599895477294922e+02
1.410601177215576172e+02
1.411602501869201660e+02
1.412605152130126953e+02
1.413607304096221924e+02
1.414609200954437256e+02
1.415611128807067871e+02
1.416613891124725342e+02
1.417615771293640137e+02
1.418617162704467773e+02
1.419620740413665771e+02
1.420623075962066650e+02
1.421625003814697266e+02
1.422626667022705078e+02
1.423628482818603516e+02
1.424630038738250732e+02
1.425633556842803955e+02
1.426635804176330566e+02
1.427637166976928711e+02
1.428638615608215332e+02
1.429640970230102539e+02
1.430642766952514648e+02
1.431644113063812256e+02
1.432647910118103027e+02
1.433649659156799316e+02
1.434651296138763428e+02
1.435653002262115479e+02
1.436656763553619385e+02
1.437659778594970703e+02
1.438661017417907715e+02
1.439662456512451172e+02
1.440664615631103516e+02
1.441666584014892578e+02
1.442670741081237793e+02
1.443672623634338379e+02
1.444674441814422607e+02
1.445676715373992920e+02
1.446680040359497070e+02
1.447683427333831787e+02
1.448684830665588379e+02
1.449686663150787354e+02
1.450689153671264648e+02
1.451690549850463867e+02
1.452692961692810059e+02
1.453694484233856201e+02
1.454695880413055420e+02
1.455697643756866455e+02
1.456700313091278076e+02
1.457702705860137939e+02
1.458704664707183838e+02
1.459706037044525146e+02
1.460707840919494629e+02
1.461710391044616699e+02
1.462712285518646240e+02
1.463715906143188477e+02
1.464717943668365479e+02
1.465720334053039551e+02
1.466722166538238525e+02
1.467724020481109619e+02
1.468725857734680176e+02
1.469727215766906738e+02
1.470729217529296875e+02
1.471731028556823730e+02
1.472732863426208496e+02
1.473735370635986328e+02
1.474737155437469482e+02
1.475738871097564697e+02
1.476742484569549561e+02
1.477744388580322266e+02
1.478746919631958008e+02
1.479748744964599609e+02
1.480750832557678223e+02
1.481753311157226562e+02
1.482755417823791504e+02
1.483756842613220215e+02
1.484758334159851074e+02
1.485762088298797607e+02
1.486763782501220703e+02
1.487765107154846191e+02
1.488768463134765625e+02
1.489771182537078857e+02
1.490772888660430908e+02
1.491775233745574951e+02
1.492777128219604492e+02
1.493778414726257324e+02
1.494781911373138428e+02
1.495784440040588379e+02
1.496786384582519531e+02
1.497788655757904053e+02
1.498790373802185059e+02
1.499793164730072021e+02
1.500794503688812256e+02
1.501797921657562256e+02
1.502800116539001465e+02
1.503807268142700195e+02
1.504808785915374756e+02
1.505811786651611328e+02
1.506813042163848877e+02
1.507815883159637451e+02
1.508817358016967773e+02
1.509820899963378906e+02
1.510823738574981689e+02
1.511826553344726562e+02
1.512828524112701416e+02
1.513830022811889648e+02
1.514831583499908447e+02
1.515834419727325439e+02
1.516836059093475342e+02
1.517837789058685303e+02
1.518840184211730957e+02
1.519841952323913574e+02
1.520843317508697510e+02
1.521845371723175049e+02
1.522847197055816650e+02
1.523848593235015869e+02
1.524851911067962646e+02
1.525855116844177246e+02
1.526857180595397949e+02
1.527858657836914062e+02
1.528861641883850098e+02
1.529863426685333252e+02
1.530864818096160889e+02
1.531866278648376465e+02
1.532867903709411621e+02
1.533871207237243652e+02
1.534873015880584717e+02
1.535874669551849365e+02
1.536876356601715088e+02
1.537924435138702393e+02
1.538925726413726807e+02
1.539927544593811035e+02
1.540930314064025879e+02
1.541935341358184814e+02
1.542938764095306396e+02
1.543940515518188477e+02
1.544942283630371094e+02
1.545943908691406250e+02
1.546945655345916748e+02
1.547946977615356445e+02
1.548949329853057861e+02
1.549950697422027588e+02
1.550954272747039795e+02
1.551956093311309814e+02
1.552959225177764893e+02
1.553961794376373291e+02
1.554963099956512451e+02
1.555965080261230469e+02
1.556967756748199463e+02
1.557969057559967041e+02
1.558972299098968506e+02
1.559974803924560547e+02
1.560976340770721436e+02
1.561977784633636475e+02
1.562981851100921631e+02
1.563984875679016113e+02
1.564986631870269775e+02
1.565988399982452393e+02
1.566990284919738770e+02
1.567992858886718750e+02
1.568994092941284180e+02
1.569996771812438965e+02
1.570999279022216797e+02
1.572001767158508301e+02
1.573004829883575439e+02
1.574008479118347168e+02
1.575010228157043457e+02
1.576011619567871094e+02
1.577012984752655029e+02
1.578016147613525391e+02
1.579017486572265625e+02
1.580019519329071045e+02
1.581021153926849365e+02
1.582022900581359863e+02
1.583024337291717529e+02
1.584028007984161377e+02
1.585030300617218018e+02
1.586032619476318359e+02
1.587036249637603760e+02
1.588039250373840332e+02
1.589041047096252441e+02
1.590042452812194824e+02
1.591045894622802734e+02
1.592048366069793701e+02
1.593049831390380859e+02
1.594052760601043701e+02
1.595054829120635986e+02
1.596056873798370361e+02
1.597058246135711670e+02
1.598061289787292480e+02
1.599065377712249756e+02
1.600068256855010986e+02
1.601069602966308594e+02
1.602072136402130127e+02
1.603074088096618652e+02
1.604077045917510986e+02
1.605079813003540039e+02
1.606082367897033691e+02
1.607084138393402100e+02
1.608086674213409424e+02
1.609089090824127197e+02
1.610090909004211426e+02
1.611092808246612549e+02
1.612095248699188232e+02
1.613098437786102295e+02
1.614100871086120605e+02
1.615102772712707520e+02
1.616105337142944336e+02
1.617107155323028564e+02
1.618110055923461914e+02
1.619113585948944092e+02
1.620117218494415283e+02
1.621118540763854980e+02
1.622121007442474365e+02
1.623122406005859375e+02
1.624125378131866455e+02
1.625127742290496826e+02
1.626130423545837402e+02
1.627131991386413574e+02
1.628143532276153564e+02
1.629144909381866455e+02
1.630147535800933838e+02
1.631149911880493164e+02
1.632152802944183350e+02
1.633156723976135254e+02
1.634158532619476318e+02
1.635160918235778809e+02
1.636162738800048828e+02
1.637164211273193359e+02
1.638166050910949707e+02
1.639169428348541260e+02
1.640171830654144287e+02
1.641173663139343262e+02
1.642186002731323242e+02
1.643189294338226318e+02
1.644192171096801758e+02
1.645193412303924561e+02
1.646195671558380127e+02
1.647197563648223877e+02
1.648199479579925537e+02
1.649202933311462402e+02
1.650205445289611816e+02
1.651208376884460449e+02
1.652210054397583008e+02
1.653212597370147705e+02
1.654216566085815430e+02
1.655218045711517334e+02
1.656219892501831055e+02
1.657222442626953125e+02
1.658224856853485107e+02
1.659227252006530762e+02
1.660228919982910156e+02
1.661232509613037109e+02
1.662235300540924072e+02
1.663238041400909424e+02
1.664240190982818604e+02
1.665242216587066650e+02
1.666243669986724854e+02
1.667263877391815186e+02
1.668266737461090088e+02
1.669268224239349365e+02
1.670270161628723145e+02
1.671272728443145752e+02
1.672274811267852783e+02
1.673276135921478271e+02
1.674278466701507568e+02
1.675280258655548096e+02
1.676282899379730225e+02
1.677285826206207275e+02
1.678287990093231201e+02
1.679290602207183838e+02
1.680296854972839355e+02
1.681298825740814209e+02
1.682301342487335205e+02
1.683302853107452393e+02
1.684304637908935547e+02
1.685306673049926758e+02
1.686308467388153076e+02
1.687309873104095459e+02
1.688311371803283691e+02
1.689312889575958252e+02
1.690314402580261230e+02
1.691315746307373047e+02
1.692317910194396973e+02
1.693319826126098633e+02
1.694321074485778809e+02
1.695324170589447021e+02
1.696326200962066650e+02
1.697328071594238281e+02
1.698331067562103271e+02
1.699333434104919434e+02
1.700335266590118408e+02
1.701336617469787598e+02
1.702341744899749756e+02
1.703343927860260010e+02
1.704345319271087646e+02
1.705347845554351807e+02
1.706349451541900635e+02
1.707351915836334229e+02
1.708354578018188477e+02
1.709357898235321045e+02
1.710359141826629639e+02
1.711362667083740234e+02
1.712364423274993896e+02
1.713366417884826660e+02
1.714369037151336670e+02
1.715370342731475830e+02
1.716373507976531982e+02
1.717375195026397705e+02
1.718377716541290283e+02
1.719380121231079102e+02
1.720381391048431396e+02
1.721382646560668945e+02
1.722385897636413574e+02
1.723387930393218994e+02
1.724389541149139404e+02
1.725391976833343506e+02
1.726395647525787354e+02
1.727397549152374268e+02
1.728398962020874023e+02
1.729400320053100586e+02
1.730402348041534424e+02
1.731403565406799316e+02
1.732405443191528320e+02
1.733409111499786377e+02
1.734410614967346191e+02
1.735412502288818359e+02
1.736416265964508057e+02
1.737417681217193604e+02
1.738419249057769775e+02
1.739421792030334473e+02
1.740423288345336914e+02
1.741424629688262939e+02
1.742427008152008057e+02
1.743429801464080811e+02
1.744431853294372559e+02
1.745434575080871582e+02
1.746438035964965820e+02
1.747441248893737793e+02
1.748442850112915039e+02
1.749446570873260498e+02
1.750448224544525146e+02
1.751449728012084961e+02
1.752453529834747314e+02
1.753456063270568848e+02
1.754458909034729004e+02
1.755460207462310791e+02
1.756463108062744141e+02
1.757465465068817139e+02
1.758467206954956055e+02
1.759469037055969238e+02
1.760472433567047119e+02
1.761474251747131348e+02
1.762498042583465576e+02
1.763501162528991699e+02
1.764504144191741943e+02
1.765505466461181641e+02
1.766507143974304199e+02
1.767510118484497070e+02
1.768512723445892334e+02
1.769514796733856201e+02
1.770516774654388428e+02
1.771518089771270752e+02
1.772519621849060059e+02
1.773523263931274414e+02
1.774525618553161621e+02
1.775527825355529785e+02
1.776529624462127686e+02
1.777530992031097412e+02
1.778533606529235840e+02
1.779534883499145508e+02
1.780537931919097900e+02
1.781539716720581055e+02
1.782542591094970703e+02
1.783544952869415283e+02
1.784546856880187988e+02
1.785548617839813232e+02
1.786550338268280029e+02
1.787552692890167236e+02
1.788556220531463623e+02
1.789558167457580566e+02
1.790559468269348145e+02
1.791562769412994385e+02
1.792566053867340088e+02
1.793567671775817871e+02
1.794568998813629150e+02
1.795570392608642578e+02
1.796572270393371582e+02
1.797573528289794922e+02
1.798576014041900635e+02
1.799578444957733154e+02
1.800579719543457031e+02
1.801583418846130371e+02
1.802585256099700928e+02
1.803587272167205811e+02
1.804588646888732910e+02
1.805590577125549316e+02
1.806593039035797119e+02
1.807594850063323975e+02
1.808598079681396484e+02
1.809610416889190674e+02
1.810613095760345459e+02
1.811614398956298828e+02
1.812618629932403564e+02
1.813621141910552979e+02
1.814623191356658936e+02
1.815625693798065186e+02
1.816628580093383789e+02
1.817631523609161377e+02
1.818634052276611328e+02
1.819636583328247070e+02
1.820638990402221680e+02
1.821642026901245117e+02
1.822643465995788574e+02
1.823646533489227295e+02
1.824648420810699463e+02
1.825651283264160156e+02
1.826653714179992676e+02
1.827656953334808350e+02
1.828659057617187500e+02
1.829661476612091064e+02
1.830665643215179443e+02
1.831668817996978760e+02
1.832670423984527588e+02
1.833671932220458984e+02
1.834674007892608643e+02
1.835675733089447021e+02
1.836677024364471436e+02
1.837679731845855713e+02
1.838682200908660889e+02
1.839684178829193115e+02
1.840686585903167725e+02
1.841688103675842285e+02
1.842690269947052002e+02
1.843691558837890625e+02
1.844693963527679443e+02
1.845696527957916260e+02
1.846698300838470459e+02
1.847700572013854980e+02
1.848704071044921875e+02
1.849705996513366699e+02
1.850707287788391113e+02
1.851711280345916748e+02
1.852713224887847900e+02
1.853714811801910400e+02
1.854716570377349854e+02
1.855719406604766846e+02
1.856721084117889404e+02
1.857722365856170654e+02
1.858724160194396973e+02
1.859725956916809082e+02
1.860728418827056885e+02
1.861730225086212158e+02
1.862731914520263672e+02
1.863734080791473389e+02
1.864737210273742676e+02
1.865740478038787842e+02
1.866743984222412109e+02
1.867745447158813477e+02
1.868746736049652100e+02
1.869748237133026123e+02
1.870750083923339844e+02
1.871752443313598633e+02
1.872753839492797852e+02
1.873755481243133545e+02
1.874757802486419678e+02
1.875759379863739014e+02
1.876761512756347656e+02
1.877763006687164307e+02
1.878764512538909912e+02
1.879765985012054443e+02
1.880782463550567627e+02
1.881784503459930420e+02
1.882786877155303955e+02
1.883788597583770752e+02
1.884790263175964355e+02
1.885792424678802490e+02
1.886800923347473145e+02
1.887802522182464600e+02
1.888806147575378418e+02
1.889807882308959961e+02
1.890809710025787354e+02
1.891812336444854736e+02
1.892815260887145996e+02
1.893817024230957031e+02
1.894818773269653320e+02
1.895821399688720703e+02
1.896822845935821533e+02
1.897824440002441406e+02
1.898826494216918945e+02
1.899828178882598877e+02
1.900830545425415039e+02
1.901832716464996338e+02
1.902834787368774414e+02
1.903836178779602051e+02
1.904838979244232178e+02
1.905840568542480469e+02
1.906844148635864258e+02
1.907847232818603516e+02
1.908849802017211914e+02
1.909851291179656982e+02
1.910853424072265625e+02
1.911855387687683105e+02
1.912857155799865723e+02
1.913860113620758057e+02
1.914862940311431885e+02
1.915864894390106201e+02
1.916870069503784180e+02
1.917872221469879150e+02
1.918873836994171143e+02
1.919877974987030029e+02
1.920883278846740723e+02
1.921884586811065674e+02
1.922888858318328857e+02
1.923893022537231445e+02
1.924895827770233154e+02
1.925901522636413574e+02
1.926906821727752686e+02
1.927908411026000977e+02
1.928913085460662842e+02
1.929918730258941650e+02
1.930921006202697754e+02
1.931922504901885986e+02
1.932925610542297363e+02
1.933928043842315674e+02
1.934929459095001221e+02
1.935931968688964844e+02
1.936934254169464111e+02
1.937936880588531494e+02
