0.000000000000000000e+00
2.242603302001953125e-01
4.083592891693115234e-01
5.635652542114257812e-01
7.069857120513916016e-01
8.785169124603271484e-01
1.032118320465087891e+00
1.169636011123657227e+00
1.307194232940673828e+00
1.447923183441162109e+00
1.586237192153930664e+00
1.725335359573364258e+00
1.861531734466552734e+00
1.997452020645141602e+00
2.135464906692504883e+00
2.269785642623901367e+00
2.407977342605590820e+00
2.543814659118652344e+00
2.681989669799804688e+00
2.819728851318359375e+00
2.952453374862670898e+00
3.108345508575439453e+00
3.254817724227905273e+00
3.395999908447265625e+00
3.534046649932861328e+00
3.673837184906005859e+00
3.812833786010742188e+00
3.953485012054443359e+00
4.092069387435913086e+00
4.233437299728393555e+00
4.371358394622802734e+00
4.512789011001586914e+00
4.659886598587036133e+00
4.799532890319824219e+00
4.937029361724853516e+00
5.076706647872924805e+00
5.223594665527343750e+00
5.363162517547607422e+00
5.502313137054443359e+00
5.642802476882934570e+00
5.782278060913085938e+00
5.919847249984741211e+00
6.063190698623657227e+00
6.201524734497070312e+00
6.361726999282836914e+00
6.542921781539916992e+00
6.693627834320068359e+00
6.832759618759155273e+00
6.976311922073364258e+00
7.126080513000488281e+00
7.274698495864868164e+00
7.429575681686401367e+00
7.569655418395996094e+00
7.744506120681762695e+00
7.882632732391357422e+00
8.021183729171752930e+00
8.160984277725219727e+00
8.298516988754272461e+00
8.434537172317504883e+00
8.576077461242675781e+00
8.717426776885986328e+00
8.860347032546997070e+00
8.993852853775024414e+00
9.147149324417114258e+00
9.286004543304443359e+00
9.425335168838500977e+00
9.562982320785522461e+00
9.701015949249267578e+00
9.852505922317504883e+00
9.991381645202636719e+00
1.014958119392395020e+01
1.028713631629943848e+01
1.047631764411926270e+01
1.061463785171508789e+01
1.075323915481567383e+01
1.095383167266845703e+01
1.109205913543701172e+01
1.122876000404357910e+01
1.136515188217163086e+01
1.150718760490417480e+01
1.164542555809020996e+01
1.178506541252136230e+01
1.192724084854125977e+01
1.206713700294494629e+01
1.220691347122192383e+01
1.235045671463012695e+01
1.248874592781066895e+01
1.262546491622924805e+01
1.277028131484985352e+01
1.291947150230407715e+01
1.307408785820007324e+01
1.321444940567016602e+01
1.335918045043945312e+01
1.354327106475830078e+01
1.368062877655029297e+01
1.382140350341796875e+01
1.396242642402648926e+01
1.410582184791564941e+01
1.424699711799621582e+01
1.438210892677307129e+01
1.452047777175903320e+01
1.465932893753051758e+01
1.480245542526245117e+01
1.494300556182861328e+01
1.510557842254638672e+01
1.525522470474243164e+01
1.539088749885559082e+01
1.552770876884460449e+01
1.566562056541442871e+01
1.580735659599304199e+01
1.594802045822143555e+01
1.608851718902587891e+01
1.622829723358154297e+01
1.636924982070922852e+01
1.651920843124389648e+01
1.665829825401306152e+01
1.680069684982299805e+01
1.693661332130432129e+01
1.707468152046203613e+01
1.722705531120300293e+01
1.737017321586608887e+01
1.753854370117187500e+01
1.767763352394104004e+01
1.781682348251342773e+01
1.797491359710693359e+01
1.812663578987121582e+01
1.826424026489257812e+01
1.840848994255065918e+01
1.855443739891052246e+01
1.869740343093872070e+01
1.883828473091125488e+01
1.897737741470336914e+01
1.911773896217346191e+01
1.925930142402648926e+01
1.939975428581237793e+01
1.954445433616638184e+01
1.968405032157897949e+01
1.983530974388122559e+01
1.997885560989379883e+01
2.012108016014099121e+01
2.026900768280029297e+01
2.041138029098510742e+01
2.055292773246765137e+01
2.070149803161621094e+01
2.084008550643920898e+01
2.097765016555786133e+01
2.112046217918395996e+01
2.126225495338439941e+01
2.140406489372253418e+01
2.154092025756835938e+01
2.168197703361511230e+01
2.182096076011657715e+01
2.196214556694030762e+01
2.210181832313537598e+01
2.223773169517517090e+01
2.237777352333068848e+01
2.251621723175048828e+01
2.265426993370056152e+01
2.279019498825073242e+01
2.293144130706787109e+01
2.307491874694824219e+01
2.322221827507019043e+01
2.336166739463806152e+01
2.350105738639831543e+01
2.363815951347351074e+01
2.377722692489624023e+01
2.391759634017944336e+01
2.406477355957031250e+01
2.427742981910705566e+01
2.443417906761169434e+01
2.458709955215454102e+01
2.473097157478332520e+01
2.486658811569213867e+01
2.499981498718261719e+01
2.517129850387573242e+01
2.531973862648010254e+01
2.545625019073486328e+01
2.559255433082580566e+01
2.573597192764282227e+01
2.587672877311706543e+01
2.601163005828857422e+01
2.615944099426269531e+01
2.630132341384887695e+01
2.644341850280761719e+01
2.659118103981018066e+01
2.673217272758483887e+01
2.687094116210937500e+01
2.701949286460876465e+01
2.716944718360900879e+01
2.733303880691528320e+01
2.747662234306335449e+01
2.761346220970153809e+01
2.775105738639831543e+01
2.788802623748779297e+01
2.802762961387634277e+01
2.817106747627258301e+01
2.832992744445800781e+01
2.846495223045349121e+01
2.860310649871826172e+01
2.875020885467529297e+01
2.888450837135314941e+01
2.902027606964111328e+01
2.916773104667663574e+01
2.930164289474487305e+01
2.944136738777160645e+01
2.957902669906616211e+01
2.971832561492919922e+01
2.985694575309753418e+01
2.999783921241760254e+01
3.014089226722717285e+01
3.027869534492492676e+01
3.041232061386108398e+01
3.054895520210266113e+01
3.068692040443420410e+01
3.082532382011413574e+01
3.096123743057250977e+01
3.110080480575561523e+01
3.125187349319458008e+01
3.138994193077087402e+01
3.153380274772644043e+01
3.167084550857543945e+01
3.181134581565856934e+01
3.195666646957397461e+01
3.210075998306274414e+01
3.224869060516357422e+01
3.239810037612915039e+01
3.254496002197265625e+01
3.268418526649475098e+01
3.282581973075866699e+01
3.296412467956542969e+01
3.310043001174926758e+01
3.325440859794616699e+01
3.339251852035522461e+01
3.354616570472717285e+01
3.368321776390075684e+01
3.382934188842773438e+01
3.396467542648315430e+01
3.412295246124267578e+01
3.426063346862792969e+01
3.440205955505371094e+01
3.455062460899353027e+01
3.469786477088928223e+01
3.483727979660034180e+01
3.497552371025085449e+01
3.512204980850219727e+01
3.526035046577453613e+01
3.540442967414855957e+01
3.554324150085449219e+01
3.568138003349304199e+01
3.582950353622436523e+01
3.597093057632446289e+01
3.611598372459411621e+01
3.626147842407226562e+01
3.640671014785766602e+01
3.655536127090454102e+01
3.669344615936279297e+01
3.685174632072448730e+01
3.699479627609252930e+01
3.714181160926818848e+01
3.732311773300170898e+01
3.746862745285034180e+01
3.760914182662963867e+01
3.775178623199462891e+01
3.788928484916687012e+01
3.802586841583251953e+01
3.818376135826110840e+01
3.832232642173767090e+01
3.845835781097412109e+01
3.859708094596862793e+01
3.873723530769348145e+01
3.887382245063781738e+01
3.901174378395080566e+01
3.917149925231933594e+01
3.933396577835083008e+01
3.948302674293518066e+01
3.962176752090454102e+01
3.976278018951416016e+01
3.990573835372924805e+01
4.005002474784851074e+01
4.019638419151306152e+01
4.033774852752685547e+01
4.048567223548889160e+01
4.062407207489013672e+01
4.078909802436828613e+01
4.092823553085327148e+01
4.107620525360107422e+01
4.121620655059814453e+01
4.136609077453613281e+01
4.151508545875549316e+01
4.165412139892578125e+01
4.179046249389648438e+01
4.192592191696166992e+01
4.206256127357482910e+01
4.220773673057556152e+01
4.234475851058959961e+01
4.248158597946166992e+01
4.261824321746826172e+01
4.275489878654479980e+01
4.290465283393859863e+01
4.304172825813293457e+01
4.318617320060729980e+01
4.332447123527526855e+01
4.346059846878051758e+01
4.359748625755310059e+01
4.373284411430358887e+01
4.387043190002441406e+01
4.400980615615844727e+01
4.415929961204528809e+01
4.430399680137634277e+01
4.444275856018066406e+01
4.458154582977294922e+01
4.471961379051208496e+01
4.485617399215698242e+01
4.499541068077087402e+01
4.514541459083557129e+01
4.534676980972290039e+01
4.549486613273620605e+01
4.563805818557739258e+01
4.577476000785827637e+01
4.591593766212463379e+01
4.605320024490356445e+01
4.619402480125427246e+01
4.633248543739318848e+01
4.647227907180786133e+01
4.660887527465820312e+01
4.674744844436645508e+01
4.688596224784851074e+01
4.702326512336730957e+01
4.718799471855163574e+01
4.732623195648193359e+01
4.746275138854980469e+01
4.759769105911254883e+01
4.773826169967651367e+01
4.787844967842102051e+01
4.801844239234924316e+01
4.817474985122680664e+01
4.831407308578491211e+01
4.845039129257202148e+01
4.858761906623840332e+01
4.872810792922973633e+01
4.886601257324218750e+01
4.900523304939270020e+01
4.915136456489562988e+01
4.928559517860412598e+01
4.942187738418579102e+01
4.956541991233825684e+01
4.970385599136352539e+01
4.984117889404296875e+01
4.997705006599426270e+01
5.011477208137512207e+01
5.025813889503479004e+01
5.040726852416992188e+01
5.054317140579223633e+01
5.067947459220886230e+01
5.081609487533569336e+01
5.095249056816101074e+01
5.109068512916564941e+01
5.122939538955688477e+01
5.136794114112854004e+01
5.151035857200622559e+01
5.164773869514465332e+01
5.178604435920715332e+01
5.192237091064453125e+01
5.205716872215270996e+01
5.219588756561279297e+01
5.233328104019165039e+01
5.246801400184631348e+01
5.260804343223571777e+01
5.274491953849792480e+01
5.288201999664306641e+01
5.302415895462036133e+01
5.317901659011840820e+01
5.331944823265075684e+01
5.346159958839416504e+01
5.359900903701782227e+01
5.375318741798400879e+01
5.389246201515197754e+01
5.402908349037170410e+01
5.417831587791442871e+01
5.431754946708679199e+01
5.445491743087768555e+01
5.459486937522888184e+01
5.473210358619689941e+01
5.486728882789611816e+01
5.500647091865539551e+01
5.516146922111511230e+01
5.531588482856750488e+01
5.545062398910522461e+01
5.558733963966369629e+01
5.572970890998840332e+01
5.587520360946655273e+01
5.601748061180114746e+01
5.615943217277526855e+01
5.631087899208068848e+01
5.644782733917236328e+01
5.658316826820373535e+01
5.671970677375793457e+01
5.686034011840820312e+01
5.700326561927795410e+01
5.714477276802062988e+01
5.727982091903686523e+01
5.741985893249511719e+01
5.755868721008300781e+01
5.769766497611999512e+01
5.783321762084960938e+01
5.797365856170654297e+01
5.811554098129272461e+01
5.826033854484558105e+01
5.839646697044372559e+01
5.853199005126953125e+01
5.866663646697998047e+01
5.880140352249145508e+01
5.893991780281066895e+01
5.907793235778808594e+01
5.921930122375488281e+01
5.936861252784729004e+01
5.951088356971740723e+01
5.965533113479614258e+01
5.979568123817443848e+01
5.993409109115600586e+01
6.006920003890991211e+01
6.021117901802062988e+01
6.035027670860290527e+01
6.049022269248962402e+01
6.062863111495971680e+01
6.076461100578308105e+01
6.090205740928649902e+01
6.104352021217346191e+01
6.118561983108520508e+01
6.132400131225585938e+01
6.148494791984558105e+01
6.163946008682250977e+01
6.178377437591552734e+01
6.192646265029907227e+01
6.206723070144653320e+01
6.221030569076538086e+01
6.234788465499877930e+01
6.249194908142089844e+01
6.262831473350524902e+01
6.276438617706298828e+01
6.291240382194519043e+01
6.304900264739990234e+01
6.318976974487304688e+01
6.332817316055297852e+01
6.348391294479370117e+01
6.362259531021118164e+01
6.376092338562011719e+01
6.391185617446899414e+01
6.405777812004089355e+01
6.420580530166625977e+01
6.434394502639770508e+01
6.447775363922119141e+01
6.461804103851318359e+01
6.475610113143920898e+01
6.489344143867492676e+01
6.503032922744750977e+01
6.517760348320007324e+01
6.531799006462097168e+01
6.545548582077026367e+01
6.559489798545837402e+01
6.573532724380493164e+01
6.587323927879333496e+01
6.602377748489379883e+01
6.617918014526367188e+01
6.631791949272155762e+01
6.645280337333679199e+01
6.659157419204711914e+01
6.673004078865051270e+01
6.687095141410827637e+01
6.701025700569152832e+01
6.716154885292053223e+01
6.730954194068908691e+01
6.745044684410095215e+01
6.759102082252502441e+01
6.773042321205139160e+01
6.786727666854858398e+01
6.800326442718505859e+01
6.814881992340087891e+01
6.829912662506103516e+01
6.843797469139099121e+01
6.857711029052734375e+01
6.871862792968750000e+01
6.885954022407531738e+01
6.899667692184448242e+01
6.914558124542236328e+01
6.928729557991027832e+01
6.942744636535644531e+01
6.958852744102478027e+01
6.973395204544067383e+01
6.987933993339538574e+01
7.001486468315124512e+01
7.017561793327331543e+01
7.031531596183776855e+01
7.045589733123779297e+01
7.060789942741394043e+01
7.074407315254211426e+01
7.089157009124755859e+01
7.102762961387634277e+01
7.117715859413146973e+01
7.131065893173217773e+01
7.144664549827575684e+01
7.159082770347595215e+01
7.172948431968688965e+01
7.186454606056213379e+01
7.200318932533264160e+01
7.215609836578369141e+01
7.230839776992797852e+01
7.244300627708435059e+01
7.258718395233154297e+01
7.272749972343444824e+01
7.286543869972229004e+01
7.300182700157165527e+01
7.314680218696594238e+01
7.328439307212829590e+01
7.342314958572387695e+01
7.356556057929992676e+01
7.370484423637390137e+01
7.383854365348815918e+01
7.397608184814453125e+01
7.411241197586059570e+01
7.425261497497558594e+01
7.439074492454528809e+01
7.453363823890686035e+01
7.467434453964233398e+01
7.481486320495605469e+01
7.496550107002258301e+01
7.509899687767028809e+01
7.524748778343200684e+01
7.538502812385559082e+01
7.552865195274353027e+01
7.566691946983337402e+01
7.581372237205505371e+01
7.595243120193481445e+01
7.610640645027160645e+01
7.624618816375732422e+01
7.638927030563354492e+01
7.652852725982666016e+01
7.667032766342163086e+01
7.681199979782104492e+01
7.694984149932861328e+01
7.709078359603881836e+01
7.723963713645935059e+01
7.738528394699096680e+01
7.752498126029968262e+01
7.766128683090209961e+01
7.780157637596130371e+01
7.794197916984558105e+01
7.807702994346618652e+01
7.822814965248107910e+01
7.836432361602783203e+01
7.851614642143249512e+01
7.865986585617065430e+01
7.879533267021179199e+01
7.893463659286499023e+01
7.907035565376281738e+01
7.920543003082275391e+01
7.934008383750915527e+01
7.947760224342346191e+01
7.962051200866699219e+01
7.975846552848815918e+01
7.990417075157165527e+01
8.004051280021667480e+01
8.019110941886901855e+01
8.032716774940490723e+01
8.046301293373107910e+01
8.059983611106872559e+01
8.073676466941833496e+01
8.086955142021179199e+01
8.100309276580810547e+01
8.114314293861389160e+01
8.128694343566894531e+01
8.142436337471008301e+01
8.156499719619750977e+01
8.170800638198852539e+01
8.184549093246459961e+01
8.198655533790588379e+01
8.213130235671997070e+01
8.227067494392395020e+01
8.240833497047424316e+01
8.255328822135925293e+01
8.269029712677001953e+01
8.283299255371093750e+01
8.296991729736328125e+01
8.310230159759521484e+01
8.324666070938110352e+01
8.338171339035034180e+01
8.352594137191772461e+01
8.367134189605712891e+01
8.380665731430053711e+01
8.395447564125061035e+01
8.409841084480285645e+01
8.423628735542297363e+01
8.437572264671325684e+01
8.452522659301757812e+01
8.466177606582641602e+01
8.479958748817443848e+01
8.494069075584411621e+01
8.507877802848815918e+01
8.522346925735473633e+01
8.536482357978820801e+01
8.550801753997802734e+01
8.564679646492004395e+01
8.578770828247070312e+01
8.592484664916992188e+01
8.606032776832580566e+01
8.620399594306945801e+01
8.634262442588806152e+01
8.648108959197998047e+01
8.661902308464050293e+01
8.676260328292846680e+01
8.690038037300109863e+01
8.704261660575866699e+01
8.719710803031921387e+01
8.733462691307067871e+01
8.747319507598876953e+01
8.761490297317504883e+01
8.775928258895874023e+01
8.790449929237365723e+01
8.804241991043090820e+01
8.819041514396667480e+01
8.832838821411132812e+01
8.846792125701904297e+01
8.860907125473022461e+01
8.874773597717285156e+01
8.889400720596313477e+01
8.903360462188720703e+01
8.919189405441284180e+01
8.933135867118835449e+01
8.946823716163635254e+01
8.961530756950378418e+01
8.975436973571777344e+01
8.989150667190551758e+01
9.004391813278198242e+01
9.018874907493591309e+01
9.032826852798461914e+01
9.046424508094787598e+01
9.060213494300842285e+01
9.074509358406066895e+01
9.088341832160949707e+01
9.101814746856689453e+01
9.115630054473876953e+01
9.129711914062500000e+01
9.143426299095153809e+01
9.157567501068115234e+01
9.173183488845825195e+01
9.186832141876220703e+01
9.200598382949829102e+01
9.214600276947021484e+01
9.230237460136413574e+01
9.244325828552246094e+01
9.258366417884826660e+01
9.272349476814270020e+01
9.286093997955322266e+01
9.299751305580139160e+01
9.313173317909240723e+01
9.326518535614013672e+01
9.340204048156738281e+01
9.354090666770935059e+01
9.367704319953918457e+01
9.381561326980590820e+01
9.395254969596862793e+01
9.409003090858459473e+01
9.422881245613098145e+01
9.436518359184265137e+01
9.450236606597900391e+01
9.463978552818298340e+01
9.478814530372619629e+01
9.492364072799682617e+01
9.505735158920288086e+01
9.519701814651489258e+01
9.533580183982849121e+01
9.547597122192382812e+01
9.562850213050842285e+01
9.576702356338500977e+01
9.590578079223632812e+01
9.604392290115356445e+01
9.619518685340881348e+01
9.634421324729919434e+01
9.649510860443115234e+01
9.663317060470581055e+01
9.676834392547607422e+01
9.690691494941711426e+01
9.704032421112060547e+01
9.718507409095764160e+01
9.732207250595092773e+01
9.746253204345703125e+01
9.759976863861083984e+01
9.775931406021118164e+01
9.789655971527099609e+01
9.803186416625976562e+01
9.818595981597900391e+01
9.833029580116271973e+01
9.846944928169250488e+01
9.862129974365234375e+01
9.875896358489990234e+01
9.889949989318847656e+01
9.903483557701110840e+01
9.918617749214172363e+01
9.932404470443725586e+01
9.947584724426269531e+01
9.961977863311767578e+01
9.976026868820190430e+01
9.990054392814636230e+01
1.000402252674102783e+02
1.001830625534057617e+02
1.003218569755554199e+02
1.004596636295318604e+02
1.005978469848632812e+02
1.007346246242523193e+02
1.008730747699737549e+02
1.010266604423522949e+02
1.011852421760559082e+02
1.013249173164367676e+02
1.014611549377441406e+02
1.016055250167846680e+02
1.017670559883117676e+02
1.019064950942993164e+02
1.020429861545562744e+02
1.021921565532684326e+02
1.023334596157073975e+02
1.024838066101074219e+02
1.026272072792053223e+02
1.027659080028533936e+02
1.029077115058898926e+02
1.030497210025787354e+02
1.032054357528686523e+02
1.033484849929809570e+02
1.034972946643829346e+02
1.036426172256469727e+02
1.037834117412567139e+02
1.039245257377624512e+02
1.040592129230499268e+02
1.042009992599487305e+02
1.043409416675567627e+02
1.044989321231842041e+02
1.046430554389953613e+02
1.047907364368438721e+02
1.049286293983459473e+02
1.050699224472045898e+02
1.052277426719665527e+02
1.053750548362731934e+02
1.055201401710510254e+02
1.056636810302734375e+02
1.058252117633819580e+02
1.059639108180999756e+02
1.060991401672363281e+02
1.062391600608825684e+02
1.063820934295654297e+02
1.065172080993652344e+02
1.066551523208618164e+02
1.067887477874755859e+02
1.069282207489013672e+02
1.070633025169372559e+02
1.071987133026123047e+02
1.073374269008636475e+02
1.074739623069763184e+02
1.076136817932128906e+02
1.077482521533966064e+02
1.078945941925048828e+02
1.080332460403442383e+02
1.081865479946136475e+02
1.083257384300231934e+02
1.084623668193817139e+02
1.085998733043670654e+02
1.087394433021545410e+02
1.088895139694213867e+02
1.090274660587310791e+02
1.091688373088836670e+02
1.093099613189697266e+02
1.094676167964935303e+02
1.096092967987060547e+02
1.097466745376586914e+02
1.098914563655853271e+02
1.100288679599761963e+02
1.101741530895233154e+02
1.103178246021270752e+02
1.104545323848724365e+02
1.105943236351013184e+02
1.107331140041351318e+02
1.108724849224090576e+02
1.110100264549255371e+02
1.111636750698089600e+02
1.113130328655242920e+02
1.114507577419281006e+02
1.115886299610137939e+02
1.117258651256561279e+02
1.118781607151031494e+02
1.120237858295440674e+02
1.121654062271118164e+02
1.123029406070709229e+02
1.124456033706665039e+02
1.125800983905792236e+02
1.127406468391418457e+02
1.128895218372344971e+02
1.130398325920104980e+02
1.131960585117340088e+02
1.133426673412322998e+02
1.134892778396606445e+02
1.136302704811096191e+02
1.137637817859649658e+02
1.139051375389099121e+02
1.140484151840209961e+02
1.141952695846557617e+02
1.143338992595672607e+02
1.144714004993438721e+02
1.146131358146667480e+02
1.147479898929595947e+02
1.148964939117431641e+02
1.150363225936889648e+02
1.151850731372833252e+02
1.153241519927978516e+02
1.154625518321990967e+02
1.156005625724792480e+02
1.157384569644927979e+02
1.158931930065155029e+02
1.160318078994750977e+02
1.161831185817718506e+02
1.163313305377960205e+02
1.164888455867767334e+02
1.166269633769989014e+02
1.167644119262695312e+02
1.169064943790435791e+02
1.170480849742889404e+02
1.172170631885528564e+02
1.173539693355560303e+02
1.174986565113067627e+02
1.176356222629547119e+02
1.177723469734191895e+02
1.179208688735961914e+02
1.180560595989227295e+02
1.182006402015686035e+02
1.183386361598968506e+02
1.184842576980590820e+02
1.186195039749145508e+02
1.187545192241668701e+02
1.188944842815399170e+02
1.190349040031433105e+02
1.191771495342254639e+02
1.193134534358978271e+02
1.194501676559448242e+02
1.195872304439544678e+02
1.197262747287750244e+02
1.198684947490692139e+02
1.200065560340881348e+02
1.201432471275329590e+02
1.202891280651092529e+02
1.204264345169067383e+02
1.205672981739044189e+02
1.207089447975158691e+02
1.208446538448333740e+02
1.209803237915039062e+02
1.211218385696411133e+02
1.212601606845855713e+02
1.214009699821472168e+02
1.215375587940216064e+02
1.216731121540069580e+02
1.218123993873596191e+02
1.219512631893157959e+02
1.220871770381927490e+02
1.222274231910705566e+02
1.223714020252227783e+02
1.225134122371673584e+02
1.226509037017822266e+02
1.227932193279266357e+02
1.229293448925018311e+02
1.230661029815673828e+02
1.232091526985168457e+02
1.233446159362792969e+02
1.234830541610717773e+02
1.236207544803619385e+02
1.237716071605682373e+02
1.239108939170837402e+02
1.240503721237182617e+02
1.242134113311767578e+02
1.243550884723663330e+02
1.244900529384613037e+02
1.246273162364959717e+02
1.247770273685455322e+02
1.249154651165008545e+02
1.250573215484619141e+02
1.252063181400299072e+02
1.253422381877899170e+02
1.254787321090698242e+02
1.256158554553985596e+02
1.257546951770782471e+02
1.258927614688873291e+02
1.260383398532867432e+02
1.261822342872619629e+02
1.263217363357543945e+02
1.264596986770629883e+02
1.265965585708618164e+02
1.267391161918640137e+02
1.268769836425781250e+02
1.270152387619018555e+02
1.271537830829620361e+02
1.272962422370910645e+02
1.274354677200317383e+02
1.275896706581115723e+02
1.277313318252563477e+02
1.278802247047424316e+02
1.280227420330047607e+02
1.281662726402282715e+02
1.283090558052062988e+02
1.284468662738800049e+02
1.285863287448883057e+02
1.287252135276794434e+02
1.288633103370666504e+02
1.290031974315643311e+02
1.291394543647766113e+02
1.292855427265167236e+02
1.294256527423858643e+02
1.295593054294586182e+02
1.297016196250915527e+02
1.298376700878143311e+02
1.299760587215423584e+02
1.301180839538574219e+02
1.302709903717041016e+02
1.304051496982574463e+02
1.305395505428314209e+02
1.306760547161102295e+02
1.308157930374145508e+02
1.309528210163116455e+02
1.310912373065948486e+02
1.312326612472534180e+02
1.313743813037872314e+02
1.315136969089508057e+02
1.316544833183288574e+02
1.317958393096923828e+02
1.319391644001007080e+02
1.321122164726257324e+02
1.322652542591094971e+02
1.324035873413085938e+02
1.325426688194274902e+02
1.326872870922088623e+02
1.328370375633239746e+02
1.329960739612579346e+02
1.331344201564788818e+02
1.332825608253479004e+02
1.334241299629211426e+02
1.335640311241149902e+02
1.337036902904510498e+02
1.338437759876251221e+02
1.339863126277923584e+02
1.341285374164581299e+02
1.342887697219848633e+02
1.344288425445556641e+02
1.345686166286468506e+02
1.347084770202636719e+02
1.348547074794769287e+02
1.349948835372924805e+02
1.351400003433227539e+02
1.352820723056793213e+02
1.354225041866302490e+02
1.355643687248229980e+02
1.357117331027984619e+02
1.358573546409606934e+02
1.360000867843627930e+02
1.361438825130462646e+02
1.362860460281372070e+02
1.364261817932128906e+02
1.365686156749725342e+02
1.367068428993225098e+02
1.368430433273315430e+02
1.369818847179412842e+02
1.371216592788696289e+02
1.372615602016448975e+02
1.374028973579406738e+02
1.375400722026824951e+02
1.376979315280914307e+02
1.378402254581451416e+02
1.379749290943145752e+02
1.381306204795837402e+02
1.382936680316925049e+02
1.384340436458587646e+02
1.385780246257781982e+02
1.387205121517181396e+02
1.388924942016601562e+02
1.390361831188201904e+02
1.391705245971679688e+02
1.393196313381195068e+02
1.394599351882934570e+02
1.396027419567108154e+02
1.397372658252716064e+02
1.398785512447357178e+02
1.400216937065124512e+02
1.401720669269561768e+02
1.403076057434082031e+02
1.404449844360351562e+02
1.405880262851715088e+02
1.407245261669158936e+02
1.408587920665740967e+02
1.410063037872314453e+02
1.411436979770660400e+02
1.412882270812988281e+02
1.414266803264617920e+02
1.415662105083465576e+02
1.417092134952545166e+02
1.418468680381774902e+02
1.419894733428955078e+02
1.421295306682586670e+02
1.422676587104797363e+02
1.424217526912689209e+02
1.425812933444976807e+02
1.427215063571929932e+02
1.428745064735412598e+02
1.430123896598815918e+02
1.431547360420227051e+02
1.432926044464111328e+02
1.434335720539093018e+02
1.435709781646728516e+02
1.437112977504730225e+02
1.438533759117126465e+02
1.439972386360168457e+02
1.441333382129669189e+02
1.442833552360534668e+02
1.444269049167633057e+02
1.445659589767456055e+02
1.447025768756866455e+02
1.448424820899963379e+02
1.449778912067413330e+02
1.451140217781066895e+02
1.452526841163635254e+02
1.453936982154846191e+02
1.455350708961486816e+02
1.456712846755981445e+02
1.458108754158020020e+02
1.459556813240051270e+02
1.461039950847625732e+02
1.462475585937500000e+02
1.463918845653533936e+02
1.465290777683258057e+02
1.466911101341247559e+02
1.468281607627868652e+02
1.469673058986663818e+02
1.471103448867797852e+02
1.472539558410644531e+02
1.473962683677673340e+02
1.475336394309997559e+02
1.476721389293670654e+02
1.478094933032989502e+02
1.479533779621124268e+02
1.480981931686401367e+02
1.482357745170593262e+02
1.483758077621459961e+02
1.485149555206298828e+02
1.486568219661712646e+02
1.487943031787872314e+02
1.489303297996520996e+02
1.490714933872222900e+02
1.492196481227874756e+02
1.493588092327117920e+02
1.495028758049011230e+02
1.496425526142120361e+02
1.497850952148437500e+02
1.499286205768585205e+02
1.500875918865203857e+02
1.502321970462799072e+02
1.503743929862976074e+02
1.505269389152526855e+02
1.506678919792175293e+02
1.508152852058410645e+02
1.509527747631072998e+02
1.510902750492095947e+02
1.512303979396820068e+02
1.513682582378387451e+02
1.515077397823333740e+02
1.516532304286956787e+02
1.517948122024536133e+02
1.519370021820068359e+02
1.520836052894592285e+02
1.522371561527252197e+02
1.523773183822631836e+02
1.525184590816497803e+02
1.526621417999267578e+02
1.527993645668029785e+02
1.529445040225982666e+02
1.530952930450439453e+02
1.532500581741333008e+02
1.533879907131195068e+02
1.535255916118621826e+02
1.536814134120941162e+02
1.538177249431610107e+02
1.539591495990753174e+02
1.540954585075378418e+02
1.542340836524963379e+02
1.543734490871429443e+02
1.545082468986511230e+02
1.546461005210876465e+02
1.547788867950439453e+02
1.549190478324890137e+02
1.550607089996337891e+02
1.552100746631622314e+02
1.553485550880432129e+02
1.554878420829772949e+02
1.556255331039428711e+02
1.557621488571166992e+02
1.558997814655303955e+02
1.560383939743041992e+02
1.561788597106933594e+02
1.563183038234710693e+02
1.564583830833435059e+02
1.566061184406280518e+02
1.567523562908172607e+02
1.568918375968933105e+02
1.570278062820434570e+02
1.571649379730224609e+02
1.573014566898345947e+02
1.574351975917816162e+02
1.575711169242858887e+02
1.577100093364715576e+02
1.578516213893890381e+02
1.580055682659149170e+02
1.581451129913330078e+02
1.582810070514678955e+02
1.584180104732513428e+02
1.585664305686950684e+02
1.587103593349456787e+02
1.588488092422485352e+02
1.589887819290161133e+02
1.591310219764709473e+02
1.592779889106750488e+02
1.594114873409271240e+02
1.595495765209197998e+02
1.596911838054656982e+02
1.598283572196960449e+02
1.599640843868255615e+02
1.601031780242919922e+02
1.602444827556610107e+02
1.603870010375976562e+02
1.605281348228454590e+02
1.606708137989044189e+02
1.608114135265350342e+02
1.609499301910400391e+02
1.610948114395141602e+02
1.612458722591400146e+02
1.613808751106262207e+02
1.615222158432006836e+02
1.616626050472259521e+02
1.618010165691375732e+02
1.619408454895019531e+02
1.620820946693420410e+02
1.622424130439758301e+02
1.623804445266723633e+02
1.625190854072570801e+02
1.626639492511749268e+02
1.628064303398132324e+02
1.629682781696319580e+02
1.631092774868011475e+02
1.632471587657928467e+02
1.633832828998565674e+02
1.635231788158416748e+02
1.636643261909484863e+02
1.638085391521453857e+02
1.639468667507171631e+02
1.640823760032653809e+02
1.642272663116455078e+02
1.643653724193572998e+02
1.645042064189910889e+02
1.646431760787963867e+02
1.647828340530395508e+02
1.649192974567413330e+02
1.650617742538452148e+02
1.652080156803131104e+02
1.653437976837158203e+02
1.654858665466308594e+02
1.656292798519134521e+02
1.657702291011810303e+02
1.659127919673919678e+02
1.660525579452514648e+02
1.661966102123260498e+02
1.663396396636962891e+02
1.664790110588073730e+02
1.666176218986511230e+02
1.667620153427124023e+02
1.669021394252777100e+02
1.670402293205261230e+02
1.671747283935546875e+02
1.673112084865570068e+02
1.674513640403747559e+02
1.675921852588653564e+02
1.677286636829376221e+02
1.678751044273376465e+02
1.680110669136047363e+02
1.681496682167053223e+02
1.682956762313842773e+02
1.684382820129394531e+02
1.685778775215148926e+02
1.687199125289916992e+02
1.688551335334777832e+02
1.689980685710906982e+02
1.691396932601928711e+02
1.692813889980316162e+02
1.694299595355987549e+02
1.695701546669006348e+02
1.697093741893768311e+02
1.698467764854431152e+02
1.699832217693328857e+02
1.701204774379730225e+02
1.702700068950653076e+02
1.704721243381500244e+02
1.706065304279327393e+02
1.707440304756164551e+02
1.708816037178039551e+02
1.710196151733398438e+02
1.711603000164031982e+02
1.712974736690521240e+02
1.714400091171264648e+02
1.715778722763061523e+02
1.717155776023864746e+02
1.718545098304748535e+02
1.719936854839324951e+02
1.721333239078521729e+02
1.722739889621734619e+02
1.724084904193878174e+02
1.725449724197387695e+02
1.726871640682220459e+02
1.728247025012969971e+02
1.729988384246826172e+02
1.731367025375366211e+02
1.732782495021820068e+02
1.734216084480285645e+02
1.735640313625335693e+02
1.737047283649444580e+02
1.738408274650573730e+02
1.739926278591156006e+02
1.741289706230163574e+02
1.742691006660461426e+02
1.744102210998535156e+02
1.745457017421722412e+02
1.746821031570434570e+02
1.748248271942138672e+02
1.749615409374237061e+02
1.750967710018157959e+02
1.752504172325134277e+02
1.753887083530426025e+02
1.755319023132324219e+02
1.756708598136901855e+02
1.758059196472167969e+02
1.759599089622497559e+02
1.760990216732025146e+02
1.762532820701599121e+02
1.763931982517242432e+02
1.765288810729980469e+02
1.766800971031188965e+02
1.768161976337432861e+02
1.769569020271301270e+02
1.771017909049987793e+02
1.772404038906097412e+02
1.773763420581817627e+02
1.775144686698913574e+02
1.776516356468200684e+02
1.777890386581420898e+02
1.779253911972045898e+02
1.780664682388305664e+02
1.782098138332366943e+02
1.783474841117858887e+02
1.784991075992584229e+02
1.786368041038513184e+02
1.787732818126678467e+02
1.789116010665893555e+02
1.790476238727569580e+02
1.791859514713287354e+02
1.793234484195709229e+02
1.794728038311004639e+02
1.796098608970642090e+02
1.797531285285949707e+02
1.798923277854919434e+02
1.800297567844390869e+02
1.801694641113281250e+02
1.803083763122558594e+02
1.804486927986145020e+02
1.805859272480010986e+02
1.807244045734405518e+02
1.808688893318176270e+02
1.810066094398498535e+02
1.811420366764068604e+02
1.812851870059967041e+02
1.814287331104278564e+02
1.815650649070739746e+02
1.817048141956329346e+02
1.818382499217987061e+02
1.819760129451751709e+02
1.821148824691772461e+02
1.822542362213134766e+02
1.823917112350463867e+02
1.825316083431243896e+02
1.826720566749572754e+02
1.828118841648101807e+02
1.829528090953826904e+02
1.830905454158782959e+02
1.832406365871429443e+02
1.833817377090454102e+02
1.835194149017333984e+02
1.836579356193542480e+02
1.837992277145385742e+02
1.839361526966094971e+02
1.840771114826202393e+02
1.842232689857482910e+02
1.843633601665496826e+02
1.845002846717834473e+02
1.846486120223999023e+02
1.847871611118316650e+02
1.849255931377410889e+02
1.850718092918395996e+02
1.852235429286956787e+02
1.853739812374114990e+02
1.855114240646362305e+02
1.856713693141937256e+02
1.858069701194763184e+02
1.859524574279785156e+02
1.860915489196777344e+02
1.862463090419769287e+02
1.863845458030700684e+02
1.865560956001281738e+02
1.867080054283142090e+02
1.868455276489257812e+02
1.869861850738525391e+02
1.871256787776947021e+02
1.872686822414398193e+02
1.874098908901214600e+02
1.875501275062561035e+02
1.876876106262207031e+02
1.878206558227539062e+02
1.879561376571655273e+02
1.880955281257629395e+02
1.882453992366790771e+02
1.883986995220184326e+02
1.885431404113769531e+02
1.886859638690948486e+02
1.888193109035491943e+02
1.889581944942474365e+02
1.891020283699035645e+02
1.892584583759307861e+02
1.893951020240783691e+02
1.895379841327667236e+02
1.896801073551177979e+02
1.898221502304077148e+02
1.899619331359863281e+02
1.901013879776000977e+02
1.902442986965179443e+02
1.903880836963653564e+02
1.905246505737304688e+02
1.906968469619750977e+02
1.908345067501068115e+02
1.909896683692932129e+02
1.911360347270965576e+02
1.912839386463165283e+02
1.914300191402435303e+02
1.915788929462432861e+02
1.917204563617706299e+02
1.918719434738159180e+02
1.920196418762207031e+02
1.921563587188720703e+02
1.923190863132476807e+02
1.924567494392395020e+02
1.926181061267852783e+02
1.927608709335327148e+02
1.928989579677581787e+02
1.930582611560821533e+02
1.931950290203094482e+02
1.933326416015625000e+02
1.934690566062927246e+02
1.936074192523956299e+02
1.937450776100158691e+02
1.938829734325408936e+02
