7.650000000000000000e+02
7.650000000000000000e+02
7.650000000000000000e+02
7.650000000000000000e+02
9.480000000000000000e+02
9.560000000000000000e+02
9.560000000000000000e+02
9.560000000000000000e+02
9.570000000000000000e+02
9.570000000000000000e+02
9.930000000000000000e+02
1.000000000000000000e+03
9.930000000000000000e+02
9.810000000000000000e+02
9.770000000000000000e+02
9.650000000000000000e+02
9.650000000000000000e+02
9.650000000000000000e+02
9.650000000000000000e+02
9.650000000000000000e+02
9.650000000000000000e+02
9.650000000000000000e+02
9.650000000000000000e+02
9.650000000000000000e+02
9.650000000000000000e+02
9.650000000000000000e+02
9.650000000000000000e+02
9.650000000000000000e+02
9.650000000000000000e+02
9.650000000000000000e+02
9.650000000000000000e+02
9.650000000000000000e+02
9.650000000000000000e+02
9.650000000000000000e+02
9.650000000000000000e+02
9.650000000000000000e+02
9.650000000000000000e+02
9.650000000000000000e+02
9.650000000000000000e+02
9.650000000000000000e+02
9.650000000000000000e+02
9.650000000000000000e+02
9.650000000000000000e+02
9.570000000000000000e+02
9.570000000000000000e+02
9.570000000000000000e+02
9.570000000000000000e+02
9.570000000000000000e+02
9.570000000000000000e+02
9.570000000000000000e+02
9.530000000000000000e+02
9.450000000000000000e+02
9.450000000000000000e+02
9.450000000000000000e+02
9.450000000000000000e+02
9.450000000000000000e+02
9.450000000000000000e+02
9.450000000000000000e+02
9.450000000000000000e+02
9.450000000000000000e+02
9.450000000000000000e+02
9.450000000000000000e+02
1.433000000000000000e+03
1.433000000000000000e+03
1.433000000000000000e+03
1.433000000000000000e+03
1.113000000000000000e+03
1.035000000000000000e+03
1.035000000000000000e+03
1.035000000000000000e+03
1.035000000000000000e+03
9.530000000000000000e+02
9.530000000000000000e+02
9.530000000000000000e+02
9.530000000000000000e+02
1.255000000000000000e+03
1.255000000000000000e+03
1.161000000000000000e+03
1.263000000000000000e+03
1.393000000000000000e+03
1.155000000000000000e+03
1.155000000000000000e+03
1.185000000000000000e+03
1.185000000000000000e+03
1.185000000000000000e+03
1.185000000000000000e+03
1.185000000000000000e+03
1.187000000000000000e+03
1.187000000000000000e+03
1.187000000000000000e+03
1.187000000000000000e+03
1.187000000000000000e+03
1.187000000000000000e+03
1.217000000000000000e+03
1.389000000000000000e+03
1.839000000000000000e+03
1.839000000000000000e+03
1.839000000000000000e+03
1.839000000000000000e+03
1.839000000000000000e+03
1.593000000000000000e+03
1.593000000000000000e+03
1.593000000000000000e+03
1.593000000000000000e+03
1.593000000000000000e+03
1.593000000000000000e+03
1.593000000000000000e+03
1.593000000000000000e+03
1.593000000000000000e+03
1.593000000000000000e+03
1.805000000000000000e+03
1.805000000000000000e+03
1.805000000000000000e+03
1.805000000000000000e+03
1.805000000000000000e+03
1.805000000000000000e+03
1.805000000000000000e+03
1.805000000000000000e+03
1.805000000000000000e+03
1.805000000000000000e+03
1.805000000000000000e+03
1.805000000000000000e+03
1.805000000000000000e+03
1.805000000000000000e+03
1.805000000000000000e+03
1.805000000000000000e+03
1.805000000000000000e+03
1.805000000000000000e+03
1.805000000000000000e+03
1.805000000000000000e+03
1.805000000000000000e+03
1.805000000000000000e+03
1.809000000000000000e+03
1.809000000000000000e+03
1.809000000000000000e+03
1.809000000000000000e+03
1.809000000000000000e+03
1.809000000000000000e+03
1.809000000000000000e+03
1.809000000000000000e+03
1.809000000000000000e+03
1.809000000000000000e+03
1.809000000000000000e+03
1.809000000000000000e+03
1.809000000000000000e+03
1.809000000000000000e+03
1.805000000000000000e+03
1.805000000000000000e+03
1.805000000000000000e+03
1.805000000000000000e+03
1.805000000000000000e+03
1.805000000000000000e+03
1.805000000000000000e+03
1.805000000000000000e+03
1.805000000000000000e+03
1.805000000000000000e+03
1.805000000000000000e+03
1.805000000000000000e+03
1.805000000000000000e+03
1.805000000000000000e+03
1.805000000000000000e+03
1.805000000000000000e+03
1.805000000000000000e+03
1.805000000000000000e+03
1.805000000000000000e+03
1.805000000000000000e+03
1.805000000000000000e+03
1.805000000000000000e+03
1.805000000000000000e+03
1.805000000000000000e+03
3.051000000000000000e+03
4.567000000000000000e+03
4.569000000000000000e+03
4.569000000000000000e+03
4.569000000000000000e+03
4.569000000000000000e+03
4.569000000000000000e+03
4.569000000000000000e+03
4.569000000000000000e+03
4.569000000000000000e+03
4.569000000000000000e+03
4.569000000000000000e+03
2.463000000000000000e+03
2.463000000000000000e+03
2.463000000000000000e+03
2.463000000000000000e+03
2.463000000000000000e+03
2.463000000000000000e+03
2.463000000000000000e+03
4.367000000000000000e+03
4.367000000000000000e+03
4.367000000000000000e+03
4.367000000000000000e+03
4.367000000000000000e+03
4.367000000000000000e+03
4.367000000000000000e+03
4.367000000000000000e+03
4.367000000000000000e+03
4.367000000000000000e+03
4.367000000000000000e+03
4.367000000000000000e+03
4.367000000000000000e+03
4.367000000000000000e+03
4.367000000000000000e+03
4.367000000000000000e+03
4.367000000000000000e+03
4.367000000000000000e+03
4.361000000000000000e+03
4.361000000000000000e+03
4.361000000000000000e+03
4.361000000000000000e+03
4.361000000000000000e+03
4.361000000000000000e+03
4.361000000000000000e+03
4.361000000000000000e+03
4.361000000000000000e+03
4.361000000000000000e+03
4.361000000000000000e+03
4.361000000000000000e+03
4.361000000000000000e+03
4.361000000000000000e+03
4.361000000000000000e+03
4.327000000000000000e+03
3.469000000000000000e+03
2.463000000000000000e+03
2.463000000000000000e+03
2.463000000000000000e+03
2.463000000000000000e+03
2.463000000000000000e+03
2.463000000000000000e+03
2.463000000000000000e+03
2.463000000000000000e+03
2.465000000000000000e+03
2.465000000000000000e+03
3.361000000000000000e+03
4.517000000000000000e+03
4.517000000000000000e+03
4.517000000000000000e+03
4.517000000000000000e+03
4.517000000000000000e+03
4.517000000000000000e+03
4.517000000000000000e+03
4.517000000000000000e+03
4.517000000000000000e+03
4.517000000000000000e+03
4.517000000000000000e+03
4.517000000000000000e+03
4.517000000000000000e+03
4.517000000000000000e+03
4.517000000000000000e+03
4.517000000000000000e+03
4.517000000000000000e+03
4.517000000000000000e+03
4.517000000000000000e+03
4.515000000000000000e+03
4.515000000000000000e+03
4.515000000000000000e+03
4.515000000000000000e+03
4.515000000000000000e+03
4.515000000000000000e+03
4.515000000000000000e+03
4.515000000000000000e+03
4.515000000000000000e+03
4.515000000000000000e+03
4.515000000000000000e+03
4.515000000000000000e+03
4.515000000000000000e+03
4.515000000000000000e+03
4.515000000000000000e+03
4.515000000000000000e+03
4.515000000000000000e+03
4.515000000000000000e+03
4.517000000000000000e+03
4.517000000000000000e+03
4.517000000000000000e+03
4.517000000000000000e+03
4.517000000000000000e+03
4.517000000000000000e+03
4.517000000000000000e+03
4.517000000000000000e+03
4.517000000000000000e+03
4.517000000000000000e+03
4.517000000000000000e+03
4.517000000000000000e+03
4.517000000000000000e+03
4.517000000000000000e+03
4.517000000000000000e+03
4.517000000000000000e+03
4.517000000000000000e+03
4.517000000000000000e+03
4.517000000000000000e+03
4.515000000000000000e+03
4.515000000000000000e+03
4.515000000000000000e+03
4.515000000000000000e+03
4.515000000000000000e+03
4.515000000000000000e+03
4.515000000000000000e+03
4.515000000000000000e+03
4.515000000000000000e+03
4.515000000000000000e+03
4.515000000000000000e+03
4.515000000000000000e+03
4.515000000000000000e+03
4.515000000000000000e+03
4.515000000000000000e+03
4.515000000000000000e+03
4.515000000000000000e+03
4.477000000000000000e+03
4.517000000000000000e+03
4.517000000000000000e+03
4.517000000000000000e+03
4.517000000000000000e+03
4.517000000000000000e+03
4.517000000000000000e+03
4.517000000000000000e+03
4.517000000000000000e+03
4.517000000000000000e+03
4.517000000000000000e+03
4.517000000000000000e+03
4.517000000000000000e+03
4.517000000000000000e+03
4.517000000000000000e+03
4.517000000000000000e+03
4.517000000000000000e+03
4.517000000000000000e+03
4.517000000000000000e+03
4.517000000000000000e+03
4.517000000000000000e+03
4.515000000000000000e+03
4.515000000000000000e+03
4.515000000000000000e+03
4.515000000000000000e+03
4.515000000000000000e+03
4.515000000000000000e+03
4.515000000000000000e+03
4.515000000000000000e+03
4.515000000000000000e+03
4.515000000000000000e+03
4.515000000000000000e+03
4.515000000000000000e+03
4.515000000000000000e+03
4.515000000000000000e+03
4.515000000000000000e+03
4.515000000000000000e+03
4.515000000000000000e+03
4.515000000000000000e+03
4.517000000000000000e+03
4.517000000000000000e+03
4.517000000000000000e+03
4.521000000000000000e+03
4.522000000000000000e+03
4.522000000000000000e+03
4.522000000000000000e+03
4.522000000000000000e+03
4.522000000000000000e+03
4.522000000000000000e+03
4.522000000000000000e+03
4.522000000000000000e+03
4.522000000000000000e+03
4.522000000000000000e+03
4.522000000000000000e+03
4.522000000000000000e+03
4.522000000000000000e+03
4.522000000000000000e+03
4.522000000000000000e+03
4.520000000000000000e+03
4.520000000000000000e+03
4.520000000000000000e+03
4.520000000000000000e+03
4.520000000000000000e+03
4.520000000000000000e+03
4.520000000000000000e+03
4.520000000000000000e+03
4.520000000000000000e+03
4.520000000000000000e+03
4.520000000000000000e+03
4.520000000000000000e+03
4.520000000000000000e+03
4.520000000000000000e+03
4.520000000000000000e+03
4.520000000000000000e+03
4.520000000000000000e+03
4.520000000000000000e+03
4.522000000000000000e+03
4.522000000000000000e+03
4.522000000000000000e+03
4.522000000000000000e+03
4.522000000000000000e+03
4.522000000000000000e+03
4.522000000000000000e+03
4.522000000000000000e+03
4.522000000000000000e+03
4.522000000000000000e+03
4.522000000000000000e+03
4.522000000000000000e+03
4.522000000000000000e+03
4.522000000000000000e+03
4.522000000000000000e+03
4.522000000000000000e+03
4.522000000000000000e+03
4.522000000000000000e+03
4.522000000000000000e+03
4.522000000000000000e+03
4.520000000000000000e+03
4.520000000000000000e+03
4.520000000000000000e+03
4.520000000000000000e+03
4.520000000000000000e+03
4.520000000000000000e+03
4.520000000000000000e+03
4.520000000000000000e+03
4.520000000000000000e+03
4.520000000000000000e+03
4.520000000000000000e+03
4.520000000000000000e+03
4.520000000000000000e+03
4.520000000000000000e+03
4.520000000000000000e+03
4.520000000000000000e+03
4.520000000000000000e+03
4.482000000000000000e+03
4.524000000000000000e+03
4.524000000000000000e+03
4.524000000000000000e+03
4.524000000000000000e+03
4.524000000000000000e+03
4.524000000000000000e+03
4.524000000000000000e+03
4.524000000000000000e+03
4.524000000000000000e+03
4.524000000000000000e+03
4.524000000000000000e+03
4.524000000000000000e+03
4.534000000000000000e+03
4.534000000000000000e+03
4.534000000000000000e+03
4.534000000000000000e+03
4.534000000000000000e+03
4.534000000000000000e+03
4.534000000000000000e+03
4.532000000000000000e+03
4.532000000000000000e+03
4.532000000000000000e+03
4.532000000000000000e+03
4.532000000000000000e+03
4.532000000000000000e+03
4.532000000000000000e+03
4.532000000000000000e+03
4.532000000000000000e+03
4.532000000000000000e+03
4.532000000000000000e+03
4.532000000000000000e+03
4.532000000000000000e+03
4.532000000000000000e+03
4.532000000000000000e+03
4.532000000000000000e+03
4.532000000000000000e+03
4.532000000000000000e+03
2.482000000000000000e+03
4.534000000000000000e+03
4.534000000000000000e+03
4.534000000000000000e+03
4.534000000000000000e+03
4.534000000000000000e+03
4.534000000000000000e+03
4.534000000000000000e+03
4.534000000000000000e+03
4.534000000000000000e+03
4.534000000000000000e+03
4.534000000000000000e+03
4.534000000000000000e+03
4.534000000000000000e+03
4.534000000000000000e+03
4.534000000000000000e+03
4.534000000000000000e+03
4.534000000000000000e+03
4.534000000000000000e+03
4.534000000000000000e+03
4.532000000000000000e+03
4.532000000000000000e+03
4.532000000000000000e+03
4.532000000000000000e+03
4.532000000000000000e+03
4.532000000000000000e+03
4.532000000000000000e+03
4.532000000000000000e+03
4.532000000000000000e+03
4.532000000000000000e+03
4.532000000000000000e+03
4.532000000000000000e+03
4.532000000000000000e+03
4.532000000000000000e+03
4.532000000000000000e+03
4.532000000000000000e+03
4.532000000000000000e+03
4.532000000000000000e+03
4.534000000000000000e+03
4.534000000000000000e+03
4.534000000000000000e+03
4.534000000000000000e+03
4.534000000000000000e+03
4.534000000000000000e+03
4.534000000000000000e+03
4.534000000000000000e+03
4.534000000000000000e+03
4.534000000000000000e+03
4.534000000000000000e+03
4.534000000000000000e+03
4.534000000000000000e+03
4.534000000000000000e+03
4.534000000000000000e+03
4.534000000000000000e+03
4.534000000000000000e+03
4.534000000000000000e+03
4.534000000000000000e+03
4.532000000000000000e+03
4.532000000000000000e+03
4.532000000000000000e+03
4.532000000000000000e+03
4.532000000000000000e+03
4.532000000000000000e+03
4.532000000000000000e+03
4.532000000000000000e+03
4.532000000000000000e+03
4.532000000000000000e+03
4.532000000000000000e+03
4.532000000000000000e+03
4.532000000000000000e+03
4.532000000000000000e+03
4.532000000000000000e+03
4.532000000000000000e+03
4.532000000000000000e+03
4.532000000000000000e+03
4.532000000000000000e+03
4.534000000000000000e+03
4.534000000000000000e+03
4.534000000000000000e+03
4.534000000000000000e+03
4.534000000000000000e+03
4.534000000000000000e+03
4.534000000000000000e+03
4.534000000000000000e+03
4.534000000000000000e+03
4.534000000000000000e+03
4.534000000000000000e+03
4.534000000000000000e+03
4.534000000000000000e+03
4.534000000000000000e+03
4.534000000000000000e+03
4.534000000000000000e+03
4.534000000000000000e+03
4.534000000000000000e+03
4.534000000000000000e+03
4.534000000000000000e+03
4.532000000000000000e+03
4.532000000000000000e+03
4.532000000000000000e+03
4.532000000000000000e+03
4.532000000000000000e+03
4.532000000000000000e+03
4.532000000000000000e+03
4.532000000000000000e+03
4.532000000000000000e+03
4.532000000000000000e+03
4.532000000000000000e+03
4.532000000000000000e+03
4.532000000000000000e+03
4.532000000000000000e+03
4.532000000000000000e+03
4.532000000000000000e+03
4.532000000000000000e+03
4.532000000000000000e+03
4.534000000000000000e+03
4.534000000000000000e+03
4.534000000000000000e+03
4.534000000000000000e+03
4.534000000000000000e+03
4.534000000000000000e+03
4.534000000000000000e+03
4.534000000000000000e+03
4.534000000000000000e+03
4.534000000000000000e+03
4.534000000000000000e+03
4.534000000000000000e+03
4.534000000000000000e+03
4.534000000000000000e+03
4.534000000000000000e+03
4.534000000000000000e+03
4.534000000000000000e+03
4.534000000000000000e+03
4.534000000000000000e+03
4.532000000000000000e+03
4.532000000000000000e+03
4.532000000000000000e+03
4.532000000000000000e+03
4.532000000000000000e+03
4.532000000000000000e+03
4.532000000000000000e+03
4.532000000000000000e+03
4.532000000000000000e+03
4.532000000000000000e+03
4.532000000000000000e+03
4.532000000000000000e+03
4.532000000000000000e+03
4.532000000000000000e+03
4.532000000000000000e+03
4.532000000000000000e+03
4.532000000000000000e+03
4.532000000000000000e+03
4.532000000000000000e+03
4.534000000000000000e+03
4.534000000000000000e+03
4.534000000000000000e+03
4.534000000000000000e+03
4.534000000000000000e+03
4.534000000000000000e+03
4.534000000000000000e+03
4.534000000000000000e+03
4.534000000000000000e+03
4.534000000000000000e+03
4.534000000000000000e+03
4.534000000000000000e+03
4.534000000000000000e+03
4.534000000000000000e+03
4.534000000000000000e+03
4.534000000000000000e+03
4.534000000000000000e+03
4.534000000000000000e+03
4.534000000000000000e+03
4.532000000000000000e+03
4.532000000000000000e+03
4.532000000000000000e+03
4.532000000000000000e+03
4.532000000000000000e+03
4.532000000000000000e+03
4.532000000000000000e+03
4.532000000000000000e+03
4.532000000000000000e+03
4.532000000000000000e+03
4.532000000000000000e+03
4.532000000000000000e+03
4.532000000000000000e+03
4.532000000000000000e+03
4.532000000000000000e+03
4.532000000000000000e+03
4.532000000000000000e+03
4.532000000000000000e+03
4.534000000000000000e+03
4.534000000000000000e+03
4.534000000000000000e+03
4.534000000000000000e+03
4.534000000000000000e+03
4.534000000000000000e+03
4.534000000000000000e+03
4.534000000000000000e+03
4.534000000000000000e+03
4.534000000000000000e+03
4.534000000000000000e+03
4.534000000000000000e+03
4.534000000000000000e+03
4.534000000000000000e+03
4.534000000000000000e+03
4.534000000000000000e+03
4.534000000000000000e+03
4.534000000000000000e+03
4.534000000000000000e+03
4.534000000000000000e+03
4.532000000000000000e+03
4.532000000000000000e+03
4.532000000000000000e+03
4.532000000000000000e+03
4.532000000000000000e+03
4.532000000000000000e+03
4.532000000000000000e+03
4.532000000000000000e+03
4.532000000000000000e+03
4.532000000000000000e+03
4.532000000000000000e+03
4.532000000000000000e+03
4.532000000000000000e+03
4.532000000000000000e+03
4.532000000000000000e+03
4.532000000000000000e+03
4.532000000000000000e+03
4.532000000000000000e+03
4.532000000000000000e+03
4.534000000000000000e+03
4.534000000000000000e+03
4.534000000000000000e+03
4.534000000000000000e+03
4.534000000000000000e+03
4.534000000000000000e+03
4.534000000000000000e+03
4.534000000000000000e+03
4.534000000000000000e+03
4.534000000000000000e+03
4.534000000000000000e+03
4.534000000000000000e+03
4.534000000000000000e+03
4.534000000000000000e+03
4.534000000000000000e+03
4.534000000000000000e+03
4.534000000000000000e+03
4.532000000000000000e+03
4.532000000000000000e+03
4.532000000000000000e+03
4.532000000000000000e+03
4.532000000000000000e+03
4.532000000000000000e+03
4.532000000000000000e+03
4.532000000000000000e+03
4.532000000000000000e+03
4.532000000000000000e+03
4.532000000000000000e+03
4.532000000000000000e+03
4.532000000000000000e+03
4.532000000000000000e+03
4.532000000000000000e+03
4.532000000000000000e+03
4.534000000000000000e+03
4.534000000000000000e+03
4.534000000000000000e+03
4.534000000000000000e+03
4.534000000000000000e+03
4.534000000000000000e+03
4.534000000000000000e+03
4.523000000000000000e+03
4.523000000000000000e+03
4.523000000000000000e+03
4.523000000000000000e+03
4.523000000000000000e+03
4.523000000000000000e+03
4.523000000000000000e+03
4.523000000000000000e+03
4.523000000000000000e+03
4.523000000000000000e+03
4.523000000000000000e+03
4.523000000000000000e+03
4.529000000000000000e+03
4.527000000000000000e+03
4.527000000000000000e+03
4.527000000000000000e+03
4.527000000000000000e+03
4.527000000000000000e+03
4.527000000000000000e+03
4.527000000000000000e+03
4.527000000000000000e+03
4.527000000000000000e+03
4.527000000000000000e+03
4.527000000000000000e+03
4.527000000000000000e+03
4.527000000000000000e+03
4.527000000000000000e+03
4.527000000000000000e+03
4.527000000000000000e+03
4.523000000000000000e+03
4.523000000000000000e+03
4.525000000000000000e+03
4.525000000000000000e+03
4.525000000000000000e+03
4.525000000000000000e+03
4.525000000000000000e+03
4.525000000000000000e+03
4.525000000000000000e+03
4.525000000000000000e+03
4.525000000000000000e+03
4.525000000000000000e+03
4.525000000000000000e+03
4.525000000000000000e+03
4.525000000000000000e+03
4.525000000000000000e+03
4.525000000000000000e+03
4.525000000000000000e+03
4.525000000000000000e+03
4.525000000000000000e+03
4.525000000000000000e+03
4.525000000000000000e+03
4.523000000000000000e+03
4.523000000000000000e+03
4.523000000000000000e+03
4.523000000000000000e+03
4.523000000000000000e+03
4.523000000000000000e+03
4.523000000000000000e+03
4.523000000000000000e+03
4.523000000000000000e+03
4.523000000000000000e+03
4.523000000000000000e+03
4.523000000000000000e+03
4.523000000000000000e+03
4.523000000000000000e+03
4.523000000000000000e+03
4.523000000000000000e+03
4.523000000000000000e+03
3.269000000000000000e+03
2.677000000000000000e+03
5.435000000000000000e+03
5.435000000000000000e+03
5.435000000000000000e+03
5.435000000000000000e+03
5.435000000000000000e+03
5.435000000000000000e+03
5.435000000000000000e+03
5.435000000000000000e+03
5.435000000000000000e+03
5.435000000000000000e+03
5.435000000000000000e+03
4.189000000000000000e+03
5.905000000000000000e+03
3.331000000000000000e+03
4.375000000000000000e+03
4.375000000000000000e+03
4.375000000000000000e+03
4.375000000000000000e+03
4.375000000000000000e+03
4.375000000000000000e+03
4.375000000000000000e+03
4.375000000000000000e+03
4.375000000000000000e+03
4.375000000000000000e+03
4.375000000000000000e+03
4.375000000000000000e+03
4.375000000000000000e+03
4.375000000000000000e+03
4.375000000000000000e+03
4.375000000000000000e+03
4.375000000000000000e+03
4.369000000000000000e+03
4.369000000000000000e+03
4.369000000000000000e+03
4.369000000000000000e+03
4.369000000000000000e+03
4.369000000000000000e+03
4.369000000000000000e+03
4.369000000000000000e+03
4.369000000000000000e+03
4.369000000000000000e+03
4.369000000000000000e+03
4.369000000000000000e+03
4.369000000000000000e+03
4.369000000000000000e+03
4.369000000000000000e+03
5.193000000000000000e+03
4.523000000000000000e+03
4.523000000000000000e+03
4.523000000000000000e+03
4.523000000000000000e+03
4.523000000000000000e+03
4.523000000000000000e+03
4.523000000000000000e+03
4.523000000000000000e+03
4.523000000000000000e+03
4.523000000000000000e+03
4.523000000000000000e+03
4.523000000000000000e+03
4.523000000000000000e+03
4.523000000000000000e+03
4.523000000000000000e+03
4.523000000000000000e+03
4.523000000000000000e+03
4.523000000000000000e+03
4.523000000000000000e+03
4.523000000000000000e+03
4.521000000000000000e+03
4.521000000000000000e+03
4.521000000000000000e+03
4.521000000000000000e+03
4.521000000000000000e+03
4.521000000000000000e+03
4.521000000000000000e+03
4.521000000000000000e+03
4.521000000000000000e+03
4.521000000000000000e+03
4.521000000000000000e+03
4.521000000000000000e+03
4.521000000000000000e+03
4.521000000000000000e+03
4.521000000000000000e+03
4.521000000000000000e+03
4.521000000000000000e+03
4.523000000000000000e+03
4.523000000000000000e+03
4.523000000000000000e+03
4.523000000000000000e+03
4.523000000000000000e+03
4.523000000000000000e+03
4.523000000000000000e+03
4.523000000000000000e+03
4.523000000000000000e+03
4.523000000000000000e+03
4.523000000000000000e+03
4.523000000000000000e+03
4.523000000000000000e+03
4.523000000000000000e+03
4.523000000000000000e+03
4.523000000000000000e+03
4.523000000000000000e+03
4.523000000000000000e+03
4.523000000000000000e+03
4.521000000000000000e+03
4.521000000000000000e+03
4.521000000000000000e+03
4.521000000000000000e+03
4.521000000000000000e+03
4.521000000000000000e+03
4.521000000000000000e+03
4.521000000000000000e+03
4.521000000000000000e+03
4.521000000000000000e+03
4.521000000000000000e+03
4.521000000000000000e+03
4.521000000000000000e+03
4.521000000000000000e+03
4.521000000000000000e+03
4.521000000000000000e+03
4.521000000000000000e+03
4.521000000000000000e+03
4.523000000000000000e+03
4.523000000000000000e+03
4.523000000000000000e+03
4.523000000000000000e+03
4.523000000000000000e+03
4.523000000000000000e+03
4.523000000000000000e+03
4.523000000000000000e+03
4.523000000000000000e+03
4.523000000000000000e+03
4.523000000000000000e+03
4.523000000000000000e+03
4.523000000000000000e+03
4.523000000000000000e+03
4.523000000000000000e+03
4.523000000000000000e+03
4.523000000000000000e+03
4.523000000000000000e+03
4.523000000000000000e+03
4.523000000000000000e+03
4.521000000000000000e+03
4.521000000000000000e+03
4.521000000000000000e+03
4.521000000000000000e+03
4.521000000000000000e+03
4.521000000000000000e+03
4.521000000000000000e+03
4.521000000000000000e+03
4.521000000000000000e+03
4.521000000000000000e+03
4.521000000000000000e+03
4.521000000000000000e+03
4.521000000000000000e+03
4.521000000000000000e+03
4.521000000000000000e+03
4.521000000000000000e+03
4.521000000000000000e+03
4.483000000000000000e+03
2.677000000000000000e+03
5.435000000000000000e+03
5.435000000000000000e+03
5.435000000000000000e+03
5.435000000000000000e+03
5.435000000000000000e+03
5.435000000000000000e+03
5.435000000000000000e+03
5.435000000000000000e+03
5.435000000000000000e+03
5.435000000000000000e+03
5.435000000000000000e+03
3.331000000000000000e+03
3.331000000000000000e+03
4.375000000000000000e+03
4.375000000000000000e+03
4.375000000000000000e+03
4.375000000000000000e+03
4.375000000000000000e+03
4.375000000000000000e+03
4.375000000000000000e+03
4.375000000000000000e+03
4.375000000000000000e+03
4.375000000000000000e+03
4.375000000000000000e+03
4.375000000000000000e+03
4.375000000000000000e+03
4.375000000000000000e+03
4.375000000000000000e+03
4.375000000000000000e+03
4.375000000000000000e+03
4.369000000000000000e+03
4.369000000000000000e+03
4.369000000000000000e+03
4.369000000000000000e+03
4.369000000000000000e+03
4.369000000000000000e+03
4.369000000000000000e+03
4.369000000000000000e+03
4.369000000000000000e+03
4.369000000000000000e+03
4.369000000000000000e+03
4.369000000000000000e+03
4.369000000000000000e+03
4.369000000000000000e+03
4.369000000000000000e+03
4.369000000000000000e+03
2.563000000000000000e+03
2.677000000000000000e+03
5.435000000000000000e+03
5.435000000000000000e+03
5.435000000000000000e+03
5.435000000000000000e+03
5.435000000000000000e+03
5.435000000000000000e+03
5.435000000000000000e+03
5.435000000000000000e+03
5.435000000000000000e+03
5.435000000000000000e+03
5.435000000000000000e+03
4.189000000000000000e+03
3.331000000000000000e+03
4.375000000000000000e+03
4.375000000000000000e+03
4.375000000000000000e+03
4.375000000000000000e+03
4.375000000000000000e+03
4.375000000000000000e+03
4.375000000000000000e+03
4.375000000000000000e+03
4.375000000000000000e+03
4.375000000000000000e+03
4.375000000000000000e+03
4.375000000000000000e+03
4.375000000000000000e+03
4.375000000000000000e+03
4.375000000000000000e+03
4.372000000000000000e+03
4.372000000000000000e+03
4.366000000000000000e+03
4.366000000000000000e+03
4.366000000000000000e+03
4.366000000000000000e+03
4.366000000000000000e+03
4.366000000000000000e+03
4.366000000000000000e+03
4.366000000000000000e+03
4.366000000000000000e+03
4.366000000000000000e+03
4.366000000000000000e+03
4.366000000000000000e+03
4.366000000000000000e+03
4.366000000000000000e+03
4.366000000000000000e+03
2.688000000000000000e+03
2.468000000000000000e+03
2.468000000000000000e+03
2.468000000000000000e+03
2.468000000000000000e+03
2.674000000000000000e+03
5.432000000000000000e+03
5.432000000000000000e+03
5.432000000000000000e+03
5.432000000000000000e+03
5.432000000000000000e+03
5.432000000000000000e+03
5.432000000000000000e+03
5.432000000000000000e+03
5.432000000000000000e+03
5.432000000000000000e+03
5.432000000000000000e+03
4.186000000000000000e+03
3.328000000000000000e+03
4.372000000000000000e+03
4.372000000000000000e+03
4.372000000000000000e+03
4.372000000000000000e+03
4.372000000000000000e+03
4.372000000000000000e+03
4.372000000000000000e+03
4.372000000000000000e+03
4.372000000000000000e+03
4.372000000000000000e+03
4.372000000000000000e+03
4.372000000000000000e+03
4.372000000000000000e+03
4.372000000000000000e+03
4.372000000000000000e+03
4.368000000000000000e+03
4.368000000000000000e+03
4.368000000000000000e+03
4.362000000000000000e+03
4.362000000000000000e+03
4.362000000000000000e+03
4.362000000000000000e+03
4.362000000000000000e+03
4.362000000000000000e+03
4.362000000000000000e+03
4.362000000000000000e+03
4.362000000000000000e+03
4.362000000000000000e+03
4.362000000000000000e+03
4.362000000000000000e+03
4.362000000000000000e+03
4.362000000000000000e+03
4.362000000000000000e+03
4.610000000000000000e+03
3.810000000000000000e+03
4.518000000000000000e+03
4.518000000000000000e+03
4.518000000000000000e+03
4.518000000000000000e+03
4.518000000000000000e+03
4.518000000000000000e+03
4.518000000000000000e+03
4.518000000000000000e+03
4.518000000000000000e+03
4.518000000000000000e+03
4.518000000000000000e+03
4.518000000000000000e+03
4.518000000000000000e+03
4.518000000000000000e+03
4.518000000000000000e+03
4.518000000000000000e+03
4.518000000000000000e+03
4.518000000000000000e+03
4.518000000000000000e+03
4.516000000000000000e+03
4.516000000000000000e+03
4.516000000000000000e+03
4.516000000000000000e+03
4.516000000000000000e+03
4.516000000000000000e+03
4.516000000000000000e+03
4.516000000000000000e+03
4.516000000000000000e+03
4.516000000000000000e+03
4.516000000000000000e+03
4.516000000000000000e+03
4.516000000000000000e+03
4.516000000000000000e+03
4.516000000000000000e+03
4.516000000000000000e+03
4.516000000000000000e+03
4.516000000000000000e+03
4.518000000000000000e+03
4.518000000000000000e+03
4.518000000000000000e+03
4.518000000000000000e+03
4.518000000000000000e+03
4.518000000000000000e+03
4.518000000000000000e+03
4.518000000000000000e+03
4.518000000000000000e+03
4.518000000000000000e+03
4.518000000000000000e+03
4.518000000000000000e+03
4.518000000000000000e+03
4.518000000000000000e+03
4.518000000000000000e+03
4.518000000000000000e+03
4.518000000000000000e+03
4.518000000000000000e+03
4.518000000000000000e+03
4.516000000000000000e+03
4.516000000000000000e+03
4.516000000000000000e+03
4.516000000000000000e+03
4.516000000000000000e+03
4.516000000000000000e+03
4.516000000000000000e+03
4.516000000000000000e+03
4.516000000000000000e+03
4.516000000000000000e+03
4.516000000000000000e+03
4.516000000000000000e+03
4.516000000000000000e+03
4.516000000000000000e+03
4.516000000000000000e+03
4.516000000000000000e+03
4.516000000000000000e+03
4.516000000000000000e+03
4.516000000000000000e+03
4.518000000000000000e+03
4.518000000000000000e+03
4.518000000000000000e+03
4.518000000000000000e+03
4.518000000000000000e+03
4.518000000000000000e+03
4.518000000000000000e+03
4.518000000000000000e+03
4.518000000000000000e+03
4.518000000000000000e+03
4.518000000000000000e+03
4.518000000000000000e+03
4.518000000000000000e+03
4.518000000000000000e+03
4.518000000000000000e+03
4.518000000000000000e+03
4.518000000000000000e+03
4.518000000000000000e+03
4.518000000000000000e+03
4.518000000000000000e+03
4.516000000000000000e+03
4.516000000000000000e+03
4.516000000000000000e+03
4.516000000000000000e+03
4.516000000000000000e+03
4.516000000000000000e+03
4.516000000000000000e+03
4.516000000000000000e+03
4.516000000000000000e+03
4.516000000000000000e+03
4.516000000000000000e+03
4.516000000000000000e+03
4.516000000000000000e+03
4.516000000000000000e+03
4.516000000000000000e+03
4.516000000000000000e+03
4.516000000000000000e+03
4.516000000000000000e+03
4.518000000000000000e+03
4.518000000000000000e+03
4.518000000000000000e+03
4.518000000000000000e+03
4.518000000000000000e+03
4.518000000000000000e+03
4.518000000000000000e+03
4.518000000000000000e+03
4.518000000000000000e+03
4.518000000000000000e+03
4.518000000000000000e+03
4.518000000000000000e+03
4.518000000000000000e+03
4.518000000000000000e+03
4.518000000000000000e+03
4.518000000000000000e+03
4.518000000000000000e+03
4.518000000000000000e+03
4.518000000000000000e+03
4.518000000000000000e+03
4.516000000000000000e+03
4.516000000000000000e+03
4.516000000000000000e+03
4.516000000000000000e+03
4.516000000000000000e+03
4.516000000000000000e+03
4.516000000000000000e+03
4.516000000000000000e+03
4.516000000000000000e+03
4.516000000000000000e+03
4.516000000000000000e+03
4.516000000000000000e+03
4.516000000000000000e+03
4.516000000000000000e+03
4.516000000000000000e+03
4.516000000000000000e+03
4.516000000000000000e+03
4.516000000000000000e+03
4.518000000000000000e+03
4.518000000000000000e+03
4.518000000000000000e+03
4.518000000000000000e+03
4.518000000000000000e+03
4.518000000000000000e+03
4.518000000000000000e+03
4.518000000000000000e+03
4.518000000000000000e+03
4.518000000000000000e+03
4.518000000000000000e+03
4.518000000000000000e+03
4.518000000000000000e+03
4.518000000000000000e+03
4.518000000000000000e+03
4.518000000000000000e+03
4.518000000000000000e+03
4.518000000000000000e+03
4.518000000000000000e+03
4.518000000000000000e+03
4.516000000000000000e+03
4.516000000000000000e+03
4.516000000000000000e+03
4.516000000000000000e+03
4.516000000000000000e+03
4.516000000000000000e+03
4.516000000000000000e+03
4.516000000000000000e+03
4.516000000000000000e+03
4.516000000000000000e+03
4.516000000000000000e+03
4.516000000000000000e+03
4.516000000000000000e+03
4.516000000000000000e+03
4.516000000000000000e+03
4.516000000000000000e+03
4.516000000000000000e+03
4.516000000000000000e+03
2.670000000000000000e+03
5.428000000000000000e+03
5.428000000000000000e+03
5.428000000000000000e+03
5.428000000000000000e+03
5.428000000000000000e+03
5.428000000000000000e+03
5.428000000000000000e+03
5.428000000000000000e+03
5.428000000000000000e+03
5.428000000000000000e+03
5.428000000000000000e+03
5.488000000000000000e+03
3.324000000000000000e+03
5.040000000000000000e+03
1.826000000000000000e+03
9.680000000000000000e+02
9.680000000000000000e+02
9.680000000000000000e+02
9.680000000000000000e+02
9.680000000000000000e+02
9.680000000000000000e+02
9.680000000000000000e+02
9.680000000000000000e+02
9.680000000000000000e+02
9.680000000000000000e+02
9.680000000000000000e+02
9.700000000000000000e+02
9.700000000000000000e+02
9.700000000000000000e+02
9.700000000000000000e+02
9.700000000000000000e+02
9.700000000000000000e+02
9.700000000000000000e+02
9.700000000000000000e+02
9.720000000000000000e+02
9.700000000000000000e+02
9.700000000000000000e+02
9.700000000000000000e+02
9.700000000000000000e+02
9.700000000000000000e+02
9.680000000000000000e+02
9.680000000000000000e+02
9.680000000000000000e+02
9.660000000000000000e+02
9.620000000000000000e+02
7.210000000000000000e+02
