7.360000000000000000e+02
7.360000000000000000e+02
7.360000000000000000e+02
7.360000000000000000e+02
7.830000000000000000e+02
9.230000000000000000e+02
9.230000000000000000e+02
9.230000000000000000e+02
9.250000000000000000e+02
9.250000000000000000e+02
9.610000000000000000e+02
9.610000000000000000e+02
9.580000000000000000e+02
9.580000000000000000e+02
9.580000000000000000e+02
9.580000000000000000e+02
9.580000000000000000e+02
9.580000000000000000e+02
9.580000000000000000e+02
9.500000000000000000e+02
9.260000000000000000e+02
9.290000000000000000e+02
9.210000000000000000e+02
9.230000000000000000e+02
9.420000000000000000e+02
9.420000000000000000e+02
9.420000000000000000e+02
9.420000000000000000e+02
9.420000000000000000e+02
9.420000000000000000e+02
9.420000000000000000e+02
9.420000000000000000e+02
9.420000000000000000e+02
9.420000000000000000e+02
9.430000000000000000e+02
9.430000000000000000e+02
9.430000000000000000e+02
9.430000000000000000e+02
9.430000000000000000e+02
9.430000000000000000e+02
9.430000000000000000e+02
9.430000000000000000e+02
9.430000000000000000e+02
9.370000000000000000e+02
9.370000000000000000e+02
9.370000000000000000e+02
9.370000000000000000e+02
9.360000000000000000e+02
9.260000000000000000e+02
9.260000000000000000e+02
9.230000000000000000e+02
9.230000000000000000e+02
9.230000000000000000e+02
9.450000000000000000e+02
9.380000000000000000e+02
9.300000000000000000e+02
9.300000000000000000e+02
9.300000000000000000e+02
9.300000000000000000e+02
9.300000000000000000e+02
9.300000000000000000e+02
1.412000000000000000e+03
1.412000000000000000e+03
1.412000000000000000e+03
1.412000000000000000e+03
1.014000000000000000e+03
1.014000000000000000e+03
1.014000000000000000e+03
1.014000000000000000e+03
1.011000000000000000e+03
9.290000000000000000e+02
9.290000000000000000e+02
9.290000000000000000e+02
1.231000000000000000e+03
1.231000000000000000e+03
1.137000000000000000e+03
1.167000000000000000e+03
1.197000000000000000e+03
1.131000000000000000e+03
1.131000000000000000e+03
1.161000000000000000e+03
1.161000000000000000e+03
1.161000000000000000e+03
1.161000000000000000e+03
1.161000000000000000e+03
1.163000000000000000e+03
1.163000000000000000e+03
1.162000000000000000e+03
1.162000000000000000e+03
1.162000000000000000e+03
1.162000000000000000e+03
1.192000000000000000e+03
1.650000000000000000e+03
1.814000000000000000e+03
1.814000000000000000e+03
1.814000000000000000e+03
1.814000000000000000e+03
1.814000000000000000e+03
1.562000000000000000e+03
1.555000000000000000e+03
1.555000000000000000e+03
1.555000000000000000e+03
1.555000000000000000e+03
1.555000000000000000e+03
1.555000000000000000e+03
1.555000000000000000e+03
1.555000000000000000e+03
1.555000000000000000e+03
1.627000000000000000e+03
1.767000000000000000e+03
1.767000000000000000e+03
1.767000000000000000e+03
1.767000000000000000e+03
1.766000000000000000e+03
1.766000000000000000e+03
1.766000000000000000e+03
1.766000000000000000e+03
1.766000000000000000e+03
1.766000000000000000e+03
1.766000000000000000e+03
1.766000000000000000e+03
1.766000000000000000e+03
1.766000000000000000e+03
1.766000000000000000e+03
1.766000000000000000e+03
1.766000000000000000e+03
1.766000000000000000e+03
1.766000000000000000e+03
1.766000000000000000e+03
1.766000000000000000e+03
1.766000000000000000e+03
1.766000000000000000e+03
1.766000000000000000e+03
1.766000000000000000e+03
1.766000000000000000e+03
1.766000000000000000e+03
1.766000000000000000e+03
1.766000000000000000e+03
1.766000000000000000e+03
1.766000000000000000e+03
1.766000000000000000e+03
1.766000000000000000e+03
1.766000000000000000e+03
1.766000000000000000e+03
1.766000000000000000e+03
1.766000000000000000e+03
1.766000000000000000e+03
1.766000000000000000e+03
1.766000000000000000e+03
1.766000000000000000e+03
1.766000000000000000e+03
1.766000000000000000e+03
1.766000000000000000e+03
1.766000000000000000e+03
1.766000000000000000e+03
1.766000000000000000e+03
1.766000000000000000e+03
1.766000000000000000e+03
1.766000000000000000e+03
1.766000000000000000e+03
1.766000000000000000e+03
1.766000000000000000e+03
1.766000000000000000e+03
1.766000000000000000e+03
1.766000000000000000e+03
1.766000000000000000e+03
1.766000000000000000e+03
1.770000000000000000e+03
3.524000000000000000e+03
4.530000000000000000e+03
4.530000000000000000e+03
4.530000000000000000e+03
4.530000000000000000e+03
4.530000000000000000e+03
4.530000000000000000e+03
4.530000000000000000e+03
4.530000000000000000e+03
4.530000000000000000e+03
4.530000000000000000e+03
4.530000000000000000e+03
2.424000000000000000e+03
3.282000000000000000e+03
2.424000000000000000e+03
4.140000000000000000e+03
2.424000000000000000e+03
2.424000000000000000e+03
2.424000000000000000e+03
2.424000000000000000e+03
4.328000000000000000e+03
4.328000000000000000e+03
4.328000000000000000e+03
4.328000000000000000e+03
4.328000000000000000e+03
4.328000000000000000e+03
4.328000000000000000e+03
4.328000000000000000e+03
4.328000000000000000e+03
4.328000000000000000e+03
4.328000000000000000e+03
4.328000000000000000e+03
4.328000000000000000e+03
4.328000000000000000e+03
4.328000000000000000e+03
4.328000000000000000e+03
4.328000000000000000e+03
4.328000000000000000e+03
4.322000000000000000e+03
4.322000000000000000e+03
4.322000000000000000e+03
4.322000000000000000e+03
4.322000000000000000e+03
4.322000000000000000e+03
4.322000000000000000e+03
4.322000000000000000e+03
4.322000000000000000e+03
4.322000000000000000e+03
4.322000000000000000e+03
4.322000000000000000e+03
4.322000000000000000e+03
4.322000000000000000e+03
4.322000000000000000e+03
4.322000000000000000e+03
4.288000000000000000e+03
3.430000000000000000e+03
2.424000000000000000e+03
2.424000000000000000e+03
2.424000000000000000e+03
2.424000000000000000e+03
2.424000000000000000e+03
2.424000000000000000e+03
2.424000000000000000e+03
2.424000000000000000e+03
2.426000000000000000e+03
2.426000000000000000e+03
2.426000000000000000e+03
4.026000000000000000e+03
4.478000000000000000e+03
4.478000000000000000e+03
4.478000000000000000e+03
4.478000000000000000e+03
4.478000000000000000e+03
4.478000000000000000e+03
4.478000000000000000e+03
4.478000000000000000e+03
4.478000000000000000e+03
4.478000000000000000e+03
4.478000000000000000e+03
4.478000000000000000e+03
4.478000000000000000e+03
4.478000000000000000e+03
4.478000000000000000e+03
4.478000000000000000e+03
4.478000000000000000e+03
4.478000000000000000e+03
4.478000000000000000e+03
4.478000000000000000e+03
4.476000000000000000e+03
4.476000000000000000e+03
4.476000000000000000e+03
4.476000000000000000e+03
4.476000000000000000e+03
4.476000000000000000e+03
4.476000000000000000e+03
4.476000000000000000e+03
4.476000000000000000e+03
4.476000000000000000e+03
4.476000000000000000e+03
4.476000000000000000e+03
4.476000000000000000e+03
4.476000000000000000e+03
4.476000000000000000e+03
4.476000000000000000e+03
4.476000000000000000e+03
4.476000000000000000e+03
4.476000000000000000e+03
4.478000000000000000e+03
4.478000000000000000e+03
4.478000000000000000e+03
4.478000000000000000e+03
4.478000000000000000e+03
4.478000000000000000e+03
4.478000000000000000e+03
4.478000000000000000e+03
4.478000000000000000e+03
4.478000000000000000e+03
4.478000000000000000e+03
4.478000000000000000e+03
4.478000000000000000e+03
4.478000000000000000e+03
4.478000000000000000e+03
4.478000000000000000e+03
4.478000000000000000e+03
4.478000000000000000e+03
4.478000000000000000e+03
4.478000000000000000e+03
4.478000000000000000e+03
4.476000000000000000e+03
4.476000000000000000e+03
4.476000000000000000e+03
4.476000000000000000e+03
4.476000000000000000e+03
4.476000000000000000e+03
4.476000000000000000e+03
4.476000000000000000e+03
4.476000000000000000e+03
4.476000000000000000e+03
4.476000000000000000e+03
4.476000000000000000e+03
4.476000000000000000e+03
4.476000000000000000e+03
4.476000000000000000e+03
4.476000000000000000e+03
4.476000000000000000e+03
4.476000000000000000e+03
4.476000000000000000e+03
4.478000000000000000e+03
4.478000000000000000e+03
4.478000000000000000e+03
4.478000000000000000e+03
4.478000000000000000e+03
4.478000000000000000e+03
4.478000000000000000e+03
4.478000000000000000e+03
4.478000000000000000e+03
4.478000000000000000e+03
4.478000000000000000e+03
4.478000000000000000e+03
4.478000000000000000e+03
4.478000000000000000e+03
4.478000000000000000e+03
4.478000000000000000e+03
4.478000000000000000e+03
4.478000000000000000e+03
4.478000000000000000e+03
4.478000000000000000e+03
4.476000000000000000e+03
4.476000000000000000e+03
4.476000000000000000e+03
4.476000000000000000e+03
4.476000000000000000e+03
4.476000000000000000e+03
4.476000000000000000e+03
4.476000000000000000e+03
4.476000000000000000e+03
4.476000000000000000e+03
4.476000000000000000e+03
4.476000000000000000e+03
4.476000000000000000e+03
4.476000000000000000e+03
4.476000000000000000e+03
4.476000000000000000e+03
4.476000000000000000e+03
4.476000000000000000e+03
4.476000000000000000e+03
4.478000000000000000e+03
4.478000000000000000e+03
4.478000000000000000e+03
4.478000000000000000e+03
4.478000000000000000e+03
4.478000000000000000e+03
4.478000000000000000e+03
4.478000000000000000e+03
4.478000000000000000e+03
4.478000000000000000e+03
4.478000000000000000e+03
4.478000000000000000e+03
4.478000000000000000e+03
4.478000000000000000e+03
4.478000000000000000e+03
4.478000000000000000e+03
4.478000000000000000e+03
4.478000000000000000e+03
4.478000000000000000e+03
4.478000000000000000e+03
4.476000000000000000e+03
4.476000000000000000e+03
4.476000000000000000e+03
4.476000000000000000e+03
4.476000000000000000e+03
4.476000000000000000e+03
4.476000000000000000e+03
4.476000000000000000e+03
4.476000000000000000e+03
4.476000000000000000e+03
4.476000000000000000e+03
4.476000000000000000e+03
4.476000000000000000e+03
4.476000000000000000e+03
4.476000000000000000e+03
4.476000000000000000e+03
4.476000000000000000e+03
4.476000000000000000e+03
4.476000000000000000e+03
4.478000000000000000e+03
4.478000000000000000e+03
4.478000000000000000e+03
4.478000000000000000e+03
4.478000000000000000e+03
4.478000000000000000e+03
4.478000000000000000e+03
4.478000000000000000e+03
4.478000000000000000e+03
4.478000000000000000e+03
4.478000000000000000e+03
4.478000000000000000e+03
4.478000000000000000e+03
4.478000000000000000e+03
4.478000000000000000e+03
4.478000000000000000e+03
4.478000000000000000e+03
4.478000000000000000e+03
4.478000000000000000e+03
4.478000000000000000e+03
4.478000000000000000e+03
4.476000000000000000e+03
4.476000000000000000e+03
4.476000000000000000e+03
4.476000000000000000e+03
4.476000000000000000e+03
4.476000000000000000e+03
4.476000000000000000e+03
4.476000000000000000e+03
4.476000000000000000e+03
4.476000000000000000e+03
4.476000000000000000e+03
4.476000000000000000e+03
4.476000000000000000e+03
4.476000000000000000e+03
4.476000000000000000e+03
4.476000000000000000e+03
4.476000000000000000e+03
4.476000000000000000e+03
4.478000000000000000e+03
4.478000000000000000e+03
4.478000000000000000e+03
4.478000000000000000e+03
4.478000000000000000e+03
4.478000000000000000e+03
4.478000000000000000e+03
4.478000000000000000e+03
4.478000000000000000e+03
4.478000000000000000e+03
4.478000000000000000e+03
4.478000000000000000e+03
4.478000000000000000e+03
4.478000000000000000e+03
4.478000000000000000e+03
4.478000000000000000e+03
4.478000000000000000e+03
4.478000000000000000e+03
4.478000000000000000e+03
4.478000000000000000e+03
4.476000000000000000e+03
4.476000000000000000e+03
4.476000000000000000e+03
4.476000000000000000e+03
4.476000000000000000e+03
4.476000000000000000e+03
4.476000000000000000e+03
4.476000000000000000e+03
4.476000000000000000e+03
4.476000000000000000e+03
4.476000000000000000e+03
4.476000000000000000e+03
4.476000000000000000e+03
4.476000000000000000e+03
4.476000000000000000e+03
4.476000000000000000e+03
4.476000000000000000e+03
4.476000000000000000e+03
4.476000000000000000e+03
2.746000000000000000e+03
4.478000000000000000e+03
4.478000000000000000e+03
4.478000000000000000e+03
4.478000000000000000e+03
4.478000000000000000e+03
4.478000000000000000e+03
4.478000000000000000e+03
4.478000000000000000e+03
4.478000000000000000e+03
4.478000000000000000e+03
4.478000000000000000e+03
4.478000000000000000e+03
4.478000000000000000e+03
4.478000000000000000e+03
4.478000000000000000e+03
4.478000000000000000e+03
4.478000000000000000e+03
4.478000000000000000e+03
4.478000000000000000e+03
4.478000000000000000e+03
4.476000000000000000e+03
4.476000000000000000e+03
4.476000000000000000e+03
4.476000000000000000e+03
4.476000000000000000e+03
4.476000000000000000e+03
4.476000000000000000e+03
4.476000000000000000e+03
4.476000000000000000e+03
4.476000000000000000e+03
4.476000000000000000e+03
4.476000000000000000e+03
4.476000000000000000e+03
4.476000000000000000e+03
4.476000000000000000e+03
4.476000000000000000e+03
4.476000000000000000e+03
4.476000000000000000e+03
4.476000000000000000e+03
4.478000000000000000e+03
4.478000000000000000e+03
4.478000000000000000e+03
4.478000000000000000e+03
4.478000000000000000e+03
4.478000000000000000e+03
4.478000000000000000e+03
4.478000000000000000e+03
4.478000000000000000e+03
4.478000000000000000e+03
4.478000000000000000e+03
4.478000000000000000e+03
4.478000000000000000e+03
4.478000000000000000e+03
4.478000000000000000e+03
4.478000000000000000e+03
4.478000000000000000e+03
4.478000000000000000e+03
4.478000000000000000e+03
4.478000000000000000e+03
4.476000000000000000e+03
4.476000000000000000e+03
4.476000000000000000e+03
4.476000000000000000e+03
4.476000000000000000e+03
4.476000000000000000e+03
4.476000000000000000e+03
4.476000000000000000e+03
4.476000000000000000e+03
4.476000000000000000e+03
4.476000000000000000e+03
4.476000000000000000e+03
4.476000000000000000e+03
4.476000000000000000e+03
4.476000000000000000e+03
4.476000000000000000e+03
4.476000000000000000e+03
4.476000000000000000e+03
4.476000000000000000e+03
4.478000000000000000e+03
4.478000000000000000e+03
4.478000000000000000e+03
4.478000000000000000e+03
4.478000000000000000e+03
4.478000000000000000e+03
4.478000000000000000e+03
4.478000000000000000e+03
4.478000000000000000e+03
4.478000000000000000e+03
4.478000000000000000e+03
4.478000000000000000e+03
4.478000000000000000e+03
4.478000000000000000e+03
4.478000000000000000e+03
4.478000000000000000e+03
4.478000000000000000e+03
4.478000000000000000e+03
4.478000000000000000e+03
4.478000000000000000e+03
4.476000000000000000e+03
4.476000000000000000e+03
4.476000000000000000e+03
4.476000000000000000e+03
4.476000000000000000e+03
4.476000000000000000e+03
4.476000000000000000e+03
4.476000000000000000e+03
4.476000000000000000e+03
4.476000000000000000e+03
4.476000000000000000e+03
4.476000000000000000e+03
4.476000000000000000e+03
4.476000000000000000e+03
4.476000000000000000e+03
4.476000000000000000e+03
4.476000000000000000e+03
4.476000000000000000e+03
4.478000000000000000e+03
4.478000000000000000e+03
4.478000000000000000e+03
4.478000000000000000e+03
4.478000000000000000e+03
4.478000000000000000e+03
4.478000000000000000e+03
4.478000000000000000e+03
4.478000000000000000e+03
4.478000000000000000e+03
4.478000000000000000e+03
4.478000000000000000e+03
4.478000000000000000e+03
4.478000000000000000e+03
4.478000000000000000e+03
4.478000000000000000e+03
4.478000000000000000e+03
4.478000000000000000e+03
4.478000000000000000e+03
4.478000000000000000e+03
4.478000000000000000e+03
4.476000000000000000e+03
4.476000000000000000e+03
4.476000000000000000e+03
4.476000000000000000e+03
4.476000000000000000e+03
4.476000000000000000e+03
4.476000000000000000e+03
4.476000000000000000e+03
4.476000000000000000e+03
4.476000000000000000e+03
4.476000000000000000e+03
4.476000000000000000e+03
4.476000000000000000e+03
4.476000000000000000e+03
4.476000000000000000e+03
4.476000000000000000e+03
4.476000000000000000e+03
4.476000000000000000e+03
4.478000000000000000e+03
4.478000000000000000e+03
4.478000000000000000e+03
4.478000000000000000e+03
4.478000000000000000e+03
4.478000000000000000e+03
4.478000000000000000e+03
4.478000000000000000e+03
4.478000000000000000e+03
4.478000000000000000e+03
4.478000000000000000e+03
4.478000000000000000e+03
4.478000000000000000e+03
4.478000000000000000e+03
4.478000000000000000e+03
4.478000000000000000e+03
4.478000000000000000e+03
4.478000000000000000e+03
4.478000000000000000e+03
4.476000000000000000e+03
4.476000000000000000e+03
4.476000000000000000e+03
4.476000000000000000e+03
4.476000000000000000e+03
4.476000000000000000e+03
4.476000000000000000e+03
4.476000000000000000e+03
4.476000000000000000e+03
4.476000000000000000e+03
4.476000000000000000e+03
4.476000000000000000e+03
4.476000000000000000e+03
4.476000000000000000e+03
4.476000000000000000e+03
4.476000000000000000e+03
4.476000000000000000e+03
4.476000000000000000e+03
4.476000000000000000e+03
4.478000000000000000e+03
4.478000000000000000e+03
4.478000000000000000e+03
4.478000000000000000e+03
4.478000000000000000e+03
4.478000000000000000e+03
4.478000000000000000e+03
4.478000000000000000e+03
4.478000000000000000e+03
4.478000000000000000e+03
4.478000000000000000e+03
4.478000000000000000e+03
4.478000000000000000e+03
4.478000000000000000e+03
4.478000000000000000e+03
4.478000000000000000e+03
4.478000000000000000e+03
4.478000000000000000e+03
4.478000000000000000e+03
4.478000000000000000e+03
4.476000000000000000e+03
4.476000000000000000e+03
4.476000000000000000e+03
4.476000000000000000e+03
4.476000000000000000e+03
4.476000000000000000e+03
4.476000000000000000e+03
4.476000000000000000e+03
4.476000000000000000e+03
4.476000000000000000e+03
4.476000000000000000e+03
4.476000000000000000e+03
4.476000000000000000e+03
4.476000000000000000e+03
4.476000000000000000e+03
4.476000000000000000e+03
4.476000000000000000e+03
4.476000000000000000e+03
4.478000000000000000e+03
4.478000000000000000e+03
4.478000000000000000e+03
4.478000000000000000e+03
4.478000000000000000e+03
4.478000000000000000e+03
4.478000000000000000e+03
4.478000000000000000e+03
4.478000000000000000e+03
4.478000000000000000e+03
4.478000000000000000e+03
4.478000000000000000e+03
4.478000000000000000e+03
4.478000000000000000e+03
4.478000000000000000e+03
4.478000000000000000e+03
4.478000000000000000e+03
4.478000000000000000e+03
4.502000000000000000e+03
4.502000000000000000e+03
4.500000000000000000e+03
4.500000000000000000e+03
4.497000000000000000e+03
4.490000000000000000e+03
4.490000000000000000e+03
4.490000000000000000e+03
4.490000000000000000e+03
4.490000000000000000e+03
4.490000000000000000e+03
4.490000000000000000e+03
4.483000000000000000e+03
4.483000000000000000e+03
4.483000000000000000e+03
4.483000000000000000e+03
4.483000000000000000e+03
4.485000000000000000e+03
4.478000000000000000e+03
4.478000000000000000e+03
4.478000000000000000e+03
4.478000000000000000e+03
4.478000000000000000e+03
4.478000000000000000e+03
4.478000000000000000e+03
4.478000000000000000e+03
4.478000000000000000e+03
4.478000000000000000e+03
4.478000000000000000e+03
4.478000000000000000e+03
4.478000000000000000e+03
4.478000000000000000e+03
4.478000000000000000e+03
4.478000000000000000e+03
4.478000000000000000e+03
4.478000000000000000e+03
4.478000000000000000e+03
4.478000000000000000e+03
4.476000000000000000e+03
4.476000000000000000e+03
4.476000000000000000e+03
4.476000000000000000e+03
4.476000000000000000e+03
4.476000000000000000e+03
4.476000000000000000e+03
4.476000000000000000e+03
4.476000000000000000e+03
4.476000000000000000e+03
4.476000000000000000e+03
4.476000000000000000e+03
4.476000000000000000e+03
4.476000000000000000e+03
4.476000000000000000e+03
4.476000000000000000e+03
4.476000000000000000e+03
4.476000000000000000e+03
4.478000000000000000e+03
4.478000000000000000e+03
4.478000000000000000e+03
4.478000000000000000e+03
4.478000000000000000e+03
4.478000000000000000e+03
4.478000000000000000e+03
4.478000000000000000e+03
4.478000000000000000e+03
4.478000000000000000e+03
4.478000000000000000e+03
4.478000000000000000e+03
4.478000000000000000e+03
4.478000000000000000e+03
4.478000000000000000e+03
4.478000000000000000e+03
4.478000000000000000e+03
4.478000000000000000e+03
4.478000000000000000e+03
4.478000000000000000e+03
4.476000000000000000e+03
4.476000000000000000e+03
4.476000000000000000e+03
4.476000000000000000e+03
4.476000000000000000e+03
4.476000000000000000e+03
4.476000000000000000e+03
4.476000000000000000e+03
4.476000000000000000e+03
4.476000000000000000e+03
4.476000000000000000e+03
4.476000000000000000e+03
4.476000000000000000e+03
4.476000000000000000e+03
4.476000000000000000e+03
4.476000000000000000e+03
4.476000000000000000e+03
4.476000000000000000e+03
4.438000000000000000e+03
2.630000000000000000e+03
5.388000000000000000e+03
5.388000000000000000e+03
5.388000000000000000e+03
5.388000000000000000e+03
5.388000000000000000e+03
5.388000000000000000e+03
5.388000000000000000e+03
5.388000000000000000e+03
5.388000000000000000e+03
5.388000000000000000e+03
5.388000000000000000e+03
4.078000000000000000e+03
4.142000000000000000e+03
3.284000000000000000e+03
4.328000000000000000e+03
4.328000000000000000e+03
4.328000000000000000e+03
4.328000000000000000e+03
4.328000000000000000e+03
4.328000000000000000e+03
4.328000000000000000e+03
4.328000000000000000e+03
4.328000000000000000e+03
4.328000000000000000e+03
4.328000000000000000e+03
4.328000000000000000e+03
4.328000000000000000e+03
4.328000000000000000e+03
4.328000000000000000e+03
4.328000000000000000e+03
4.328000000000000000e+03
4.328000000000000000e+03
4.322000000000000000e+03
4.322000000000000000e+03
4.322000000000000000e+03
4.322000000000000000e+03
4.322000000000000000e+03
4.322000000000000000e+03
4.322000000000000000e+03
4.322000000000000000e+03
4.322000000000000000e+03
4.322000000000000000e+03
4.322000000000000000e+03
4.322000000000000000e+03
4.322000000000000000e+03
4.322000000000000000e+03
4.322000000000000000e+03
4.322000000000000000e+03
4.476000000000000000e+03
4.476000000000000000e+03
4.476000000000000000e+03
4.476000000000000000e+03
4.476000000000000000e+03
4.476000000000000000e+03
4.476000000000000000e+03
4.476000000000000000e+03
4.476000000000000000e+03
4.476000000000000000e+03
4.476000000000000000e+03
4.476000000000000000e+03
4.476000000000000000e+03
4.476000000000000000e+03
4.476000000000000000e+03
4.476000000000000000e+03
4.476000000000000000e+03
4.476000000000000000e+03
4.474000000000000000e+03
4.474000000000000000e+03
4.474000000000000000e+03
4.474000000000000000e+03
4.474000000000000000e+03
4.474000000000000000e+03
4.474000000000000000e+03
4.474000000000000000e+03
4.474000000000000000e+03
4.474000000000000000e+03
4.474000000000000000e+03
4.474000000000000000e+03
4.474000000000000000e+03
4.474000000000000000e+03
4.474000000000000000e+03
4.474000000000000000e+03
4.474000000000000000e+03
4.474000000000000000e+03
4.436000000000000000e+03
4.476000000000000000e+03
4.476000000000000000e+03
4.476000000000000000e+03
4.476000000000000000e+03
4.476000000000000000e+03
4.476000000000000000e+03
4.476000000000000000e+03
4.476000000000000000e+03
4.476000000000000000e+03
4.476000000000000000e+03
4.476000000000000000e+03
4.476000000000000000e+03
4.476000000000000000e+03
4.476000000000000000e+03
4.476000000000000000e+03
4.476000000000000000e+03
4.476000000000000000e+03
4.476000000000000000e+03
4.476000000000000000e+03
4.474000000000000000e+03
4.474000000000000000e+03
4.474000000000000000e+03
4.474000000000000000e+03
4.474000000000000000e+03
4.474000000000000000e+03
4.474000000000000000e+03
4.474000000000000000e+03
4.474000000000000000e+03
4.474000000000000000e+03
4.474000000000000000e+03
4.474000000000000000e+03
4.474000000000000000e+03
4.474000000000000000e+03
4.474000000000000000e+03
4.474000000000000000e+03
4.474000000000000000e+03
4.474000000000000000e+03
4.474000000000000000e+03
4.476000000000000000e+03
4.476000000000000000e+03
4.476000000000000000e+03
4.476000000000000000e+03
4.476000000000000000e+03
4.476000000000000000e+03
4.476000000000000000e+03
4.476000000000000000e+03
4.476000000000000000e+03
4.476000000000000000e+03
4.476000000000000000e+03
4.476000000000000000e+03
4.476000000000000000e+03
4.476000000000000000e+03
4.476000000000000000e+03
4.476000000000000000e+03
4.476000000000000000e+03
4.476000000000000000e+03
4.476000000000000000e+03
4.476000000000000000e+03
4.474000000000000000e+03
4.474000000000000000e+03
4.474000000000000000e+03
4.474000000000000000e+03
4.474000000000000000e+03
4.474000000000000000e+03
4.474000000000000000e+03
4.474000000000000000e+03
4.474000000000000000e+03
4.474000000000000000e+03
4.474000000000000000e+03
4.474000000000000000e+03
4.474000000000000000e+03
4.474000000000000000e+03
4.474000000000000000e+03
4.474000000000000000e+03
4.474000000000000000e+03
4.474000000000000000e+03
2.424000000000000000e+03
2.630000000000000000e+03
5.388000000000000000e+03
5.388000000000000000e+03
5.388000000000000000e+03
5.388000000000000000e+03
5.388000000000000000e+03
5.388000000000000000e+03
5.388000000000000000e+03
5.388000000000000000e+03
5.388000000000000000e+03
5.388000000000000000e+03
5.388000000000000000e+03
3.284000000000000000e+03
3.284000000000000000e+03
4.328000000000000000e+03
4.328000000000000000e+03
4.328000000000000000e+03
4.328000000000000000e+03
4.328000000000000000e+03
4.328000000000000000e+03
4.328000000000000000e+03
4.328000000000000000e+03
4.328000000000000000e+03
4.328000000000000000e+03
4.328000000000000000e+03
4.328000000000000000e+03
4.328000000000000000e+03
4.328000000000000000e+03
4.328000000000000000e+03
4.328000000000000000e+03
4.328000000000000000e+03
4.328000000000000000e+03
4.322000000000000000e+03
4.322000000000000000e+03
4.322000000000000000e+03
4.322000000000000000e+03
4.322000000000000000e+03
4.322000000000000000e+03
4.322000000000000000e+03
4.322000000000000000e+03
4.322000000000000000e+03
4.322000000000000000e+03
4.322000000000000000e+03
4.322000000000000000e+03
4.322000000000000000e+03
4.322000000000000000e+03
4.322000000000000000e+03
5.146000000000000000e+03
2.426000000000000000e+03
3.490000000000000000e+03
5.388000000000000000e+03
5.388000000000000000e+03
5.388000000000000000e+03
5.388000000000000000e+03
5.388000000000000000e+03
5.388000000000000000e+03
5.388000000000000000e+03
5.388000000000000000e+03
5.388000000000000000e+03
5.388000000000000000e+03
4.142000000000000000e+03
3.284000000000000000e+03
3.256000000000000000e+03
4.328000000000000000e+03
4.328000000000000000e+03
4.328000000000000000e+03
4.328000000000000000e+03
4.328000000000000000e+03
4.328000000000000000e+03
4.328000000000000000e+03
4.328000000000000000e+03
4.328000000000000000e+03
4.328000000000000000e+03
4.328000000000000000e+03
4.328000000000000000e+03
4.328000000000000000e+03
4.328000000000000000e+03
4.328000000000000000e+03
4.328000000000000000e+03
4.328000000000000000e+03
4.322000000000000000e+03
4.322000000000000000e+03
4.322000000000000000e+03
4.322000000000000000e+03
4.322000000000000000e+03
4.322000000000000000e+03
4.322000000000000000e+03
4.322000000000000000e+03
4.322000000000000000e+03
4.322000000000000000e+03
4.322000000000000000e+03
4.322000000000000000e+03
4.322000000000000000e+03
4.322000000000000000e+03
4.322000000000000000e+03
5.018000000000000000e+03
2.424000000000000000e+03
2.424000000000000000e+03
2.424000000000000000e+03
2.424000000000000000e+03
2.630000000000000000e+03
3.682000000000000000e+03
5.388000000000000000e+03
5.388000000000000000e+03
5.388000000000000000e+03
5.388000000000000000e+03
5.388000000000000000e+03
5.388000000000000000e+03
5.388000000000000000e+03
5.388000000000000000e+03
5.388000000000000000e+03
5.388000000000000000e+03
5.388000000000000000e+03
5.000000000000000000e+03
3.284000000000000000e+03
4.328000000000000000e+03
4.328000000000000000e+03
4.328000000000000000e+03
4.328000000000000000e+03
4.328000000000000000e+03
4.328000000000000000e+03
4.328000000000000000e+03
4.328000000000000000e+03
4.328000000000000000e+03
4.328000000000000000e+03
4.328000000000000000e+03
4.328000000000000000e+03
4.328000000000000000e+03
4.328000000000000000e+03
4.328000000000000000e+03
4.328000000000000000e+03
4.328000000000000000e+03
4.328000000000000000e+03
4.322000000000000000e+03
4.322000000000000000e+03
4.322000000000000000e+03
4.322000000000000000e+03
4.322000000000000000e+03
4.322000000000000000e+03
4.322000000000000000e+03
4.322000000000000000e+03
4.322000000000000000e+03
4.322000000000000000e+03
4.322000000000000000e+03
4.322000000000000000e+03
4.322000000000000000e+03
4.322000000000000000e+03
4.322000000000000000e+03
5.146000000000000000e+03
2.426000000000000000e+03
4.478000000000000000e+03
4.478000000000000000e+03
4.478000000000000000e+03
4.478000000000000000e+03
4.478000000000000000e+03
4.478000000000000000e+03
4.478000000000000000e+03
4.478000000000000000e+03
4.478000000000000000e+03
4.478000000000000000e+03
4.478000000000000000e+03
4.478000000000000000e+03
4.478000000000000000e+03
4.478000000000000000e+03
4.478000000000000000e+03
4.478000000000000000e+03
4.478000000000000000e+03
4.479000000000000000e+03
4.479000000000000000e+03
4.479000000000000000e+03
4.477000000000000000e+03
4.485000000000000000e+03
4.485000000000000000e+03
4.485000000000000000e+03
4.485000000000000000e+03
4.485000000000000000e+03
4.485000000000000000e+03
4.485000000000000000e+03
4.485000000000000000e+03
4.485000000000000000e+03
4.485000000000000000e+03
4.485000000000000000e+03
4.485000000000000000e+03
4.485000000000000000e+03
4.485000000000000000e+03
4.485000000000000000e+03
4.487000000000000000e+03
4.487000000000000000e+03
4.487000000000000000e+03
4.487000000000000000e+03
4.487000000000000000e+03
4.487000000000000000e+03
4.487000000000000000e+03
4.487000000000000000e+03
4.487000000000000000e+03
4.487000000000000000e+03
4.487000000000000000e+03
4.488000000000000000e+03
4.488000000000000000e+03
4.488000000000000000e+03
4.488000000000000000e+03
4.488000000000000000e+03
4.488000000000000000e+03
4.488000000000000000e+03
4.524000000000000000e+03
4.522000000000000000e+03
4.526000000000000000e+03
4.528000000000000000e+03
4.529000000000000000e+03
4.529000000000000000e+03
4.528000000000000000e+03
4.529000000000000000e+03
4.529000000000000000e+03
4.530000000000000000e+03
4.530000000000000000e+03
4.530000000000000000e+03
4.530000000000000000e+03
4.530000000000000000e+03
4.530000000000000000e+03
4.530000000000000000e+03
4.530000000000000000e+03
4.532000000000000000e+03
4.532000000000000000e+03
4.532000000000000000e+03
4.532000000000000000e+03
4.533000000000000000e+03
4.533000000000000000e+03
4.533000000000000000e+03
4.533000000000000000e+03
4.533000000000000000e+03
4.533000000000000000e+03
4.533000000000000000e+03
4.533000000000000000e+03
4.533000000000000000e+03
4.533000000000000000e+03
4.533000000000000000e+03
4.532000000000000000e+03
4.517000000000000000e+03
4.517000000000000000e+03
4.520000000000000000e+03
4.520000000000000000e+03
4.518000000000000000e+03
4.515000000000000000e+03
4.509000000000000000e+03
4.513000000000000000e+03
4.513000000000000000e+03
4.513000000000000000e+03
4.513000000000000000e+03
4.513000000000000000e+03
4.513000000000000000e+03
4.514000000000000000e+03
4.514000000000000000e+03
4.514000000000000000e+03
4.513000000000000000e+03
4.513000000000000000e+03
4.513000000000000000e+03
4.513000000000000000e+03
4.513000000000000000e+03
4.513000000000000000e+03
4.515000000000000000e+03
4.515000000000000000e+03
4.515000000000000000e+03
4.515000000000000000e+03
4.514000000000000000e+03
4.514000000000000000e+03
4.514000000000000000e+03
4.515000000000000000e+03
4.515000000000000000e+03
4.515000000000000000e+03
4.515000000000000000e+03
4.515000000000000000e+03
4.515000000000000000e+03
4.515000000000000000e+03
4.515000000000000000e+03
4.514000000000000000e+03
4.514000000000000000e+03
4.514000000000000000e+03
4.514000000000000000e+03
4.514000000000000000e+03
4.512000000000000000e+03
4.512000000000000000e+03
4.510000000000000000e+03
4.510000000000000000e+03
4.510000000000000000e+03
4.503000000000000000e+03
4.498000000000000000e+03
4.498000000000000000e+03
4.495000000000000000e+03
4.495000000000000000e+03
4.495000000000000000e+03
4.495000000000000000e+03
4.495000000000000000e+03
4.495000000000000000e+03
4.495000000000000000e+03
4.500000000000000000e+03
4.500000000000000000e+03
4.502000000000000000e+03
4.502000000000000000e+03
4.504000000000000000e+03
4.506000000000000000e+03
4.509000000000000000e+03
4.509000000000000000e+03
4.509000000000000000e+03
4.509000000000000000e+03
4.509000000000000000e+03
4.509000000000000000e+03
4.509000000000000000e+03
4.509000000000000000e+03
4.509000000000000000e+03
4.509000000000000000e+03
4.509000000000000000e+03
4.509000000000000000e+03
4.509000000000000000e+03
4.509000000000000000e+03
4.509000000000000000e+03
4.509000000000000000e+03
4.507000000000000000e+03
4.506000000000000000e+03
4.506000000000000000e+03
4.506000000000000000e+03
4.506000000000000000e+03
4.506000000000000000e+03
4.506000000000000000e+03
4.506000000000000000e+03
4.506000000000000000e+03
4.506000000000000000e+03
4.506000000000000000e+03
4.506000000000000000e+03
4.506000000000000000e+03
4.506000000000000000e+03
4.505000000000000000e+03
4.505000000000000000e+03
4.505000000000000000e+03
3.891000000000000000e+03
2.661000000000000000e+03
5.419000000000000000e+03
5.419000000000000000e+03
5.419000000000000000e+03
5.419000000000000000e+03
5.419000000000000000e+03
5.419000000000000000e+03
5.419000000000000000e+03
5.419000000000000000e+03
5.419000000000000000e+03
5.419000000000000000e+03
4.019000000000000000e+03
3.315000000000000000e+03
3.318000000000000000e+03
2.454000000000000000e+03
1.816000000000000000e+03
9.580000000000000000e+02
9.580000000000000000e+02
9.580000000000000000e+02
9.580000000000000000e+02
9.580000000000000000e+02
9.580000000000000000e+02
9.590000000000000000e+02
9.590000000000000000e+02
9.620000000000000000e+02
9.620000000000000000e+02
9.620000000000000000e+02
9.640000000000000000e+02
9.640000000000000000e+02
9.640000000000000000e+02
9.640000000000000000e+02
9.640000000000000000e+02
9.640000000000000000e+02
9.640000000000000000e+02
9.660000000000000000e+02
9.680000000000000000e+02
9.660000000000000000e+02
9.660000000000000000e+02
9.660000000000000000e+02
9.660000000000000000e+02
9.660000000000000000e+02
9.640000000000000000e+02
9.640000000000000000e+02
9.640000000000000000e+02
9.610000000000000000e+02
9.570000000000000000e+02
7.170000000000000000e+02
