3.481011718750000000e+03
3.498570312500000000e+03
3.511902343750000000e+03
3.509898437500000000e+03
3.541769531250000000e+03
3.566566406250000000e+03
3.572089843750000000e+03
3.653699218750000000e+03
3.684488281250000000e+03
3.692074218750000000e+03
3.711636718750000000e+03
3.722949218750000000e+03
3.736660156250000000e+03
3.760144531250000000e+03
3.753921875000000000e+03
3.765976562500000000e+03
3.875914062500000000e+03
3.878339843750000000e+03
3.884933593750000000e+03
3.890800781250000000e+03
3.898566406250000000e+03
3.901242187500000000e+03
3.904640625000000000e+03
3.906320312500000000e+03
3.903648437500000000e+03
3.903636718750000000e+03
3.903871093750000000e+03
3.903929687500000000e+03
3.903937500000000000e+03
3.903953125000000000e+03
3.904445312500000000e+03
3.906097656250000000e+03
3.907621093750000000e+03
3.940484375000000000e+03
3.947250000000000000e+03
3.956453125000000000e+03
3.972925781250000000e+03
3.965066406250000000e+03
3.967468750000000000e+03
3.977386718750000000e+03
3.983441406250000000e+03
3.990160156250000000e+03
4.001066406250000000e+03
4.001703125000000000e+03
4.006527343750000000e+03
4.004773437500000000e+03
4.012851562500000000e+03
4.012992187500000000e+03
4.022921875000000000e+03
4.035058593750000000e+03
4.033941406250000000e+03
4.026625000000000000e+03
4.039167968750000000e+03
4.064683593750000000e+03
4.078875000000000000e+03
4.097347656250000000e+03
4.123410156250000000e+03
4.202328125000000000e+03
4.313769531250000000e+03
4.312980468750000000e+03
4.329667968750000000e+03
4.354843750000000000e+03
4.356351562500000000e+03
4.367890625000000000e+03
4.377996093750000000e+03
4.392085937500000000e+03
4.401500000000000000e+03
4.411136718750000000e+03
4.422953125000000000e+03
4.436242187500000000e+03
4.454664062500000000e+03
4.466132812500000000e+03
4.490281250000000000e+03
4.491820312500000000e+03
4.504742187500000000e+03
4.523187500000000000e+03
4.534726562500000000e+03
4.545910156250000000e+03
4.549515625000000000e+03
4.568207031250000000e+03
4.569347656250000000e+03
4.573992187500000000e+03
4.588074218750000000e+03
4.580238281250000000e+03
4.585250000000000000e+03
4.589363281250000000e+03
4.590535156250000000e+03
4.591917968750000000e+03
4.617308593750000000e+03
4.615144531250000000e+03
4.615132812500000000e+03
4.606449218750000000e+03
4.640562500000000000e+03
4.640269531250000000e+03
4.644261718750000000e+03
4.640933593750000000e+03
4.641351562500000000e+03
4.654898437500000000e+03
4.647515625000000000e+03
4.660792968750000000e+03
4.655562500000000000e+03
4.900234375000000000e+03
4.933531250000000000e+03
4.874707031250000000e+03
5.003449218750000000e+03
5.018015625000000000e+03
4.973937500000000000e+03
4.953132812500000000e+03
4.982328125000000000e+03
5.049953125000000000e+03
5.036750000000000000e+03
5.037566406250000000e+03
5.057792968750000000e+03
5.063093750000000000e+03
5.057867187500000000e+03
5.062042968750000000e+03
5.066640625000000000e+03
5.070621093750000000e+03
5.083105468750000000e+03
5.084484375000000000e+03
5.085449218750000000e+03
5.098761718750000000e+03
5.085093750000000000e+03
5.089300781250000000e+03
5.093734375000000000e+03
5.100046875000000000e+03
5.107847656250000000e+03
5.112308593750000000e+03
5.123984375000000000e+03
5.126613281250000000e+03
5.133609375000000000e+03
5.152101562500000000e+03
5.139867187500000000e+03
5.145617187500000000e+03
5.147359375000000000e+03
4.992042968750000000e+03
4.993910156250000000e+03
4.996437500000000000e+03
4.997617187500000000e+03
4.997839843750000000e+03
4.996644531250000000e+03
5.010460937500000000e+03
4.998015625000000000e+03
4.998531250000000000e+03
5.011503906250000000e+03
4.998527343750000000e+03
5.001347656250000000e+03
5.005617187500000000e+03
5.012859375000000000e+03
5.017035156250000000e+03
5.022023437500000000e+03
5.037472656250000000e+03
5.054441406250000000e+03
5.058941406250000000e+03
5.061027343750000000e+03
5.064464843750000000e+03
5.063722656250000000e+03
5.064539062500000000e+03
5.085539062500000000e+03
5.064753906250000000e+03
5.057011718750000000e+03
5.070738281250000000e+03
5.061394531250000000e+03
5.061488281250000000e+03
5.067226562500000000e+03
5.070007812500000000e+03
5.073652343750000000e+03
5.073910156250000000e+03
5.085988281250000000e+03
5.080703125000000000e+03
5.081128906250000000e+03
5.093406250000000000e+03
5.080890625000000000e+03
5.090191406250000000e+03
5.111117187500000000e+03
5.234960937500000000e+03
5.234519531250000000e+03
5.246828125000000000e+03
5.235886718750000000e+03
5.235875000000000000e+03
5.249089843750000000e+03
5.208429687500000000e+03
5.207097656250000000e+03
5.206269531250000000e+03
5.206515625000000000e+03
5.206632812500000000e+03
5.207621093750000000e+03
5.206460937500000000e+03
5.206417968750000000e+03
5.206339843750000000e+03
5.218199218750000000e+03
5.206164062500000000e+03
5.206070312500000000e+03
5.219484375000000000e+03
5.207113281250000000e+03
5.206988281250000000e+03
5.219578125000000000e+03
5.207332031250000000e+03
5.207886718750000000e+03
5.207449218750000000e+03
5.210089843750000000e+03
5.207816406250000000e+03
5.209652343750000000e+03
5.209738281250000000e+03
5.209738281250000000e+03
5.208957031250000000e+03
5.209191406250000000e+03
5.222191406250000000e+03
5.209222656250000000e+03
5.209136718750000000e+03
5.209375000000000000e+03
5.221187500000000000e+03
5.208957031250000000e+03
5.210125000000000000e+03
5.210113281250000000e+03
5.214285156250000000e+03
5.210347656250000000e+03
5.210335937500000000e+03
5.210308593750000000e+03
5.210308593750000000e+03
5.210296875000000000e+03
5.210300781250000000e+03
5.222902343750000000e+03
5.209542968750000000e+03
5.209304687500000000e+03
5.208792968750000000e+03
5.221300781250000000e+03
5.208593750000000000e+03
5.208769531250000000e+03
5.208757812500000000e+03
5.210851562500000000e+03
5.208933593750000000e+03
5.234160156250000000e+03
5.266808593750000000e+03
5.256070312500000000e+03
5.263968750000000000e+03
5.262093750000000000e+03
5.261343750000000000e+03
5.261578125000000000e+03
5.261265625000000000e+03
5.222109375000000000e+03
5.207246093750000000e+03
5.201437500000000000e+03
5.201183593750000000e+03
5.213183593750000000e+03
5.200871093750000000e+03
5.202816406250000000e+03
5.200898437500000000e+03
5.201121093750000000e+03
5.200875000000000000e+03
5.206476562500000000e+03
5.200082031250000000e+03
5.199835937500000000e+03
5.212746093750000000e+03
5.200269531250000000e+03
5.200042968750000000e+03
5.200281250000000000e+03
5.204734375000000000e+03
5.200167968750000000e+03
5.200238281250000000e+03
5.213082031250000000e+03
5.200273437500000000e+03
5.202960937500000000e+03
5.202480468750000000e+03
5.211281250000000000e+03
5.197128906250000000e+03
5.198738281250000000e+03
5.202707031250000000e+03
5.200648437500000000e+03
5.231167968750000000e+03
5.197914062500000000e+03
5.209996093750000000e+03
5.198554687500000000e+03
5.198640625000000000e+03
5.198878906250000000e+03
5.211625000000000000e+03
5.198812500000000000e+03
5.198566406250000000e+03
5.198792968750000000e+03
5.211085937500000000e+03
5.199300781250000000e+03
5.198789062500000000e+03
5.199628906250000000e+03
5.202582031250000000e+03
5.197265625000000000e+03
5.197652343750000000e+03
5.197886718750000000e+03
5.197699218750000000e+03
5.197875000000000000e+03
5.197863281250000000e+03
5.210589843750000000e+03
5.200355468750000000e+03
5.200277343750000000e+03
5.199789062500000000e+03
5.212828125000000000e+03
5.200101562500000000e+03
5.200148437500000000e+03
5.200089843750000000e+03
5.200277343750000000e+03
5.199898437500000000e+03
5.199652343750000000e+03
5.200207031250000000e+03
5.213261718750000000e+03
5.201140625000000000e+03
5.200039062500000000e+03
5.199921875000000000e+03
5.211871093750000000e+03
5.199218750000000000e+03
5.199390625000000000e+03
5.199566406250000000e+03
5.199378906250000000e+03
5.199179687500000000e+03
5.199355468750000000e+03
5.199328125000000000e+03
5.199328125000000000e+03
5.199300781250000000e+03
5.199320312500000000e+03
5.199496093750000000e+03
5.199308593750000000e+03
5.198230468750000000e+03
5.202382812500000000e+03
5.204921875000000000e+03
5.208902343750000000e+03
5.221679687500000000e+03
5.199042968750000000e+03
5.206824218750000000e+03
5.210753906250000000e+03
5.211003906250000000e+03
5.211839843750000000e+03
5.233835937500000000e+03
5.236109375000000000e+03
5.203718750000000000e+03
5.217093750000000000e+03
5.209074218750000000e+03
5.211558593750000000e+03
5.216457031250000000e+03
5.204324218750000000e+03
5.199664062500000000e+03
5.199675781250000000e+03
5.211968750000000000e+03
5.199976562500000000e+03
5.199687500000000000e+03
5.199351562500000000e+03
5.213500000000000000e+03
5.200925781250000000e+03
5.199382812500000000e+03
5.199183593750000000e+03
5.211070312500000000e+03
5.198433593750000000e+03
5.198542968750000000e+03
5.198414062500000000e+03
5.198210937500000000e+03
5.198371093750000000e+03
5.198359375000000000e+03
5.210867187500000000e+03
5.198578125000000000e+03
5.198472656250000000e+03
5.199093750000000000e+03
5.211804687500000000e+03
5.198808593750000000e+03
5.198550781250000000e+03
5.198785156250000000e+03
5.200937500000000000e+03
5.200980468750000000e+03
5.198984375000000000e+03
5.198433593750000000e+03
5.198230468750000000e+03
5.198300781250000000e+03
5.200390625000000000e+03
5.213132812500000000e+03
5.200132812500000000e+03
5.200121093750000000e+03
5.200109375000000000e+03
5.212863281250000000e+03
5.200097656250000000e+03
5.199832031250000000e+03
5.199757812500000000e+03
5.213062500000000000e+03
5.200066406250000000e+03
5.200054687500000000e+03
5.200042968750000000e+03
5.212035156250000000e+03
5.199429687500000000e+03
5.201488281250000000e+03
5.200058593750000000e+03
5.212207031250000000e+03
5.199660156250000000e+03
5.200093750000000000e+03
5.197546875000000000e+03
5.197675781250000000e+03
5.197484375000000000e+03
5.198058593750000000e+03
5.198031250000000000e+03
5.197843750000000000e+03
5.197152343750000000e+03
5.197261718750000000e+03
5.197511718750000000e+03
5.197453125000000000e+03
5.197875000000000000e+03
5.198003906250000000e+03
5.197742187500000000e+03
5.197554687500000000e+03
5.197730468750000000e+03
5.197410156250000000e+03
5.211734375000000000e+03
5.198734375000000000e+03
5.197500000000000000e+03
5.198613281250000000e+03
5.202292968750000000e+03
5.198601562500000000e+03
5.198343750000000000e+03
5.198332031250000000e+03
5.198144531250000000e+03
5.198320312500000000e+03
5.197945312500000000e+03
5.197933593750000000e+03
5.197730468750000000e+03
5.198167968750000000e+03
5.198562500000000000e+03
5.198367187500000000e+03
5.198550781250000000e+03
5.198726562500000000e+03
5.198902343750000000e+03
5.211468750000000000e+03
5.198066406250000000e+03
5.197937500000000000e+03
5.197730468750000000e+03
5.200250000000000000e+03
5.198218750000000000e+03
5.197609375000000000e+03
5.197769531250000000e+03
5.197769531250000000e+03
5.197554687500000000e+03
5.197730468750000000e+03
5.210515625000000000e+03
5.197578125000000000e+03
5.197519531250000000e+03
5.197507812500000000e+03
5.210000000000000000e+03
5.197496093750000000e+03
5.197730468750000000e+03
5.197718750000000000e+03
5.209964843750000000e+03
5.197519531250000000e+03
5.200019531250000000e+03
5.199332031250000000e+03
5.211523437500000000e+03
5.198800781250000000e+03
5.198023437500000000e+03
5.198289062500000000e+03
5.198289062500000000e+03
5.198449218750000000e+03
5.198742187500000000e+03
5.198179687500000000e+03
5.197992187500000000e+03
5.198027343750000000e+03
5.198328125000000000e+03
5.208726562500000000e+03
5.198562500000000000e+03
5.198289062500000000e+03
5.198031250000000000e+03
5.197843750000000000e+03
5.197792968750000000e+03
5.198027343750000000e+03
5.199468750000000000e+03
5.199285156250000000e+03
5.199867187500000000e+03
5.200058593750000000e+03
5.212800781250000000e+03
5.199824218750000000e+03
5.200058593750000000e+03
5.202015625000000000e+03
5.213664062500000000e+03
5.200871093750000000e+03
5.201601562500000000e+03
5.202898437500000000e+03
5.203531250000000000e+03
5.202343750000000000e+03
5.202035156250000000e+03
5.201976562500000000e+03
5.205843750000000000e+03
5.201812500000000000e+03
5.201566406250000000e+03
5.213718750000000000e+03
5.201750000000000000e+03
5.200906250000000000e+03
5.200894531250000000e+03
5.213402343750000000e+03
5.201679687500000000e+03
5.200558593750000000e+03
5.201257812500000000e+03
5.214824218750000000e+03
5.202472656250000000e+03
5.202648437500000000e+03
5.202449218750000000e+03
5.214898437500000000e+03
5.202437500000000000e+03
5.202425781250000000e+03
5.202601562500000000e+03
5.204320312500000000e+03
5.202402343750000000e+03
5.202578125000000000e+03
5.202257812500000000e+03
5.202257812500000000e+03
5.201375000000000000e+03
5.203582031250000000e+03
5.202968750000000000e+03
5.203281250000000000e+03
5.203253906250000000e+03
5.217667968750000000e+03
5.203257812500000000e+03
5.203246093750000000e+03
5.202578125000000000e+03
5.204941406250000000e+03
5.202761718750000000e+03
5.202750000000000000e+03
5.215503906250000000e+03
5.202535156250000000e+03
5.202710937500000000e+03
5.203093750000000000e+03
5.215437500000000000e+03
5.203164062500000000e+03
5.201917968750000000e+03
5.202109375000000000e+03
5.206167968750000000e+03
5.203734375000000000e+03
5.202992187500000000e+03
5.215730468750000000e+03
5.202964843750000000e+03
5.202707031250000000e+03
5.202695312500000000e+03
5.202507812500000000e+03
5.202496093750000000e+03
5.202917968750000000e+03
5.202906250000000000e+03
5.202718750000000000e+03
5.202707031250000000e+03
5.202832031250000000e+03
5.202066406250000000e+03
5.201945312500000000e+03
5.201875000000000000e+03
5.201863281250000000e+03
5.202230468750000000e+03
5.201851562500000000e+03
5.202304687500000000e+03
5.203128906250000000e+03
5.204429687500000000e+03
5.202511718750000000e+03
5.202550781250000000e+03
5.202417968750000000e+03
5.202312500000000000e+03
5.202808593750000000e+03
5.201968750000000000e+03
5.215027343750000000e+03
5.202261718750000000e+03
5.202191406250000000e+03
5.201960937500000000e+03
5.214613281250000000e+03
5.202324218750000000e+03
5.202199218750000000e+03
5.202375000000000000e+03
5.216453125000000000e+03
5.201773437500000000e+03
5.201960937500000000e+03
5.202398437500000000e+03
5.206695312500000000e+03
5.203375000000000000e+03
5.202824218750000000e+03
5.203332031250000000e+03
5.203332031250000000e+03
5.203304687500000000e+03
5.203292968750000000e+03
5.216296875000000000e+03
5.201285156250000000e+03
5.201242187500000000e+03
5.201109375000000000e+03
5.215644531250000000e+03
5.201031250000000000e+03
5.200960937500000000e+03
5.202464843750000000e+03
5.201222656250000000e+03
5.201777343750000000e+03
5.201839843750000000e+03
5.201769531250000000e+03
5.201769531250000000e+03
5.202523437500000000e+03
5.202289062500000000e+03
5.213773437500000000e+03
5.201312500000000000e+03
5.201113281250000000e+03
5.201199218750000000e+03
5.213707031250000000e+03
5.201187500000000000e+03
5.201144531250000000e+03
5.201148437500000000e+03
5.213656250000000000e+03
5.200949218750000000e+03
5.200886718750000000e+03
5.201132812500000000e+03
5.201175781250000000e+03
5.201335937500000000e+03
5.201355468750000000e+03
5.214109375000000000e+03
5.201343750000000000e+03
5.200269531250000000e+03
5.200558593750000000e+03
5.215292968750000000e+03
5.200890625000000000e+03
5.201730468750000000e+03
5.214507812500000000e+03
5.201675781250000000e+03
5.201359375000000000e+03
5.201160156250000000e+03
5.214101562500000000e+03
5.201335937500000000e+03
5.200285156250000000e+03
5.200148437500000000e+03
5.202183593750000000e+03
5.200757812500000000e+03
5.200992187500000000e+03
5.213253906250000000e+03
5.200980468750000000e+03
5.200968750000000000e+03
5.200957031250000000e+03
5.215355468750000000e+03
5.200511718750000000e+03
5.202140625000000000e+03
5.214894531250000000e+03
5.202621093750000000e+03
5.201515625000000000e+03
5.201503906250000000e+03
5.203410156250000000e+03
5.200585937500000000e+03
5.201007812500000000e+03
5.213734375000000000e+03
5.201011718750000000e+03
5.200992187500000000e+03
5.200820312500000000e+03
5.200769531250000000e+03
5.200960937500000000e+03
5.201460937500000000e+03
5.213789062500000000e+03
5.201773437500000000e+03
5.201820312500000000e+03
5.202625000000000000e+03
5.216859375000000000e+03
5.204261718750000000e+03
5.203332031250000000e+03
5.203917968750000000e+03
5.202675781250000000e+03
5.202722656250000000e+03
5.203027343750000000e+03
5.215371093750000000e+03
5.202968750000000000e+03
5.202789062500000000e+03
5.202531250000000000e+03
5.214488281250000000e+03
5.202472656250000000e+03
5.202648437500000000e+03
5.202753906250000000e+03
5.202187500000000000e+03
5.202988281250000000e+03
5.203437500000000000e+03
5.214878906250000000e+03
5.202417968750000000e+03
5.202593750000000000e+03
5.202492187500000000e+03
5.202343750000000000e+03
5.202273437500000000e+03
5.202058593750000000e+03
5.213824218750000000e+03
5.201289062500000000e+03
5.201277343750000000e+03
5.201234375000000000e+03
5.214019531250000000e+03
5.203042968750000000e+03
5.203218750000000000e+03
5.203757812500000000e+03
5.216406250000000000e+03
5.203625000000000000e+03
5.203687500000000000e+03
5.203757812500000000e+03
5.216238281250000000e+03
5.203503906250000000e+03
5.203445312500000000e+03
5.203792968750000000e+03
5.219636718750000000e+03
5.205820312500000000e+03
5.205820312500000000e+03
5.218691406250000000e+03
5.206308593750000000e+03
5.205804687500000000e+03
5.218082031250000000e+03
5.205359375000000000e+03
5.205519531250000000e+03
5.205343750000000000e+03
5.217597656250000000e+03
5.205324218750000000e+03
5.205500000000000000e+03
5.205457031250000000e+03
5.209644531250000000e+03
5.205476562500000000e+03
5.205277343750000000e+03
5.203222656250000000e+03
5.206851562500000000e+03
5.202609375000000000e+03
5.202765625000000000e+03
5.208109375000000000e+03
5.203472656250000000e+03
5.203183593750000000e+03
5.215632812500000000e+03
5.202679687500000000e+03
5.203234375000000000e+03
5.204050781250000000e+03
5.215312500000000000e+03
5.202835937500000000e+03
5.202519531250000000e+03
5.202804687500000000e+03
5.206617187500000000e+03
5.202925781250000000e+03
5.201835937500000000e+03
5.202136718750000000e+03
5.201933593750000000e+03
5.201617187500000000e+03
5.201792968750000000e+03
5.200855468750000000e+03
5.200855468750000000e+03
5.202855468750000000e+03
5.201667968750000000e+03
5.214117187500000000e+03
5.201656250000000000e+03
5.201589843750000000e+03
5.201699218750000000e+03
5.205507812500000000e+03
5.201437500000000000e+03
5.201125000000000000e+03
5.201429687500000000e+03
5.201242187500000000e+03
5.201417968750000000e+03
5.201652343750000000e+03
5.214406250000000000e+03
5.201640625000000000e+03
5.201601562500000000e+03
5.201589843750000000e+03
5.214046875000000000e+03
5.201636718750000000e+03
5.201558593750000000e+03
5.204019531250000000e+03
5.203640625000000000e+03
5.202285156250000000e+03
5.202257812500000000e+03
5.216277343750000000e+03
5.201753906250000000e+03
5.202003906250000000e+03
5.201992187500000000e+03
5.205804687500000000e+03
5.201734375000000000e+03
5.201722656250000000e+03
5.201710937500000000e+03
5.201523437500000000e+03
5.201945312500000000e+03
5.201933593750000000e+03
5.214687500000000000e+03
5.201734375000000000e+03
5.201722656250000000e+03
5.201527343750000000e+03
5.205578125000000000e+03
5.203363281250000000e+03
5.202835937500000000e+03
5.217304687500000000e+03
5.203011718750000000e+03
5.203082031250000000e+03
5.202523437500000000e+03
5.202328125000000000e+03
5.202148437500000000e+03
5.201949218750000000e+03
5.214718750000000000e+03
5.203917968750000000e+03
5.204039062500000000e+03
5.204027343750000000e+03
5.216535156250000000e+03
5.203769531250000000e+03
5.202964843750000000e+03
5.203511718750000000e+03
5.215773437500000000e+03
5.203746093750000000e+03
5.203734375000000000e+03
5.203722656250000000e+03
5.206792968750000000e+03
5.203117187500000000e+03
5.202566406250000000e+03
5.215089843750000000e+03
5.202390625000000000e+03
5.202425781250000000e+03
5.202433593750000000e+03
5.202433593750000000e+03
5.202421875000000000e+03
5.202519531250000000e+03
5.215425781250000000e+03
5.202472656250000000e+03
5.202648437500000000e+03
5.202636718750000000e+03
5.204789062500000000e+03
5.202871093750000000e+03
5.202859375000000000e+03
5.202406250000000000e+03
5.202414062500000000e+03
5.202589843750000000e+03
5.205023437500000000e+03
5.206515625000000000e+03
5.204597656250000000e+03
5.204226562500000000e+03
5.204214843750000000e+03
5.204027343750000000e+03
5.204000000000000000e+03
5.204191406250000000e+03
5.216933593750000000e+03
5.203933593750000000e+03
5.203921875000000000e+03
5.203894531250000000e+03
5.216156250000000000e+03
5.203695312500000000e+03
5.203886718750000000e+03
5.203875000000000000e+03
5.203687500000000000e+03
5.203863281250000000e+03
5.203851562500000000e+03
5.208156250000000000e+03
5.204777343750000000e+03
5.204007812500000000e+03
5.203996093750000000e+03
5.203808593750000000e+03
5.203984375000000000e+03
5.203972656250000000e+03
5.215980468750000000e+03
5.203023437500000000e+03
5.202980468750000000e+03
5.201964843750000000e+03
5.206488281250000000e+03
5.202433593750000000e+03
5.200945312500000000e+03
5.201871093750000000e+03
5.201765625000000000e+03
5.201941406250000000e+03
5.201406250000000000e+03
5.215835937500000000e+03
5.201011718750000000e+03
5.201191406250000000e+03
5.203621093750000000e+03
5.203039062500000000e+03
5.203214843750000000e+03
5.202902343750000000e+03
5.217546875000000000e+03
5.202890625000000000e+03
5.202792968750000000e+03
5.202347656250000000e+03
5.202445312500000000e+03
5.201671875000000000e+03
5.201675781250000000e+03
5.205542968750000000e+03
5.202250000000000000e+03
5.202101562500000000e+03
5.214558593750000000e+03
5.202113281250000000e+03
5.202222656250000000e+03
5.203699218750000000e+03
5.207054687500000000e+03
5.202546875000000000e+03
5.203492187500000000e+03
5.203859375000000000e+03
5.204242187500000000e+03
5.203808593750000000e+03
5.203855468750000000e+03
5.216304687500000000e+03
5.203230468750000000e+03
5.203082031250000000e+03
5.203726562500000000e+03
5.203621093750000000e+03
5.215824218750000000e+03
5.203289062500000000e+03
5.203718750000000000e+03
5.203472656250000000e+03
5.207167968750000000e+03
5.203230468750000000e+03
5.203218750000000000e+03
5.203199218750000000e+03
5.203027343750000000e+03
5.203203125000000000e+03
5.203207031250000000e+03
5.217511718750000000e+03
5.203644531250000000e+03
5.202800781250000000e+03
5.202265625000000000e+03
5.202093750000000000e+03
5.201910156250000000e+03
5.202085937500000000e+03
5.214332031250000000e+03
5.202042968750000000e+03
5.202046875000000000e+03
5.215035156250000000e+03
5.202035156250000000e+03
5.202210937500000000e+03
5.201980468750000000e+03
5.206226562500000000e+03
5.202156250000000000e+03
5.202394531250000000e+03
5.215105468750000000e+03
5.202570312500000000e+03
5.202578125000000000e+03
5.204511718750000000e+03
5.204148437500000000e+03
5.203261718750000000e+03
5.203621093750000000e+03
5.216160156250000000e+03
5.204003906250000000e+03
5.204074218750000000e+03
5.203539062500000000e+03
5.205476562500000000e+03
5.203542968750000000e+03
5.203546875000000000e+03
5.216039062500000000e+03
5.203761718750000000e+03
5.203921875000000000e+03
5.203433593750000000e+03
5.207128906250000000e+03
5.203453125000000000e+03
5.203628906250000000e+03
5.216179687500000000e+03
5.201386718750000000e+03
5.202539062500000000e+03
5.201425781250000000e+03
5.205222656250000000e+03
5.201039062500000000e+03
5.199839843750000000e+03
5.212468750000000000e+03
5.199828125000000000e+03
5.200195312500000000e+03
5.200355468750000000e+03
5.202097656250000000e+03
5.200109375000000000e+03
5.200300781250000000e+03
5.199582031250000000e+03
5.199726562500000000e+03
5.199910156250000000e+03
5.199914062500000000e+03
5.212175781250000000e+03
5.200148437500000000e+03
5.200105468750000000e+03
5.200488281250000000e+03
5.205121093750000000e+03
5.201769531250000000e+03
5.200707031250000000e+03
5.213488281250000000e+03
5.200488281250000000e+03
5.200160156250000000e+03
5.200433593750000000e+03
5.214484375000000000e+03
5.201062500000000000e+03
5.201378906250000000e+03
5.200843750000000000e+03
5.200671875000000000e+03
5.200847656250000000e+03
5.200574218750000000e+03
5.212777343750000000e+03
5.200750000000000000e+03
5.200687500000000000e+03
5.213914062500000000e+03
5.200710937500000000e+03
5.200871093750000000e+03
5.213890625000000000e+03
5.202972656250000000e+03
5.202242187500000000e+03
5.213996093750000000e+03
5.201460937500000000e+03
5.201281250000000000e+03
5.201472656250000000e+03
5.213718750000000000e+03
5.201429687500000000e+03
5.201695312500000000e+03
5.201683593750000000e+03
5.205101562500000000e+03
5.203359375000000000e+03
5.201347656250000000e+03
5.200917968750000000e+03
5.200539062500000000e+03
5.200300781250000000e+03
5.200261718750000000e+03
5.200312500000000000e+03
5.200488281250000000e+03
5.201113281250000000e+03
5.215109375000000000e+03
5.202691406250000000e+03
5.202191406250000000e+03
5.201656250000000000e+03
5.215890625000000000e+03
5.201480468750000000e+03
5.201664062500000000e+03
5.201621093750000000e+03
5.201621093750000000e+03
5.201625000000000000e+03
5.201644531250000000e+03
5.213886718750000000e+03
5.201410156250000000e+03
5.201570312500000000e+03
5.213796875000000000e+03
5.201382812500000000e+03
5.201937500000000000e+03
5.214386718750000000e+03
5.201910156250000000e+03
5.202085937500000000e+03
5.214941406250000000e+03
5.200843750000000000e+03
5.213222656250000000e+03
5.212843750000000000e+03
5.212843750000000000e+03
5.200523437500000000e+03
5.215179687500000000e+03
5.201000000000000000e+03
5.200945312500000000e+03
5.213312500000000000e+03
5.200757812500000000e+03
5.200109375000000000e+03
5.200187500000000000e+03
5.200015625000000000e+03
5.200925781250000000e+03
5.201082031250000000e+03
5.212902343750000000e+03
5.200441406250000000e+03
5.200625000000000000e+03
5.213640625000000000e+03
5.202347656250000000e+03
5.202054687500000000e+03
5.199781250000000000e+03
5.204101562500000000e+03
5.199566406250000000e+03
5.199554687500000000e+03
5.211800781250000000e+03
5.199265625000000000e+03
5.199648437500000000e+03
5.199828125000000000e+03
5.199265625000000000e+03
5.198933593750000000e+03
5.198949218750000000e+03
5.211445312500000000e+03
5.199171875000000000e+03
5.198898437500000000e+03
5.199164062500000000e+03
5.213882812500000000e+03
5.199210937500000000e+03
5.199390625000000000e+03
5.199378906250000000e+03
5.201082031250000000e+03
5.200316406250000000e+03
5.199421875000000000e+03
5.212398437500000000e+03
5.199429687500000000e+03
5.197019531250000000e+03
5.197457031250000000e+03
5.197253906250000000e+03
5.197550781250000000e+03
5.197539062500000000e+03
5.209832031250000000e+03
5.197558593750000000e+03
5.197515625000000000e+03
5.197046875000000000e+03
5.197234375000000000e+03
5.197425781250000000e+03
5.197582031250000000e+03
5.209792968750000000e+03
5.197750000000000000e+03
5.197468750000000000e+03
5.212546875000000000e+03
5.200316406250000000e+03
5.200261718750000000e+03
5.201796875000000000e+03
5.201757812500000000e+03
5.201546875000000000e+03
5.201414062500000000e+03
5.214199218750000000e+03
5.201433593750000000e+03
5.200570312500000000e+03
5.200203125000000000e+03
5.200140625000000000e+03
5.198941406250000000e+03
5.200878906250000000e+03
5.212632812500000000e+03
5.200156250000000000e+03
5.200578125000000000e+03
5.200582031250000000e+03
5.200886718750000000e+03
5.200816406250000000e+03
5.203035156250000000e+03
5.214789062500000000e+03
5.202007812500000000e+03
5.202609375000000000e+03
5.202695312500000000e+03
5.204574218750000000e+03
5.202640625000000000e+03
5.202394531250000000e+03
5.202394531250000000e+03
5.202207031250000000e+03
5.201902343750000000e+03
5.202128906250000000e+03
5.214652343750000000e+03
5.202363281250000000e+03
5.202117187500000000e+03
5.202339843750000000e+03
5.206585937500000000e+03
5.202144531250000000e+03
5.202085937500000000e+03
5.214042968750000000e+03
5.203343750000000000e+03
5.203257812500000000e+03
5.203679687500000000e+03
5.207738281250000000e+03
5.203667968750000000e+03
5.203843750000000000e+03
5.215925781250000000e+03
5.203144531250000000e+03
5.202917968750000000e+03
5.203261718750000000e+03
5.215710937500000000e+03
5.203800781250000000e+03
5.203550781250000000e+03
5.203226562500000000e+03
5.206906250000000000e+03
5.203027343750000000e+03
5.203203125000000000e+03
5.216191406250000000e+03
5.203003906250000000e+03
5.203441406250000000e+03
5.204378906250000000e+03
5.207203125000000000e+03
5.203066406250000000e+03
5.203605468750000000e+03
5.203675781250000000e+03
5.203472656250000000e+03
5.203140625000000000e+03
5.203523437500000000e+03
5.216464843750000000e+03
5.203515625000000000e+03
5.203207031250000000e+03
5.203699218750000000e+03
5.216714843750000000e+03
5.203800781250000000e+03
5.203710937500000000e+03
5.203886718750000000e+03
5.203886718750000000e+03
5.203832031250000000e+03
5.203804687500000000e+03
5.207675781250000000e+03
5.203605468750000000e+03
5.204062500000000000e+03
5.202945312500000000e+03
5.202742187500000000e+03
5.202710937500000000e+03
5.202890625000000000e+03
5.214199218750000000e+03
5.201910156250000000e+03
5.202085937500000000e+03
5.214101562500000000e+03
5.208964843750000000e+03
5.202171875000000000e+03
5.202347656250000000e+03
5.202160156250000000e+03
5.202003906250000000e+03
5.202179687500000000e+03
5.204609375000000000e+03
5.203054687500000000e+03
5.203125000000000000e+03
5.214839843750000000e+03
5.202550781250000000e+03
5.203625000000000000e+03
5.215675781250000000e+03
5.203429687500000000e+03
5.203734375000000000e+03
5.203472656250000000e+03
5.205566406250000000e+03
5.203632812500000000e+03
5.203605468750000000e+03
5.216164062500000000e+03
5.203410156250000000e+03
5.203382812500000000e+03
5.203371093750000000e+03
5.203445312500000000e+03
5.203621093750000000e+03
5.201566406250000000e+03
5.214335937500000000e+03
5.201816406250000000e+03
5.201789062500000000e+03
5.201777343750000000e+03
5.214070312500000000e+03
5.203125000000000000e+03
5.201765625000000000e+03
5.201738281250000000e+03
5.205484375000000000e+03
5.201042968750000000e+03
5.201316406250000000e+03
5.214394531250000000e+03
5.201441406250000000e+03
5.201414062500000000e+03
5.201156250000000000e+03
5.215816406250000000e+03
5.200535156250000000e+03
5.200687500000000000e+03
5.201191406250000000e+03
5.201140625000000000e+03
5.201136718750000000e+03
5.200070312500000000e+03
5.212535156250000000e+03
5.200261718750000000e+03
5.200308593750000000e+03
5.214457031250000000e+03
5.201675781250000000e+03
5.200492187500000000e+03
5.200914062500000000e+03
5.200710937500000000e+03
5.200929687500000000e+03
5.201121093750000000e+03
5.212949218750000000e+03
5.200671875000000000e+03
5.200398437500000000e+03
5.201917968750000000e+03
5.215613281250000000e+03
5.200648437500000000e+03
5.200890625000000000e+03
5.200890625000000000e+03
5.200890625000000000e+03
5.200187500000000000e+03
5.204054687500000000e+03
5.200191406250000000e+03
5.200425781250000000e+03
5.213917968750000000e+03
5.201359375000000000e+03
5.199609375000000000e+03
5.199656250000000000e+03
5.204144531250000000e+03
5.199093750000000000e+03
5.199203125000000000e+03
5.211710937500000000e+03
5.198765625000000000e+03
5.198710937500000000e+03
5.198945312500000000e+03
5.198742187500000000e+03
5.198902343750000000e+03
5.199152343750000000e+03
5.213785156250000000e+03
5.199597656250000000e+03
5.199800781250000000e+03
5.200113281250000000e+03
5.199925781250000000e+03
5.200101562500000000e+03
5.199828125000000000e+03
5.215937500000000000e+03
5.200531250000000000e+03
5.199796875000000000e+03
5.200046875000000000e+03
5.199843750000000000e+03
5.199296875000000000e+03
5.198781250000000000e+03
5.211417968750000000e+03
5.198039062500000000e+03
5.198230468750000000e+03
5.198652343750000000e+03
5.211105468750000000e+03
5.198453125000000000e+03
5.198761718750000000e+03
5.211703125000000000e+03
5.198750000000000000e+03
5.198722656250000000e+03
5.211597656250000000e+03
5.198625000000000000e+03
5.198554687500000000e+03
5.199414062500000000e+03
5.198816406250000000e+03
5.198683593750000000e+03
5.199121093750000000e+03
5.211367187500000000e+03
5.197429687500000000e+03
5.197488281250000000e+03
5.197722656250000000e+03
5.202019531250000000e+03
5.197667968750000000e+03
5.198011718750000000e+03
5.198152343750000000e+03
5.197949218750000000e+03
5.198246093750000000e+03
5.198234375000000000e+03
5.215375000000000000e+03
5.200703125000000000e+03
5.212726562500000000e+03
5.199910156250000000e+03
5.199457031250000000e+03
5.202738281250000000e+03
5.215031250000000000e+03
5.202757812500000000e+03
5.202996093750000000e+03
5.202953125000000000e+03
5.202781250000000000e+03
5.202539062500000000e+03
5.202714843750000000e+03
5.215453125000000000e+03
5.202687500000000000e+03
5.202660156250000000e+03
5.202570312500000000e+03
5.215117187500000000e+03
5.202710937500000000e+03
5.202625000000000000e+03
5.202628906250000000e+03
5.202703125000000000e+03
5.202292968750000000e+03
5.202347656250000000e+03
5.214593750000000000e+03
5.202546875000000000e+03
5.201304687500000000e+03
5.200789062500000000e+03
5.215527343750000000e+03
5.200667968750000000e+03
5.200421875000000000e+03
5.213378906250000000e+03
5.200613281250000000e+03
5.200644531250000000e+03
5.200632812500000000e+03
5.212664062500000000e+03
5.200636718750000000e+03
5.200527343750000000e+03
5.200351562500000000e+03
5.200179687500000000e+03
5.200371093750000000e+03
5.200343750000000000e+03
5.213082031250000000e+03
5.200128906250000000e+03
5.200320312500000000e+03
5.201656250000000000e+03
5.214554687500000000e+03
5.201242187500000000e+03
5.200953125000000000e+03
5.200941406250000000e+03
5.215570312500000000e+03
5.200898437500000000e+03
5.200917968750000000e+03
5.200906250000000000e+03
5.204570312500000000e+03
5.200863281250000000e+03
5.200554687500000000e+03
5.200335937500000000e+03
5.199441406250000000e+03
5.199632812500000000e+03
5.200527343750000000e+03
5.211261718750000000e+03
5.198003906250000000e+03
5.197914062500000000e+03
5.210683593750000000e+03
5.197902343750000000e+03
5.199839843750000000e+03
5.199183593750000000e+03
5.211414062500000000e+03
5.199031250000000000e+03
5.199019531250000000e+03
5.211542968750000000e+03
5.198574218750000000e+03
5.198750000000000000e+03
5.198386718750000000e+03
5.198183593750000000e+03
5.198171875000000000e+03
5.198093750000000000e+03
5.211132812500000000e+03
5.198351562500000000e+03
5.198339843750000000e+03
5.198316406250000000e+03
5.200238281250000000e+03
5.198187500000000000e+03
5.198175781250000000e+03
5.211164062500000000e+03
5.199289062500000000e+03
5.199316406250000000e+03
5.198343750000000000e+03
5.213082031250000000e+03
5.198128906250000000e+03
5.198250000000000000e+03
5.198238281250000000e+03
5.198593750000000000e+03
5.197625000000000000e+03
5.197203125000000000e+03
5.209218750000000000e+03
5.196265625000000000e+03
5.196457031250000000e+03
5.196457031250000000e+03
5.207085937500000000e+03
5.196242187500000000e+03
5.197359375000000000e+03
5.197726562500000000e+03
5.197347656250000000e+03
5.197117187500000000e+03
5.209402343750000000e+03
5.196804687500000000e+03
5.197214843750000000e+03
5.210203125000000000e+03
5.197015625000000000e+03
5.197585937500000000e+03
5.197640625000000000e+03
5.201320312500000000e+03
5.197628906250000000e+03
5.197359375000000000e+03
5.209261718750000000e+03
5.196496093750000000e+03
5.197066406250000000e+03
5.197023437500000000e+03
5.196835937500000000e+03
5.196765625000000000e+03
5.209503906250000000e+03
5.196722656250000000e+03
5.196710937500000000e+03
5.196347656250000000e+03
5.200980468750000000e+03
5.196777343750000000e+03
5.197187500000000000e+03
5.210386718750000000e+03
5.197632812500000000e+03
5.197300781250000000e+03
5.196832031250000000e+03
5.201078125000000000e+03
5.196871093750000000e+03
5.196121093750000000e+03
5.208132812500000000e+03
5.195765625000000000e+03
5.195488281250000000e+03
5.195460937500000000e+03
5.195273437500000000e+03
5.195449218750000000e+03
5.195437500000000000e+03
5.207960937500000000e+03
5.195425781250000000e+03
5.195167968750000000e+03
5.208128906250000000e+03
5.196683593750000000e+03
5.196371093750000000e+03
5.196792968750000000e+03
5.196605468750000000e+03
5.196019531250000000e+03
5.195457031250000000e+03
5.208097656250000000e+03
5.195562500000000000e+03
5.195058593750000000e+03
5.207718750000000000e+03
5.195429687500000000e+03
5.195417968750000000e+03
5.208832031250000000e+03
5.196015625000000000e+03
5.196382812500000000e+03
5.209046875000000000e+03
5.196636718750000000e+03
5.196042968750000000e+03
5.195824218750000000e+03
5.195445312500000000e+03
5.196398437500000000e+03
5.208808593750000000e+03
5.196273437500000000e+03
5.196886718750000000e+03
5.196339843750000000e+03
5.196339843750000000e+03
5.194718750000000000e+03
5.194894531250000000e+03
5.207156250000000000e+03
5.195128906250000000e+03
5.195085937500000000e+03
5.207117187500000000e+03
5.194828125000000000e+03
5.195210937500000000e+03
5.208031250000000000e+03
5.195496093750000000e+03
5.194968750000000000e+03
5.195203125000000000e+03
5.195203125000000000e+03
5.195824218750000000e+03
5.196816406250000000e+03
5.197089843750000000e+03
5.196566406250000000e+03
5.209828125000000000e+03
5.197046875000000000e+03
5.197035156250000000e+03
5.197093750000000000e+03
5.196906250000000000e+03
5.197082031250000000e+03
5.197347656250000000e+03
5.210566406250000000e+03
5.197613281250000000e+03
5.197789062500000000e+03
5.197531250000000000e+03
5.201644531250000000e+03
5.197507812500000000e+03
5.197742187500000000e+03
5.211207031250000000e+03
5.196347656250000000e+03
5.196523437500000000e+03
5.210710937500000000e+03
5.197433593750000000e+03
5.196890625000000000e+03
5.197050781250000000e+03
5.196863281250000000e+03
5.196851562500000000e+03
5.197027343750000000e+03
5.208535156250000000e+03
5.195906250000000000e+03
5.196273437500000000e+03
5.196449218750000000e+03
5.196261718750000000e+03
5.196167968750000000e+03
5.196140625000000000e+03
5.196140625000000000e+03
5.196316406250000000e+03
5.196117187500000000e+03
5.207953125000000000e+03
5.211621093750000000e+03
5.212101562500000000e+03
5.222441406250000000e+03
5.233777343750000000e+03
5.233445312500000000e+03
5.208656250000000000e+03
5.196050781250000000e+03
5.196054687500000000e+03
5.195687500000000000e+03
5.195687500000000000e+03
5.195167968750000000e+03
5.194796875000000000e+03
5.209152343750000000e+03
5.194800781250000000e+03
5.194804687500000000e+03
5.207253906250000000e+03
5.194449218750000000e+03
5.194046875000000000e+03
5.194429687500000000e+03
5.194226562500000000e+03
5.194199218750000000e+03
5.194375000000000000e+03
5.206914062500000000e+03
5.195750000000000000e+03
5.195382812500000000e+03
5.195523437500000000e+03
5.200257812500000000e+03
5.195902343750000000e+03
5.196183593750000000e+03
5.208683593750000000e+03
5.196558593750000000e+03
5.196472656250000000e+03
5.196191406250000000e+03
5.208003906250000000e+03
5.195824218750000000e+03
5.195949218750000000e+03
5.209417968750000000e+03
5.196164062500000000e+03
5.196718750000000000e+03
5.196769531250000000e+03
5.196988281250000000e+03
5.196597656250000000e+03
5.196011718750000000e+03
5.212957031250000000e+03
5.197925781250000000e+03
5.198078125000000000e+03
5.211332031250000000e+03
5.198332031250000000e+03
5.198332031250000000e+03
5.198476562500000000e+03
5.200722656250000000e+03
5.198246093750000000e+03
5.198332031250000000e+03
5.198222656250000000e+03
5.198035156250000000e+03
5.197722656250000000e+03
5.197742187500000000e+03
5.201785156250000000e+03
5.197453125000000000e+03
5.197441406250000000e+03
5.210398437500000000e+03
5.197257812500000000e+03
5.197253906250000000e+03
5.200113281250000000e+03
5.199562500000000000e+03
5.199261718750000000e+03
5.199218750000000000e+03
5.211742187500000000e+03
5.199207031250000000e+03
5.199226562500000000e+03
5.212980468750000000e+03
5.198351562500000000e+03
5.197660156250000000e+03
5.210734375000000000e+03
5.197781250000000000e+03
5.197933593750000000e+03
5.199871093750000000e+03
5.198613281250000000e+03
5.198804687500000000e+03
5.198269531250000000e+03
5.202343750000000000e+03
5.198273437500000000e+03
5.198531250000000000e+03
5.201902343750000000e+03
5.199468750000000000e+03
5.199714843750000000e+03
5.212703125000000000e+03
5.199214843750000000e+03
5.199636718750000000e+03
5.200019531250000000e+03
5.203535156250000000e+03
5.197820312500000000e+03
5.197140625000000000e+03
5.196882812500000000e+03
5.196882812500000000e+03
5.197058593750000000e+03
5.197351562500000000e+03
5.199195312500000000e+03
5.197484375000000000e+03
5.196781250000000000e+03
5.209339843750000000e+03
5.195820312500000000e+03
5.195988281250000000e+03
5.196410156250000000e+03
5.196750000000000000e+03
5.196722656250000000e+03
5.196710937500000000e+03
5.211386718750000000e+03
5.196734375000000000e+03
5.196707031250000000e+03
5.209125000000000000e+03
5.196359375000000000e+03
5.196718750000000000e+03
5.196675781250000000e+03
5.196675781250000000e+03
5.196679687500000000e+03
5.209433593750000000e+03
5.167589843750000000e+03
5.166980468750000000e+03
5.169820312500000000e+03
5.166554687500000000e+03
5.167472656250000000e+03
5.167472656250000000e+03
5.166996093750000000e+03
5.179453125000000000e+03
5.166988281250000000e+03
5.167253906250000000e+03
5.180562500000000000e+03
5.167562500000000000e+03
5.167550781250000000e+03
5.171964843750000000e+03
5.167917968750000000e+03
5.168019531250000000e+03
5.167906250000000000e+03
5.167574218750000000e+03
5.169308593750000000e+03
5.167390625000000000e+03
5.166871093750000000e+03
5.179871093750000000e+03
5.166929687500000000e+03
5.167609375000000000e+03
5.180050781250000000e+03
5.167285156250000000e+03
5.167300781250000000e+03
5.168625000000000000e+03
5.165640625000000000e+03
5.165996093750000000e+03
5.165628906250000000e+03
5.170160156250000000e+03
5.165718750000000000e+03
5.164792968750000000e+03
5.177765625000000000e+03
5.165246093750000000e+03
5.165203125000000000e+03
5.177593750000000000e+03
5.165437500000000000e+03
5.167898437500000000e+03
5.168015625000000000e+03
5.184195312500000000e+03
5.171980468750000000e+03
5.172578125000000000e+03
5.187597656250000000e+03
5.171066406250000000e+03
5.171406250000000000e+03
5.185140625000000000e+03
5.171257812500000000e+03
5.170968750000000000e+03
5.183843750000000000e+03
5.173746093750000000e+03
5.182488281250000000e+03
5.193132812500000000e+03
5.180628906250000000e+03
5.182074218750000000e+03
5.194343750000000000e+03
5.181562500000000000e+03
5.181562500000000000e+03
5.194121093750000000e+03
5.185523437500000000e+03
5.186812500000000000e+03
5.199335937500000000e+03
5.195167968750000000e+03
5.195574218750000000e+03
5.203175781250000000e+03
5.212800781250000000e+03
5.218882812500000000e+03
5.217746093750000000e+03
5.218523437500000000e+03
5.219945312500000000e+03
5.221175781250000000e+03
5.221867187500000000e+03
5.221902343750000000e+03
5.221769531250000000e+03
5.221417968750000000e+03
5.221839843750000000e+03
5.221652343750000000e+03
5.221828125000000000e+03
5.221292968750000000e+03
5.221292968750000000e+03
5.222988281250000000e+03
5.222996093750000000e+03
5.228511718750000000e+03
5.233300781250000000e+03
5.233312500000000000e+03
5.235898437500000000e+03
5.237156250000000000e+03
5.238308593750000000e+03
5.250828125000000000e+03
5.238554687500000000e+03
5.238738281250000000e+03
5.250753906250000000e+03
5.237839843750000000e+03
5.238230468750000000e+03
5.238406250000000000e+03
5.238015625000000000e+03
5.237074218750000000e+03
5.237464843750000000e+03
5.252015625000000000e+03
5.237308593750000000e+03
5.237468750000000000e+03
5.251679687500000000e+03
5.237269531250000000e+03
5.237488281250000000e+03
5.249953125000000000e+03
5.237421875000000000e+03
5.237695312500000000e+03
5.251980468750000000e+03
5.238937500000000000e+03
5.238136718750000000e+03
5.238722656250000000e+03
5.242343750000000000e+03
5.237898437500000000e+03
5.238132812500000000e+03
5.238132812500000000e+03
5.238539062500000000e+03
5.251136718750000000e+03
5.238355468750000000e+03
5.238394531250000000e+03
5.237992187500000000e+03
5.237613281250000000e+03
5.237125000000000000e+03
5.237953125000000000e+03
5.237832031250000000e+03
5.237835937500000000e+03
5.237519531250000000e+03
5.240968750000000000e+03
5.239253906250000000e+03
5.239796875000000000e+03
5.250160156250000000e+03
5.242355468750000000e+03
5.243394531250000000e+03
5.243695312500000000e+03
5.243820312500000000e+03
5.243742187500000000e+03
5.244359375000000000e+03
5.257128906250000000e+03
5.244363281250000000e+03
5.244539062500000000e+03
5.244875000000000000e+03
5.248867187500000000e+03
5.245175781250000000e+03
5.244687500000000000e+03
5.256964843750000000e+03
5.244285156250000000e+03
5.244964843750000000e+03
5.244132812500000000e+03
5.244605468750000000e+03
5.244519531250000000e+03
5.243679687500000000e+03
5.256390625000000000e+03
5.243652343750000000e+03
5.243671875000000000e+03
5.243660156250000000e+03
5.243457031250000000e+03
5.244886718750000000e+03
5.244347656250000000e+03
5.243781250000000000e+03
5.243949218750000000e+03
5.244023437500000000e+03
5.243742187500000000e+03
5.243902343750000000e+03
5.248191406250000000e+03
5.243933593750000000e+03
5.244230468750000000e+03
5.256972656250000000e+03
5.244683593750000000e+03
5.244656250000000000e+03
5.260253906250000000e+03
5.247425781250000000e+03
5.247128906250000000e+03
5.246882812500000000e+03
5.248804687500000000e+03
5.246933593750000000e+03
5.247109375000000000e+03
5.259617187500000000e+03
5.246910156250000000e+03
5.247101562500000000e+03
5.249378906250000000e+03
5.248812500000000000e+03
5.249007812500000000e+03
5.261039062500000000e+03
5.248550781250000000e+03
5.246386718750000000e+03
5.246601562500000000e+03
5.249082031250000000e+03
5.247070312500000000e+03
5.246535156250000000e+03
5.260519531250000000e+03
5.248304687500000000e+03
5.248242187500000000e+03
5.247867187500000000e+03
5.252234375000000000e+03
5.252851562500000000e+03
5.252074218750000000e+03
5.258226562500000000e+03
5.251816406250000000e+03
5.252359375000000000e+03
5.265128906250000000e+03
5.252593750000000000e+03
5.252769531250000000e+03
5.252710937500000000e+03
5.254683593750000000e+03
5.251851562500000000e+03
5.251750000000000000e+03
5.264136718750000000e+03
5.251886718750000000e+03
5.251746093750000000e+03
5.265695312500000000e+03
5.252449218750000000e+03
5.252601562500000000e+03
5.265777343750000000e+03
5.252664062500000000e+03
5.252855468750000000e+03
5.252812500000000000e+03
5.255167968750000000e+03
5.252832031250000000e+03
5.252820312500000000e+03
5.265066406250000000e+03
5.252605468750000000e+03
5.252535156250000000e+03
5.252593750000000000e+03
5.249871093750000000e+03
5.250089843750000000e+03
5.249917968750000000e+03
5.250472656250000000e+03
5.250542968750000000e+03
5.250093750000000000e+03
5.251722656250000000e+03
5.250164062500000000e+03
5.264890625000000000e+03
5.251335937500000000e+03
5.250890625000000000e+03
5.262371093750000000e+03
5.250097656250000000e+03
5.250109375000000000e+03
5.252015625000000000e+03
5.250113281250000000e+03
5.250625000000000000e+03
5.267238281250000000e+03
5.248148437500000000e+03
5.259429687500000000e+03
5.246664062500000000e+03
5.246824218750000000e+03
5.259828125000000000e+03
5.247074218750000000e+03
5.246929687500000000e+03
5.266558593750000000e+03
5.254488281250000000e+03
5.254468750000000000e+03
5.254035156250000000e+03
5.261265625000000000e+03
5.167742187500000000e+03
5.165996093750000000e+03
5.165953125000000000e+03
5.171898437500000000e+03
5.165343750000000000e+03
5.168828125000000000e+03
5.168542968750000000e+03
5.169289062500000000e+03
5.185625000000000000e+03
5.177894531250000000e+03
5.191175781250000000e+03
5.228726562500000000e+03
5.216585937500000000e+03
5.222847656250000000e+03
5.223109375000000000e+03
5.223109375000000000e+03
5.223082031250000000e+03
5.225621093750000000e+03
5.222109375000000000e+03
5.220347656250000000e+03
5.220367187500000000e+03
5.234289062500000000e+03
5.232515625000000000e+03
5.233566406250000000e+03
5.256089843750000000e+03
5.244792968750000000e+03
5.245792968750000000e+03
5.256511718750000000e+03
5.260867187500000000e+03
5.235335937500000000e+03
5.245074218750000000e+03
5.244164062500000000e+03
5.234886718750000000e+03
5.234128906250000000e+03
5.238269531250000000e+03
5.241093750000000000e+03
5.237472656250000000e+03
5.246585937500000000e+03
5.244843750000000000e+03
5.246929687500000000e+03
5.259335937500000000e+03
5.247179687500000000e+03
5.243699218750000000e+03
5.243304687500000000e+03
5.243625000000000000e+03
4.947457031250000000e+03
3.501511718750000000e+03
3.501449218750000000e+03
3.501449218750000000e+03
3.501449218750000000e+03
3.501449218750000000e+03
3.501449218750000000e+03
3.501449218750000000e+03
3.501449218750000000e+03
3.501449218750000000e+03
3.501449218750000000e+03
