0.000000000000000000e+00
1.818425655364990234e-01
3.969359397888183594e-01
5.345489978790283203e-01
7.010819911956787109e-01
8.647065162658691406e-01
1.034174919128417969e+00
1.181574821472167969e+00
1.329416275024414062e+00
1.471087455749511719e+00
1.615495920181274414e+00
1.767371416091918945e+00
1.911043405532836914e+00
2.075873136520385742e+00
2.216751098632812500e+00
2.357487678527832031e+00
2.500327825546264648e+00
2.636826992034912109e+00
2.777839422225952148e+00
2.919259309768676758e+00
3.053630352020263672e+00
3.192486286163330078e+00
3.333738565444946289e+00
3.484784126281738281e+00
3.625797271728515625e+00
3.762366056442260742e+00
3.903451681137084961e+00
4.051974773406982422e+00
4.194910287857055664e+00
4.345300912857055664e+00
4.488917589187622070e+00
4.640402317047119141e+00
4.780740022659301758e+00
4.919969797134399414e+00
5.061267137527465820e+00
5.205533504486083984e+00
5.352217435836791992e+00
5.489032506942749023e+00
5.654382944107055664e+00
5.798238277435302734e+00
5.937176227569580078e+00
6.085085153579711914e+00
6.225116014480590820e+00
6.380039215087890625e+00
6.566035747528076172e+00
6.739603281021118164e+00
6.894576549530029297e+00
7.035860538482666016e+00
7.174454927444458008e+00
7.313737392425537109e+00
7.452934265136718750e+00
7.591736793518066406e+00
7.734574556350708008e+00
7.885248422622680664e+00
8.026609897613525391e+00
8.170434713363647461e+00
8.307687044143676758e+00
8.449426412582397461e+00
8.589001655578613281e+00
8.728866815567016602e+00
8.865531206130981445e+00
9.004225492477416992e+00
9.139776706695556641e+00
9.275837421417236328e+00
9.415023088455200195e+00
9.558270454406738281e+00
9.693507432937622070e+00
9.831673145294189453e+00
9.967147350311279297e+00
1.010752391815185547e+01
1.024835467338562012e+01
1.039112567901611328e+01
1.059560298919677734e+01
1.075431609153747559e+01
1.089861893653869629e+01
1.103109407424926758e+01
1.123316192626953125e+01
1.138025307655334473e+01
1.151932430267333984e+01
1.165729570388793945e+01
1.179412317276000977e+01
1.193018150329589844e+01
1.207483816146850586e+01
1.221938395500183105e+01
1.236093664169311523e+01
1.250530385971069336e+01
1.264842844009399414e+01
1.278752708435058594e+01
1.294004154205322266e+01
1.308858442306518555e+01
1.322764372825622559e+01
1.337934231758117676e+01
1.352350974082946777e+01
1.367378330230712891e+01
1.383547115325927734e+01
1.401354050636291504e+01
1.417856311798095703e+01
1.438843417167663574e+01
1.452465343475341797e+01
1.465840888023376465e+01
1.480009150505065918e+01
1.493691730499267578e+01
1.507861900329589844e+01
1.521519970893859863e+01
1.536019992828369141e+01
1.550737810134887695e+01
1.564662241935729980e+01
1.579063677787780762e+01
1.592816090583801270e+01
1.607060432434082031e+01
1.621037173271179199e+01
1.634758877754211426e+01
1.648313450813293457e+01
1.662135004997253418e+01
1.675697541236877441e+01
1.689414691925048828e+01
1.703082346916198730e+01
1.716965317726135254e+01
1.730793833732604980e+01
1.744584536552429199e+01
1.758890438079833984e+01
1.773058438301086426e+01
1.787164354324340820e+01
1.800960445404052734e+01
1.817253208160400391e+01
1.831761193275451660e+01
1.846070623397827148e+01
1.859855151176452637e+01
1.873846149444580078e+01
1.888416051864624023e+01
1.903606557846069336e+01
1.917877411842346191e+01
1.931711220741271973e+01
1.945775866508483887e+01
1.959966969490051270e+01
1.973871135711669922e+01
1.988008189201354980e+01
2.002020168304443359e+01
2.016154956817626953e+01
2.029898524284362793e+01
2.043639779090881348e+01
2.057000899314880371e+01
2.070983314514160156e+01
2.084930515289306641e+01
2.100880217552185059e+01
2.115180969238281250e+01
2.129130935668945312e+01
2.142936778068542480e+01
2.156836104393005371e+01
2.171151518821716309e+01
2.184895491600036621e+01
2.199544095993041992e+01
2.213209152221679688e+01
2.230161261558532715e+01
2.244157195091247559e+01
2.258627390861511230e+01
2.272400307655334473e+01
2.287378811836242676e+01
2.302135562896728516e+01
2.316537189483642578e+01
2.331308388710021973e+01
2.346048927307128906e+01
2.360112833976745605e+01
2.376705193519592285e+01
2.390721082687377930e+01
2.404685044288635254e+01
2.419012880325317383e+01
2.433073663711547852e+01
2.447329187393188477e+01
2.461842799186706543e+01
2.483232593536376953e+01
2.499034166336059570e+01
2.512815475463867188e+01
2.528723335266113281e+01
2.542049813270568848e+01
2.556836438179016113e+01
2.571338772773742676e+01
2.585969495773315430e+01
2.601416993141174316e+01
2.617015552520751953e+01
2.633626174926757812e+01
2.647884869575500488e+01
2.664825582504272461e+01
2.680211877822875977e+01
2.694609212875366211e+01
2.708290743827819824e+01
2.722347474098205566e+01
2.736201739311218262e+01
2.750544238090515137e+01
2.765595412254333496e+01
2.779124593734741211e+01
2.792619252204895020e+01
2.806393837928771973e+01
2.819961547851562500e+01
2.833699393272399902e+01
2.847718691825866699e+01
2.862191891670227051e+01
2.876182651519775391e+01
2.890170884132385254e+01
2.904784369468688965e+01
2.918319869041442871e+01
2.931835556030273438e+01
2.945421934127807617e+01
2.959401988983154297e+01
2.974122285842895508e+01
2.988970565795898438e+01
3.002859330177307129e+01
3.016981387138366699e+01
3.030911350250244141e+01
3.044629788398742676e+01
3.059474468231201172e+01
3.076221776008605957e+01
3.090829396247863770e+01
3.105650877952575684e+01
3.119223642349243164e+01
3.132778668403625488e+01
3.146898937225341797e+01
3.162431240081787109e+01
3.176259231567382812e+01
3.190006780624389648e+01
3.204110455513000488e+01
3.217855501174926758e+01
3.232152199745178223e+01
3.246122336387634277e+01
3.260904049873352051e+01
3.275742959976196289e+01
3.291117310523986816e+01
3.304924178123474121e+01
3.320058631896972656e+01
3.333897471427917480e+01
3.347668099403381348e+01
3.362123203277587891e+01
3.376697683334350586e+01
3.390716171264648438e+01
3.406423497200012207e+01
3.421354818344116211e+01
3.436238026618957520e+01
3.451036572456359863e+01
3.466645264625549316e+01
3.481594419479370117e+01
3.495982933044433594e+01
3.509683752059936523e+01
3.523830676078796387e+01
3.537611436843872070e+01
3.551554489135742188e+01
3.565755224227905273e+01
3.580620551109313965e+01
3.595209407806396484e+01
3.609414553642272949e+01
3.624197125434875488e+01
3.640450239181518555e+01
3.654934000968933105e+01
3.669758033752441406e+01
3.685238051414489746e+01
3.699097061157226562e+01
3.720000481605529785e+01
3.733777904510498047e+01
3.748081731796264648e+01
3.761638140678405762e+01
3.775956654548645020e+01
3.789401340484619141e+01
3.802995038032531738e+01
3.817109394073486328e+01
3.832034516334533691e+01
3.846002435684204102e+01
3.861088633537292480e+01
3.875223112106323242e+01
3.890020322799682617e+01
3.904673838615417480e+01
3.918177342414855957e+01
3.931766629219055176e+01
3.945160722732543945e+01
3.959827017784118652e+01
3.975059843063354492e+01
3.988844752311706543e+01
4.003312492370605469e+01
4.016925835609436035e+01
4.030450129508972168e+01
4.045771098136901855e+01
4.059648966789245605e+01
4.073124766349792480e+01
4.088291382789611816e+01
4.103214979171752930e+01
4.117492055892944336e+01
4.131057429313659668e+01
4.144493961334228516e+01
4.159125566482543945e+01
4.172694206237792969e+01
4.188114571571350098e+01
4.210001611709594727e+01
4.224429821968078613e+01
4.238509678840637207e+01
4.252350306510925293e+01
4.266148710250854492e+01
4.281298899650573730e+01
4.297180461883544922e+01
4.311374354362487793e+01
4.326251697540283203e+01
4.340680027008056641e+01
4.354777669906616211e+01
4.370773363113403320e+01
4.384902858734130859e+01
4.398403906822204590e+01
4.412054753303527832e+01
4.425595307350158691e+01
4.439010787010192871e+01
4.453443980216979980e+01
4.467148351669311523e+01
4.482074475288391113e+01
4.496106100082397461e+01
4.509850287437438965e+01
4.523809957504272461e+01
4.537808442115783691e+01
4.551822805404663086e+01
4.565615630149841309e+01
4.580418634414672852e+01
4.594958138465881348e+01
4.608457493782043457e+01
4.622498750686645508e+01
4.635913276672363281e+01
4.649461841583251953e+01
4.663613629341125488e+01
4.677453756332397461e+01
4.690934443473815918e+01
4.704747915267944336e+01
4.719589996337890625e+01
4.734187412261962891e+01
4.747847485542297363e+01
4.761484599113464355e+01
4.775032401084899902e+01
4.788615059852600098e+01
4.802250504493713379e+01
4.816017222404479980e+01
4.829508376121520996e+01
4.843366551399230957e+01
4.856783747673034668e+01
4.870293164253234863e+01
4.883815431594848633e+01
4.897428822517395020e+01
4.911685013771057129e+01
4.925910806655883789e+01
4.939812469482421875e+01
4.955638647079467773e+01
4.969452500343322754e+01
4.983094382286071777e+01
4.997104239463806152e+01
5.011801767349243164e+01
5.025364041328430176e+01
5.039519619941711426e+01
5.055843710899353027e+01
5.071040344238281250e+01
5.086157584190368652e+01
5.100231575965881348e+01
5.115373110771179199e+01
5.129512071609497070e+01
5.143620395660400391e+01
5.157897138595581055e+01
5.172022390365600586e+01
5.186807894706726074e+01
5.200422906875610352e+01
5.214874386787414551e+01
5.229669165611267090e+01
5.245298123359680176e+01
5.259269666671752930e+01
5.273895311355590820e+01
5.287485790252685547e+01
5.301742792129516602e+01
5.316613292694091797e+01
5.331170272827148438e+01
5.346555519104003906e+01
5.361424803733825684e+01
5.375709676742553711e+01
5.390378713607788086e+01
5.403939032554626465e+01
5.418050622940063477e+01
5.431609344482421875e+01
5.445230317115783691e+01
5.459698343276977539e+01
5.475516152381896973e+01
5.490186238288879395e+01
5.504926538467407227e+01
5.519156718254089355e+01
5.533298110961914062e+01
5.547477769851684570e+01
5.561405777931213379e+01
5.575446176528930664e+01
5.589182281494140625e+01
5.603307938575744629e+01
5.617138361930847168e+01
5.630960106849670410e+01
5.645224046707153320e+01
5.658978748321533203e+01
5.672501635551452637e+01
5.686081194877624512e+01
5.699707555770874023e+01
5.713510227203369141e+01
5.727214694023132324e+01
5.740779614448547363e+01
5.755934596061706543e+01
5.770154237747192383e+01
5.783989834785461426e+01
5.798635768890380859e+01
5.812902045249938965e+01
5.826686811447143555e+01
5.841645240783691406e+01
5.857396054267883301e+01
5.873225092887878418e+01
5.888607549667358398e+01
5.903399467468261719e+01
5.917159748077392578e+01
5.932448267936706543e+01
5.946282029151916504e+01
5.960214018821716309e+01
5.974339771270751953e+01
5.987996077537536621e+01
6.001929020881652832e+01
6.018805313110351562e+01
6.036101865768432617e+01
6.050923728942871094e+01
6.064573931694030762e+01
6.078141474723815918e+01
6.093965363502502441e+01
6.107920122146606445e+01
6.121967291831970215e+01
6.137361669540405273e+01
6.150977420806884766e+01
6.164802551269531250e+01
6.178473210334777832e+01
6.193351674079895020e+01
6.207664704322814941e+01
6.222093701362609863e+01
6.236056780815124512e+01
6.250065875053405762e+01
6.263973307609558105e+01
6.278044891357421875e+01
6.293760943412780762e+01
6.308105134963989258e+01
6.321877670288085938e+01
6.337253022193908691e+01
6.352854371070861816e+01
6.367966175079345703e+01
6.382905530929565430e+01
6.396664595603942871e+01
6.410136222839355469e+01
6.423703432083129883e+01
6.437274169921875000e+01
6.450930166244506836e+01
6.464847207069396973e+01
6.478311705589294434e+01
6.491924524307250977e+01
6.506026887893676758e+01
6.521380305290222168e+01
6.537111330032348633e+01
6.552031564712524414e+01
6.566678762435913086e+01
6.580602741241455078e+01
6.595108962059020996e+01
6.609409308433532715e+01
6.623468613624572754e+01
6.637863516807556152e+01
6.655866765975952148e+01
6.670342063903808594e+01
6.684718155860900879e+01
6.699131941795349121e+01
6.718489098548889160e+01
6.732715630531311035e+01
6.746334290504455566e+01
6.760554742813110352e+01
6.774916696548461914e+01
6.790094423294067383e+01
6.805328917503356934e+01
6.820106363296508789e+01
6.834491920471191406e+01
6.848261237144470215e+01
6.864041709899902344e+01
6.877577257156372070e+01
6.890921282768249512e+01
6.905693912506103516e+01
6.919205498695373535e+01
6.933113598823547363e+01
6.947431755065917969e+01
6.962768650054931641e+01
6.977404832839965820e+01
6.991212606430053711e+01
7.004877400398254395e+01
7.018457913398742676e+01
7.032017707824707031e+01
7.045899200439453125e+01
7.061390757560729980e+01
7.075704145431518555e+01
7.089439654350280762e+01
7.104617142677307129e+01
7.118412995338439941e+01
7.132263612747192383e+01
7.147153401374816895e+01
7.160969996452331543e+01
7.174894165992736816e+01
7.189471697807312012e+01
7.203672075271606445e+01
7.218571329116821289e+01
7.232069611549377441e+01
7.247008562088012695e+01
7.261132740974426270e+01
7.275693559646606445e+01
7.290110301971435547e+01
7.304981231689453125e+01
7.318915700912475586e+01
7.333890295028686523e+01
7.347581291198730469e+01
7.361652350425720215e+01
7.375964808464050293e+01
7.390162849426269531e+01
7.405007791519165039e+01
7.419273519515991211e+01
7.434445571899414062e+01
7.449781870841979980e+01
7.463575577735900879e+01
7.479434776306152344e+01
7.494486641883850098e+01
7.508559298515319824e+01
7.522362613677978516e+01
7.536427068710327148e+01
7.549935650825500488e+01
7.563299250602722168e+01
7.576895856857299805e+01
7.590595602989196777e+01
7.605092811584472656e+01
7.619464588165283203e+01
7.633510923385620117e+01
7.647288298606872559e+01
7.661465787887573242e+01
7.675102758407592773e+01
7.691124773025512695e+01
7.704656434059143066e+01
7.718547439575195312e+01
7.732521390914916992e+01
7.746248459815979004e+01
7.759920525550842285e+01
7.774407625198364258e+01
7.789394426345825195e+01
7.803088760375976562e+01
7.818106269836425781e+01
7.831964039802551270e+01
7.846513676643371582e+01
7.860066270828247070e+01
7.874642372131347656e+01
7.888072967529296875e+01
7.902207565307617188e+01
7.916401290893554688e+01
7.929833030700683594e+01
7.943404674530029297e+01
7.957865405082702637e+01
7.971343159675598145e+01
7.985393404960632324e+01
7.999800634384155273e+01
8.013919854164123535e+01
8.027825117111206055e+01
8.042356705665588379e+01
8.056347823143005371e+01
8.070897889137268066e+01
8.085616898536682129e+01
8.100258541107177734e+01
8.114091348648071289e+01
8.128164386749267578e+01
8.142619943618774414e+01
8.156545233726501465e+01
8.170281338691711426e+01
8.183782505989074707e+01
8.197868609428405762e+01
8.211824345588684082e+01
8.225817894935607910e+01
8.241459751129150391e+01
8.255500650405883789e+01
8.269645166397094727e+01
8.283225536346435547e+01
8.297112870216369629e+01
8.310612630844116211e+01
8.324932074546813965e+01
8.338853406906127930e+01
8.355330324172973633e+01
8.369845533370971680e+01
8.384445571899414062e+01
8.398612952232360840e+01
8.413030552864074707e+01
8.427266025543212891e+01
8.441282153129577637e+01
8.454630756378173828e+01
8.468287897109985352e+01
8.483461427688598633e+01
8.497003436088562012e+01
8.511860013008117676e+01
8.526569461822509766e+01
8.540536808967590332e+01
8.554017329216003418e+01
8.567601037025451660e+01
8.581814789772033691e+01
8.595573902130126953e+01
8.609301638603210449e+01
8.622967600822448730e+01
8.636534404754638672e+01
8.650647640228271484e+01
8.664279079437255859e+01
8.677862548828125000e+01
8.691840577125549316e+01
8.705714368820190430e+01
8.719900703430175781e+01
8.734229564666748047e+01
8.749053406715393066e+01
8.763439536094665527e+01
8.777908325195312500e+01
8.793780493736267090e+01
8.808300447463989258e+01
8.822932028770446777e+01
8.836418294906616211e+01
8.851198673248291016e+01
8.866232466697692871e+01
8.881367373466491699e+01
8.895663690567016602e+01
8.911851143836975098e+01
8.926533842086791992e+01
8.940233731269836426e+01
8.954286575317382812e+01
8.967902565002441406e+01
8.982663011550903320e+01
8.996402263641357422e+01
9.010199379920959473e+01
9.023986744880676270e+01
9.037593197822570801e+01
9.051022076606750488e+01
9.064877653121948242e+01
9.078720140457153320e+01
9.093614006042480469e+01
9.108374285697937012e+01
9.121854496002197266e+01
9.136811232566833496e+01
9.150350022315979004e+01
9.164810609817504883e+01
9.178177356719970703e+01
9.191801428794860840e+01
9.205493760108947754e+01
9.219062566757202148e+01
9.233645486831665039e+01
9.247032356262207031e+01
9.260987997055053711e+01
9.274457430839538574e+01
9.290135049819946289e+01
9.304001760482788086e+01
9.318350768089294434e+01
9.333435511589050293e+01
9.348318743705749512e+01
9.362272882461547852e+01
9.376307630538940430e+01
9.390070915222167969e+01
9.404857587814331055e+01
9.418564653396606445e+01
9.433468985557556152e+01
9.448928046226501465e+01
9.462540102005004883e+01
9.476085042953491211e+01
9.489843606948852539e+01
9.504046416282653809e+01
9.517649817466735840e+01
9.531241846084594727e+01
9.544828081130981445e+01
9.558827114105224609e+01
9.573304772377014160e+01
9.586909818649291992e+01
9.600521206855773926e+01
9.614423823356628418e+01
9.628356838226318359e+01
9.642099189758300781e+01
9.655747270584106445e+01
9.669230675697326660e+01
9.682933235168457031e+01
9.696382212638854980e+01
9.710182046890258789e+01
9.723963499069213867e+01
9.737722945213317871e+01
9.751194024085998535e+01
9.765152025222778320e+01
9.779131960868835449e+01
9.793643641471862793e+01
9.807239103317260742e+01
9.822133159637451172e+01
9.836035037040710449e+01
9.850474023818969727e+01
9.865470528602600098e+01
9.881710052490234375e+01
9.897113800048828125e+01
9.910737729072570801e+01
9.924921989440917969e+01
9.938568377494812012e+01
9.953458833694458008e+01
9.967196655273437500e+01
9.981713628768920898e+01
9.997145175933837891e+01
1.003197863101959229e+02
1.004937374591827393e+02
1.006329805850982666e+02
1.009194867610931396e+02
1.010603795051574707e+02
1.012070586681365967e+02
1.013510806560516357e+02
1.014874684810638428e+02
1.016332519054412842e+02
1.017716739177703857e+02
1.019090089797973633e+02
1.020622098445892334e+02
1.022095201015472412e+02
1.023557755947113037e+02
1.024920604228973389e+02
1.026343245506286621e+02
1.027873775959014893e+02
1.030656003952026367e+02
1.031989307403564453e+02
1.033421669006347656e+02
1.035509250164031982e+02
1.037006416320800781e+02
1.038632063865661621e+02
1.040031359195709229e+02
1.041429884433746338e+02
1.042945928573608398e+02
1.044318869113922119e+02
1.045824491977691650e+02
1.047342185974121094e+02
1.048757767677307129e+02
1.050247466564178467e+02
1.051620156764984131e+02
1.053028972148895264e+02
1.054393992424011230e+02
1.055759148597717285e+02
1.057467539310455322e+02
1.058847393989562988e+02
1.060227479934692383e+02
1.061585254669189453e+02
1.062941989898681641e+02
1.064318547248840332e+02
1.065687587261199951e+02
1.067098712921142578e+02
1.068519794940948486e+02
1.069895334243774414e+02
1.071272668838500977e+02
1.072626116275787354e+02
1.073979489803314209e+02
1.075336792469024658e+02
1.076711561679840088e+02
1.078077900409698486e+02
1.079444878101348877e+02
1.080837385654449463e+02
1.082222280502319336e+02
1.083800857067108154e+02
1.085389940738677979e+02
1.086886200904846191e+02
1.088288252353668213e+02
1.089686050415039062e+02
1.091063988208770752e+02
1.092445626258850098e+02
1.093810756206512451e+02
1.095357582569122314e+02
1.096755859851837158e+02
1.098224310874938965e+02
1.099729709625244141e+02
1.101261167526245117e+02
1.102671992778778076e+02
1.104044501781463623e+02
1.105420763492584229e+02
1.106803059577941895e+02
1.108223624229431152e+02
1.110140027999877930e+02
1.111661107540130615e+02
1.113019332885742188e+02
1.114429085254669189e+02
1.115829443931579590e+02
1.117321290969848633e+02
1.118723900318145752e+02
1.120133292675018311e+02
1.121559889316558838e+02
1.122931470870971680e+02
1.124468710422515869e+02
1.125846109390258789e+02
1.127308797836303711e+02
1.128720633983612061e+02
1.130180704593658447e+02
1.131563334465026855e+02
1.133002355098724365e+02
1.134447524547576904e+02
1.135831072330474854e+02
1.137280316352844238e+02
1.138853991031646729e+02
1.140237066745758057e+02
1.141608402729034424e+02
1.143070864677429199e+02
1.144476263523101807e+02
1.145840022563934326e+02
1.147282824516296387e+02
1.148784973621368408e+02
1.150179278850555420e+02
1.151667125225067139e+02
1.153147206306457520e+02
1.154597589969635010e+02
1.156013305187225342e+02
1.157476065158843994e+02
1.159019324779510498e+02
1.160550231933593750e+02
1.161928410530090332e+02
1.163382945060729980e+02
1.164825150966644287e+02
1.166173350811004639e+02
1.167709999084472656e+02
1.169328036308288574e+02
1.170719077587127686e+02
1.172099587917327881e+02
1.173450090885162354e+02
1.174797949790954590e+02
1.176143882274627686e+02
1.177533221244812012e+02
1.179001076221466064e+02
1.180401213169097900e+02
1.181819109916687012e+02
1.183304975032806396e+02
1.184748232364654541e+02
1.186101331710815430e+02
1.187486386299133301e+02
1.189020302295684814e+02
1.190401356220245361e+02
1.191813592910766602e+02
1.193190577030181885e+02
1.194556205272674561e+02
1.197158541679382324e+02
1.198639519214630127e+02
1.200255594253540039e+02
1.201639153957366943e+02
1.203018994331359863e+02
1.204390094280242920e+02
1.205757606029510498e+02
1.207133154869079590e+02
1.208512296676635742e+02
1.209876542091369629e+02
1.211287753582000732e+02
1.212628018856048584e+02
1.214001433849334717e+02
1.215372776985168457e+02
1.216753752231597900e+02
1.218287425041198730e+02
1.219618387222290039e+02
1.220982532501220703e+02
1.222342987060546875e+02
1.223708424568176270e+02
1.225117552280426025e+02
1.226613683700561523e+02
1.228009076118469238e+02
1.229555325508117676e+02
1.231020958423614502e+02
1.232496423721313477e+02
1.234146466255187988e+02
1.235502667427062988e+02
1.236931359767913818e+02
1.238379342555999756e+02
1.239770758152008057e+02
1.241153373718261719e+02
1.242501208782196045e+02
1.243936669826507568e+02
1.245305030345916748e+02
1.246708247661590576e+02
1.248140237331390381e+02
1.249501903057098389e+02
1.250919973850250244e+02
1.252480671405792236e+02
1.254065613746643066e+02
1.255572340488433838e+02
1.257206516265869141e+02
1.258656382560729980e+02
1.260043060779571533e+02
1.261474902629852295e+02
1.262837059497833252e+02
1.264209859371185303e+02
1.265677697658538818e+02
1.267294580936431885e+02
1.268697760105133057e+02
1.270133903026580811e+02
1.271508746147155762e+02
1.272985944747924805e+02
1.274366672039031982e+02
1.275790553092956543e+02
1.277287459373474121e+02
1.279282131195068359e+02
1.280679178237915039e+02
1.282046227455139160e+02
1.283491883277893066e+02
1.285351486206054688e+02
1.286726210117340088e+02
1.288105795383453369e+02
1.289542322158813477e+02
1.290913023948669434e+02
1.292325608730316162e+02
1.293795351982116699e+02
1.295218029022216797e+02
1.296678833961486816e+02
1.298164951801300049e+02
1.299616038799285889e+02
1.301054861545562744e+02
1.302456696033477783e+02
1.303845188617706299e+02
1.305268785953521729e+02
1.306799457073211670e+02
1.308381612300872803e+02
1.309746663570404053e+02
1.311278858184814453e+02
1.312726199626922607e+02
1.314095821380615234e+02
1.315449967384338379e+02
1.316821870803833008e+02
1.318283650875091553e+02
1.319627687931060791e+02
1.321190714836120605e+02
1.322541592121124268e+02
1.323918411731719971e+02
1.325321557521820068e+02
1.326860959529876709e+02
1.328415315151214600e+02
1.329866132736206055e+02
1.331218130588531494e+02
1.332565600872039795e+02
1.333918809890747070e+02
1.335275642871856689e+02
1.336836757659912109e+02
1.338418970108032227e+02
1.339778282642364502e+02
1.341196749210357666e+02
1.342637178897857666e+02
1.344003820419311523e+02
1.345527520179748535e+02
1.347051208019256592e+02
1.348567109107971191e+02
1.349984798431396484e+02
1.351454961299896240e+02
1.352841680049896240e+02
1.354412314891815186e+02
1.355771908760070801e+02
1.357289972305297852e+02
1.358780109882354736e+02
1.360222127437591553e+02
1.361675734519958496e+02
1.363150973320007324e+02
1.364516460895538330e+02
1.365897278785705566e+02
1.367325797080993652e+02
1.368852641582489014e+02
1.370220956802368164e+02
1.371677360534667969e+02
1.373249876499176025e+02
1.374698841571807861e+02
1.376056766510009766e+02
1.377416591644287109e+02
1.378764765262603760e+02
1.380180320739746094e+02
1.381605207920074463e+02
1.383076150417327881e+02
1.384474740028381348e+02
1.385901513099670410e+02
1.387325782775878906e+02
1.388859698772430420e+02
1.390311875343322754e+02
1.391686997413635254e+02
1.393355946540832520e+02
1.394714021682739258e+02
1.396164815425872803e+02
1.397552702426910400e+02
1.399188957214355469e+02
1.401106371879577637e+02
1.402592186927795410e+02
1.404077036380767822e+02
1.405486221313476562e+02
1.406961164474487305e+02
1.408367953300476074e+02
1.409741528034210205e+02
1.411217284202575684e+02
1.412691318988800049e+02
1.414038295745849609e+02
1.415381300449371338e+02
1.416795365810394287e+02
1.418164014816284180e+02
1.419531099796295166e+02
1.420932691097259521e+02
1.422291326522827148e+02
1.423751301765441895e+02
1.425253612995147705e+02
1.426773176193237305e+02
1.428208823204040527e+02
1.429600365161895752e+02
1.430978519916534424e+02
1.432400181293487549e+02
1.433918826580047607e+02
1.435364398956298828e+02
1.436745231151580811e+02
1.438169965744018555e+02
1.439512259960174561e+02
1.440886831283569336e+02
1.442349746227264404e+02
1.443767497539520264e+02
1.445235595703125000e+02
1.446574513912200928e+02
1.447937772274017334e+02
1.449514133930206299e+02
1.450920152664184570e+02
1.452288889884948730e+02
1.453792228698730469e+02
1.455212421417236328e+02
1.456565282344818115e+02
1.458097519874572754e+02
1.459567368030548096e+02
1.461016557216644287e+02
1.462450101375579834e+02
1.463911652565002441e+02
1.465280158519744873e+02
1.466674733161926270e+02
1.468239500522613525e+02
1.469610013961791992e+02
1.470986347198486328e+02
1.472352685928344727e+02
1.473694040775299072e+02
1.475033493041992188e+02
1.476403143405914307e+02
1.477774045467376709e+02
1.479139790534973145e+02
1.480516197681427002e+02
1.481910672187805176e+02
1.483347587585449219e+02
1.484825472831726074e+02
1.486196525096893311e+02
1.487709357738494873e+02
1.489117159843444824e+02
1.490685005187988281e+02
1.492417325973510742e+02
1.494061951637268066e+02
1.495532963275909424e+02
1.497543468475341797e+02
1.499224524497985840e+02
1.500694093704223633e+02
1.502217018604278564e+02
1.503719832897186279e+02
1.505265278816223145e+02
1.506696701049804688e+02
1.508285744190216064e+02
1.509721930027008057e+02
1.511110384464263916e+02
1.512564749717712402e+02
1.514022049903869629e+02
1.515503919124603271e+02
1.516866562366485596e+02
1.518435225486755371e+02
1.519791917800903320e+02
1.521165487766265869e+02
1.522705206871032715e+02
1.524111604690551758e+02
1.525569958686828613e+02
1.527222266197204590e+02
1.528621737957000732e+02
1.529981648921966553e+02
1.531400864124298096e+02
1.532795464992523193e+02
1.534137578010559082e+02
1.535480322837829590e+02
1.536856429576873779e+02
1.538318390846252441e+02
1.539672207832336426e+02
1.541194646358489990e+02
1.542626364231109619e+02
1.543988873958587646e+02
1.545493931770324707e+02
1.546947944164276123e+02
1.548328552246093750e+02
1.549865150451660156e+02
1.551465542316436768e+02
1.552809803485870361e+02
1.554162080287933350e+02
1.555504739284515381e+02
1.556897642612457275e+02
1.558249056339263916e+02
1.559606125354766846e+02
1.560990967750549316e+02
1.562436006069183350e+02
1.563868803977966309e+02
1.565199551582336426e+02
1.566542117595672607e+02
1.567901408672332764e+02
1.569484512805938721e+02
1.570834603309631348e+02
1.572193641662597656e+02
1.573596849441528320e+02
1.575210657119750977e+02
1.576730563640594482e+02
1.578109078407287598e+02
1.579509141445159912e+02
1.580987279415130615e+02
1.582349884510040283e+02
1.583717882633209229e+02
1.585138001441955566e+02
1.586501531600952148e+02
1.587871792316436768e+02
1.589366722106933594e+02
1.590810902118682861e+02
1.592373006343841553e+02
1.594028458595275879e+02
1.595550694465637207e+02
1.597161626815795898e+02
1.598533644676208496e+02
1.599879567623138428e+02
1.601638343334197998e+02
1.603200993537902832e+02
1.604653720855712891e+02
1.606001999378204346e+02
1.607516305446624756e+02
1.609247074127197266e+02
1.610595245361328125e+02
1.611955308914184570e+02
1.613349623680114746e+02
1.614739449024200439e+02
1.616076507568359375e+02
1.617426190376281738e+02
1.618779394626617432e+02
1.620300800800323486e+02
1.621834571361541748e+02
1.623244230747222900e+02
1.624604799747467041e+02
1.625974881649017334e+02
1.627550098896026611e+02
1.628969624042510986e+02
1.630349369049072266e+02
1.631708726882934570e+02
1.633069250583648682e+02
1.634440321922302246e+02
1.635996570587158203e+02
1.637371366024017334e+02
1.638829252719879150e+02
1.640226006507873535e+02
1.641640155315399170e+02
1.643037595748901367e+02
1.644463906288146973e+02
1.645925307273864746e+02
1.647279007434844971e+02
1.648614885807037354e+02
1.650206212997436523e+02
1.651690666675567627e+02
1.653233625888824463e+02
1.654846165180206299e+02
1.656360273361206055e+02
1.657723567485809326e+02
1.659186766147613525e+02
1.660625884532928467e+02
1.661992068290710449e+02
1.663427605628967285e+02
1.664812600612640381e+02
1.666163380146026611e+02
1.667516100406646729e+02
1.668918538093566895e+02
1.670295331478118896e+02
1.671777122020721436e+02
1.673174045085906982e+02
1.674618499279022217e+02
1.676012394428253174e+02
1.677420244216918945e+02
1.678844306468963623e+02
1.680310101509094238e+02
1.681678056716918945e+02
1.683188397884368896e+02
1.684547798633575439e+02
1.685917615890502930e+02
1.687309617996215820e+02
1.688653686046600342e+02
1.690047678947448730e+02
1.691446869373321533e+02
1.692916753292083740e+02
1.694421648979187012e+02
1.695772051811218262e+02
1.697135562896728516e+02
1.698487153053283691e+02
1.699881701469421387e+02
1.701291115283966064e+02
1.702673230171203613e+02
1.704059422016143799e+02
1.705430550575256348e+02
1.706803820133209229e+02
1.708194181919097900e+02
1.709586987495422363e+02
1.710954146385192871e+02
1.712323806285858154e+02
1.713694813251495361e+02
1.715086255073547363e+02
1.716406414508819580e+02
1.717738106250762939e+02
1.719113295078277588e+02
1.720478074550628662e+02
1.721893701553344727e+02
1.723221445083618164e+02
1.724656684398651123e+02
1.726013305187225342e+02
1.727350752353668213e+02
1.728809502124786377e+02
1.730249633789062500e+02
1.731692948341369629e+02
1.733080694675445557e+02
1.734630277156829834e+02
1.736260201930999756e+02
1.737608652114868164e+02
1.739006206989288330e+02
1.740368833541870117e+02
1.741774775981903076e+02
1.743141348361968994e+02
1.744498541355133057e+02
1.745900406837463379e+02
1.747277684211730957e+02
1.748650822639465332e+02
1.750003976821899414e+02
1.751353709697723389e+02
1.752715830802917480e+02
1.754136099815368652e+02
1.755579035282135010e+02
1.757085297107696533e+02
1.758584780693054199e+02
1.759986205101013184e+02
1.761532678604125977e+02
1.762923514842987061e+02
1.764295482635498047e+02
1.765859367847442627e+02
1.767358267307281494e+02
1.768865358829498291e+02
1.770235993862152100e+02
1.771588952541351318e+02
1.772965915203094482e+02
1.774414329528808594e+02
1.775786328315734863e+02
1.777151994705200195e+02
1.778697261810302734e+02
1.780308721065521240e+02
1.781752283573150635e+02
1.783184685707092285e+02
1.784677402973175049e+02
1.786121094226837158e+02
1.787535257339477539e+02
1.788922889232635498e+02
1.790287733078002930e+02
1.791823637485504150e+02
1.793199117183685303e+02
1.794539029598236084e+02
1.795891203880310059e+02
1.797261514663696289e+02
1.798840668201446533e+02
1.800186533927917480e+02
1.801545426845550537e+02
1.803023986816406250e+02
1.804397439956665039e+02
1.805726554393768311e+02
1.807147524356842041e+02
1.808518447875976562e+02
1.809916512966156006e+02
1.811427383422851562e+02
1.813021664619445801e+02
1.814435858726501465e+02
1.815844597816467285e+02
1.817220120429992676e+02
1.818589420318603516e+02
1.820023205280303955e+02
1.821481611728668213e+02
1.822851793766021729e+02
1.824339172840118408e+02
1.825770010948181152e+02
1.827153098583221436e+02
1.828534696102142334e+02
1.830090608596801758e+02
1.831561861038208008e+02
1.832931985855102539e+02
1.834281516075134277e+02
1.835720608234405518e+02
1.837132091522216797e+02
1.838487465381622314e+02
1.840024633407592773e+02
1.841530332565307617e+02
1.843023481369018555e+02
1.844426167011260986e+02
1.845850102901458740e+02
1.847267861366271973e+02
1.848669807910919189e+02
1.850052433013916016e+02
1.851416549682617188e+02
1.852802419662475586e+02
1.854188911914825439e+02
1.855584049224853516e+02
1.856979663372039795e+02
1.858420300483703613e+02
1.859771699905395508e+02
1.861155998706817627e+02
1.862707481384277344e+02
1.864240355491638184e+02
1.865709285736083984e+02
1.867300109863281250e+02
1.868817942142486572e+02
1.870349299907684326e+02
1.871705043315887451e+02
1.873202204704284668e+02
1.874763648509979248e+02
1.876297001838684082e+02
1.877743570804595947e+02
1.879114418029785156e+02
1.880516102313995361e+02
1.882259471416473389e+02
1.883739743232727051e+02
1.885219900608062744e+02
1.886611051559448242e+02
1.887973873615264893e+02
1.889480469226837158e+02
1.890888600349426270e+02
1.892335772514343262e+02
1.893733181953430176e+02
1.895134325027465820e+02
1.896503269672393799e+02
1.897963442802429199e+02
1.899363086223602295e+02
1.900768663883209229e+02
1.902181408405303955e+02
1.903599102497100830e+02
1.904980988502502441e+02
1.906359100341796875e+02
1.907764568328857422e+02
1.909181716442108154e+02
1.910569672584533691e+02
1.911942043304443359e+02
1.913367874622344971e+02
1.914730124473571777e+02
1.916212527751922607e+02
1.917577331066131592e+02
1.919022705554962158e+02
1.920413072109222412e+02
1.921757137775421143e+02
1.923320980072021484e+02
1.924846117496490479e+02
1.926216237545013428e+02
1.927657914161682129e+02
1.929171285629272461e+02
1.930528514385223389e+02
