0.000000000000000000e+00
1.963992118835449219e-01
3.733000755310058594e-01
5.134150981903076172e-01
6.632635593414306641e-01
8.293714523315429688e-01
9.879279136657714844e-01
1.126175165176391602e+00
1.264948368072509766e+00
1.404338121414184570e+00
1.554127454757690430e+00
1.691399574279785156e+00
1.839868307113647461e+00
1.991063594818115234e+00
2.133490800857543945e+00
2.282883167266845703e+00
2.415391206741333008e+00
2.554739952087402344e+00
2.712873935699462891e+00
2.863291501998901367e+00
3.001816272735595703e+00
3.148748397827148438e+00
3.288016080856323242e+00
3.426326513290405273e+00
3.579095602035522461e+00
3.726449251174926758e+00
3.867440700531005859e+00
4.007561922073364258e+00
4.152792930603027344e+00
4.292368888854980469e+00
4.426273107528686523e+00
4.567699909210205078e+00
4.705465078353881836e+00
4.846188783645629883e+00
4.985040426254272461e+00
5.130066394805908203e+00
5.275704383850097656e+00
5.416298627853393555e+00
5.622538328170776367e+00
5.787412881851196289e+00
5.929029703140258789e+00
6.078734397888183594e+00
6.218333005905151367e+00
6.358840465545654297e+00
6.538167476654052734e+00
6.699657201766967773e+00
6.854067087173461914e+00
7.012273550033569336e+00
7.178119659423828125e+00
7.317095279693603516e+00
7.470453262329101562e+00
7.617347955703735352e+00
7.760125637054443359e+00
7.900754928588867188e+00
8.047106027603149414e+00
8.189821481704711914e+00
8.358015537261962891e+00
8.504239320755004883e+00
8.663287162780761719e+00
8.809398651123046875e+00
8.964611291885375977e+00
9.118777275085449219e+00
9.263035058975219727e+00
9.414545059204101562e+00
9.551306724548339844e+00
9.691763639450073242e+00
9.838251352310180664e+00
9.978249073028564453e+00
1.011988711357116699e+01
1.026036643981933594e+01
1.041053223609924316e+01
1.059991240501403809e+01
1.074045372009277344e+01
1.089818310737609863e+01
1.104477310180664062e+01
1.118122243881225586e+01
1.133225727081298828e+01
1.148826146125793457e+01
1.162890195846557617e+01
1.178899383544921875e+01
1.194985580444335938e+01
1.209169816970825195e+01
1.224246144294738770e+01
1.238626646995544434e+01
1.253413105010986328e+01
1.267606091499328613e+01
1.281962251663208008e+01
1.296003556251525879e+01
1.310208964347839355e+01
1.324678134918212891e+01
1.339128875732421875e+01
1.354708409309387207e+01
1.369311761856079102e+01
1.383257246017456055e+01
1.397054290771484375e+01
1.410555076599121094e+01
1.424283099174499512e+01
1.439790558815002441e+01
1.454845404624938965e+01
1.468698906898498535e+01
1.482745122909545898e+01
1.496614861488342285e+01
1.510202717781066895e+01
1.523907780647277832e+01
1.538959789276123047e+01
1.553024172782897949e+01
1.567609524726867676e+01
1.582368135452270508e+01
1.596614742279052734e+01
1.610214090347290039e+01
1.624176359176635742e+01
1.639383339881896973e+01
1.654094386100769043e+01
1.668091607093811035e+01
1.683501195907592773e+01
1.698100066184997559e+01
1.712629032135009766e+01
1.726654362678527832e+01
1.741893744468688965e+01
1.757136893272399902e+01
1.772162342071533203e+01
1.786895084381103516e+01
1.801615548133850098e+01
1.815788292884826660e+01
1.830141568183898926e+01
1.844603490829467773e+01
1.859293317794799805e+01
1.873700857162475586e+01
1.887546992301940918e+01
1.902745032310485840e+01
1.918208742141723633e+01
1.932251954078674316e+01
1.947570061683654785e+01
1.961694025993347168e+01
1.975623869895935059e+01
1.989176249504089355e+01
2.002887892723083496e+01
2.016224336624145508e+01
2.029954791069030762e+01
2.043516325950622559e+01
2.057500934600830078e+01
2.071744966506958008e+01
2.085434246063232422e+01
2.098987054824829102e+01
2.112516999244689941e+01
2.126188254356384277e+01
2.139716529846191406e+01
2.153349256515502930e+01
2.167100596427917480e+01
2.180991911888122559e+01
2.194540023803710938e+01
2.208188343048095703e+01
2.221867966651916504e+01
2.235441207885742188e+01
2.248848557472229004e+01
2.262522315979003906e+01
2.276255273818969727e+01
2.289977073669433594e+01
2.303610134124755859e+01
2.318589425086975098e+01
2.332328367233276367e+01
2.345876622200012207e+01
2.360679054260253906e+01
2.374566721916198730e+01
2.388381218910217285e+01
2.401864409446716309e+01
2.415729594230651855e+01
2.429153704643249512e+01
2.450130462646484375e+01
2.463849949836730957e+01
2.477186083793640137e+01
2.490611171722412109e+01
2.504727315902709961e+01
2.518177080154418945e+01
2.532984089851379395e+01
2.546218943595886230e+01
2.560787105560302734e+01
2.575212526321411133e+01
2.588793492317199707e+01
2.602227735519409180e+01
2.616148686408996582e+01
2.629576253890991211e+01
2.643245697021484375e+01
2.657084894180297852e+01
2.670913887023925781e+01
2.684424686431884766e+01
2.698585844039916992e+01
2.712914037704467773e+01
2.726264333724975586e+01
2.739850378036499023e+01
2.753162479400634766e+01
2.766865420341491699e+01
2.780371403694152832e+01
2.793901205062866211e+01
2.807379102706909180e+01
2.821224427223205566e+01
2.834814739227294922e+01
2.848410153388977051e+01
2.862491273880004883e+01
2.875995731353759766e+01
2.889439272880554199e+01
2.902991294860839844e+01
2.916328310966491699e+01
2.929496788978576660e+01
2.943007159233093262e+01
2.956345677375793457e+01
2.969623136520385742e+01
2.983026695251464844e+01
2.996798610687255859e+01
3.010239553451538086e+01
3.023689675331115723e+01
3.037181735038757324e+01
3.050964498519897461e+01
3.064700055122375488e+01
3.078369545936584473e+01
3.092212104797363281e+01
3.105880951881408691e+01
3.119382190704345703e+01
3.133008551597595215e+01
3.146335935592651367e+01
3.159680557250976562e+01
3.172942447662353516e+01
3.186145377159118652e+01
3.199706530570983887e+01
3.213479900360107422e+01
3.227461147308349609e+01
3.241190624237060547e+01
3.256822609901428223e+01
3.270356583595275879e+01
3.283833694458007812e+01
3.297304201126098633e+01
3.310974478721618652e+01
3.325050878524780273e+01
3.339030432701110840e+01
3.352751255035400391e+01
3.367204165458679199e+01
3.381105875968933105e+01
3.394614839553833008e+01
3.407937312126159668e+01
3.421642231941223145e+01
3.435624456405639648e+01
3.448816943168640137e+01
3.462231588363647461e+01
3.475778388977050781e+01
3.489237594604492188e+01
3.504134893417358398e+01
3.517630529403686523e+01
3.531086611747741699e+01
3.544929432868957520e+01
3.558374571800231934e+01
3.571910667419433594e+01
3.586148428916931152e+01
3.599613380432128906e+01
3.613064312934875488e+01
3.627053952217102051e+01
3.640460562705993652e+01
3.654216694831848145e+01
3.668125057220458984e+01
3.681519246101379395e+01
3.695021438598632812e+01
3.708436942100524902e+01
3.722019243240356445e+01
3.735518860816955566e+01
3.748996448516845703e+01
3.762308025360107422e+01
3.775644683837890625e+01
3.788813304901123047e+01
3.802039194107055664e+01
3.815755963325500488e+01
3.829176592826843262e+01
3.842533516883850098e+01
3.856219244003295898e+01
3.870225620269775391e+01
3.884299969673156738e+01
3.897902417182922363e+01
3.911539340019226074e+01
3.925066280364990234e+01
3.938294148445129395e+01
3.951791429519653320e+01
3.965138578414916992e+01
3.978341698646545410e+01
3.991845893859863281e+01
4.005271291732788086e+01
4.019085574150085449e+01
4.032744097709655762e+01
4.046235084533691406e+01
4.060557818412780762e+01
4.074279761314392090e+01
4.087989759445190430e+01
4.101396441459655762e+01
4.114861488342285156e+01
4.128236627578735352e+01
4.141529798507690430e+01
4.155071520805358887e+01
4.168445920944213867e+01
4.182046627998352051e+01
4.195551013946533203e+01
4.209211730957031250e+01
4.223393654823303223e+01
4.236869359016418457e+01
4.250196051597595215e+01
4.263808155059814453e+01
4.277738809585571289e+01
4.292005109786987305e+01
4.305427908897399902e+01
4.318901014328002930e+01
4.332566118240356445e+01
4.346195006370544434e+01
4.360095715522766113e+01
4.373681020736694336e+01
4.387179207801818848e+01
4.400951147079467773e+01
4.414272499084472656e+01
4.427405047416687012e+01
4.440698099136352539e+01
4.454317164421081543e+01
4.467725443840026855e+01
4.481184649467468262e+01
4.495463609695434570e+01
4.508975386619567871e+01
4.522513580322265625e+01
4.536199188232421875e+01
4.551395225524902344e+01
4.564887881278991699e+01
4.578495573997497559e+01
4.592197036743164062e+01
4.605733370780944824e+01
4.619187879562377930e+01
4.632813286781311035e+01
4.646645164489746094e+01
4.660015892982482910e+01
4.673696684837341309e+01
4.687346887588500977e+01
4.700766968727111816e+01
4.714279532432556152e+01
4.728145790100097656e+01
4.741714429855346680e+01
4.755421352386474609e+01
4.769155168533325195e+01
4.782574772834777832e+01
4.795956993103027344e+01
4.810051536560058594e+01
4.823820972442626953e+01
4.837370204925537109e+01
4.851342749595642090e+01
4.864801764488220215e+01
4.878432035446166992e+01
4.892066621780395508e+01
4.905533242225646973e+01
4.918794059753417969e+01
4.932154893875122070e+01
4.945582962036132812e+01
4.958744812011718750e+01
4.972199320793151855e+01
4.986020469665527344e+01
4.999508452415466309e+01
5.013023853302001953e+01
5.026678013801574707e+01
5.040174508094787598e+01
5.054363298416137695e+01
5.072256708145141602e+01
5.085796642303466797e+01
5.099302029609680176e+01
5.112775850296020508e+01
5.126075220108032227e+01
5.141650605201721191e+01
5.155228948593139648e+01
5.168342208862304688e+01
5.182198619842529297e+01
5.195770311355590820e+01
5.209229397773742676e+01
5.223643207550048828e+01
5.237046194076538086e+01
5.252305841445922852e+01
5.265787363052368164e+01
5.280291891098022461e+01
5.293699073791503906e+01
5.307200527191162109e+01
5.320737409591674805e+01
5.334096121788024902e+01
5.347275948524475098e+01
5.360936665534973145e+01
5.374256730079650879e+01
5.388005876541137695e+01
5.401541519165039062e+01
5.414989566802978516e+01
5.428351187705993652e+01
5.442045092582702637e+01
5.457164406776428223e+01
5.470618224143981934e+01
5.484563469886779785e+01
5.498221087455749512e+01
5.511837530136108398e+01
5.525756263732910156e+01
5.539165520668029785e+01
5.552645063400268555e+01
5.566305875778198242e+01
5.579816508293151855e+01
5.593622088432312012e+01
5.607108044624328613e+01
5.620541024208068848e+01
5.634010553359985352e+01
5.647359156608581543e+01
5.660804247856140137e+01
5.674725580215454102e+01
5.688383197784423828e+01
5.702325749397277832e+01
5.715809631347656250e+01
5.729247450828552246e+01
5.743443179130554199e+01
5.757120513916015625e+01
5.770904421806335449e+01
5.784584426879882812e+01
5.798348116874694824e+01
5.811914134025573730e+01
5.825329494476318359e+01
5.839026284217834473e+01
5.852428102493286133e+01
5.866184949874877930e+01
5.879876184463500977e+01
5.893837857246398926e+01
5.907090663909912109e+01
5.920849490165710449e+01
5.934132623672485352e+01
5.947650933265686035e+01
5.960947060585021973e+01
5.975443172454833984e+01
5.989231300354003906e+01
6.002940917015075684e+01
6.016398787498474121e+01
6.030355596542358398e+01
6.043938279151916504e+01
6.057521843910217285e+01
6.071398687362670898e+01
6.086551737785339355e+01
6.100081419944763184e+01
6.113565754890441895e+01
6.126943802833557129e+01
6.140445423126220703e+01
6.153885030746459961e+01
6.167440652847290039e+01
6.183040046691894531e+01
6.196986317634582520e+01
6.210888457298278809e+01
6.224557352066040039e+01
6.238251161575317383e+01
6.251625370979309082e+01
6.265415668487548828e+01
6.281015658378601074e+01
6.294671225547790527e+01
6.308643150329589844e+01
6.322323966026306152e+01
6.335981082916259766e+01
6.351951241493225098e+01
6.365927338600158691e+01
6.379266333580017090e+01
6.393783712387084961e+01
6.408335280418395996e+01
6.421996831893920898e+01
6.435416865348815918e+01
6.448863339424133301e+01
6.462299680709838867e+01
6.475957226753234863e+01
6.489759135246276855e+01
6.503645515441894531e+01
6.517802715301513672e+01
6.531280159950256348e+01
6.544767379760742188e+01
6.558117985725402832e+01
6.572084856033325195e+01
6.585717320442199707e+01
6.601916050910949707e+01
6.615418052673339844e+01
6.628833532333374023e+01
6.642154836654663086e+01
6.655961537361145020e+01
6.670520138740539551e+01
6.683943319320678711e+01
6.697561836242675781e+01
6.711150455474853516e+01
6.724522995948791504e+01
6.737658119201660156e+01
6.751790118217468262e+01
6.765270686149597168e+01
6.778635716438293457e+01
6.792051959037780762e+01
6.805533933639526367e+01
6.818870520591735840e+01
6.832199001312255859e+01
6.845850086212158203e+01
6.859501981735229492e+01
6.873681068420410156e+01
6.887419724464416504e+01
6.905283641815185547e+01
6.919133400917053223e+01
6.932815551757812500e+01
6.946192741394042969e+01
6.959382653236389160e+01
6.973410463333129883e+01
6.987030220031738281e+01
7.000504422187805176e+01
7.013891005516052246e+01
7.027356553077697754e+01
7.040722417831420898e+01
7.054373645782470703e+01
7.070673012733459473e+01
7.084477257728576660e+01
7.097811007499694824e+01
7.112184238433837891e+01
7.125559639930725098e+01
7.139462876319885254e+01
7.153392958641052246e+01
7.167463088035583496e+01
7.180882573127746582e+01
7.194485306739807129e+01
7.208179759979248047e+01
7.221680545806884766e+01
7.235339546203613281e+01
7.248836851119995117e+01
7.262127709388732910e+01
7.275699520111083984e+01
7.289655447006225586e+01
7.303776979446411133e+01
7.317095756530761719e+01
7.331525778770446777e+01
7.344870829582214355e+01
7.358474588394165039e+01
7.372186470031738281e+01
7.385796976089477539e+01
7.399228072166442871e+01
7.412892174720764160e+01
7.426347398757934570e+01
7.440049290657043457e+01
7.454093480110168457e+01
7.468048286437988281e+01
7.482321763038635254e+01
7.496332716941833496e+01
7.511247539520263672e+01
7.524426412582397461e+01
7.538112521171569824e+01
7.551931166648864746e+01
7.565818405151367188e+01
7.579162931442260742e+01
7.592950296401977539e+01
7.606318354606628418e+01
7.620046281814575195e+01
7.633609843254089355e+01
7.647169637680053711e+01
7.661906576156616211e+01
7.675415945053100586e+01
7.691615200042724609e+01
7.705052947998046875e+01
7.718746185302734375e+01
7.733094906806945801e+01
7.746783757209777832e+01
7.760169982910156250e+01
7.773701691627502441e+01
7.787166166305541992e+01
7.800672936439514160e+01
7.814270067214965820e+01
7.827805733680725098e+01
7.841656208038330078e+01
7.855582547187805176e+01
7.869049954414367676e+01
7.882599854469299316e+01
7.898609757423400879e+01
7.912003302574157715e+01
7.925482392311096191e+01
7.939180707931518555e+01
7.953404593467712402e+01
7.967251491546630859e+01
7.981087136268615723e+01
7.994539952278137207e+01
8.008623766899108887e+01
8.022449779510498047e+01
8.036478948593139648e+01
8.050202417373657227e+01
8.063897800445556641e+01
8.077300333976745605e+01
8.092259883880615234e+01
8.106342840194702148e+01
8.119829034805297852e+01
8.133968901634216309e+01
8.147555494308471680e+01
8.161362123489379883e+01
8.175001549720764160e+01
8.188509559631347656e+01
8.202448296546936035e+01
8.216177988052368164e+01
8.230387854576110840e+01
8.244295310974121094e+01
8.258440303802490234e+01
8.273225688934326172e+01
8.287199211120605469e+01
8.300626111030578613e+01
8.314448237419128418e+01
8.328085684776306152e+01
8.342458415031433105e+01
8.356135034561157227e+01
8.369957661628723145e+01
8.383753204345703125e+01
8.397436809539794922e+01
8.411225748062133789e+01
8.424988842010498047e+01
8.438670921325683594e+01
8.452366256713867188e+01
8.466757369041442871e+01
8.480434823036193848e+01
8.494980049133300781e+01
8.509783911705017090e+01
8.523370027542114258e+01
8.537029695510864258e+01
8.551023101806640625e+01
8.564731836318969727e+01
8.578918623924255371e+01
8.593443965911865234e+01
8.608698558807373047e+01
8.622512292861938477e+01
8.636054372787475586e+01
8.650708317756652832e+01
8.664318847656250000e+01
8.677956795692443848e+01
8.691760730743408203e+01
8.705188035964965820e+01
8.719167804718017578e+01
8.732612991333007812e+01
8.746180438995361328e+01
8.759750699996948242e+01
8.774592447280883789e+01
8.796608972549438477e+01
8.810610413551330566e+01
8.824314904212951660e+01
8.838087797164916992e+01
8.851705050468444824e+01
8.865750551223754883e+01
8.879388761520385742e+01
8.893213105201721191e+01
8.907701468467712402e+01
8.921636939048767090e+01
8.935429382324218750e+01
8.949354529380798340e+01
8.963357710838317871e+01
8.977105045318603516e+01
8.992428755760192871e+01
9.006946277618408203e+01
9.021258759498596191e+01
9.034910678863525391e+01
9.049935674667358398e+01
9.063597178459167480e+01
9.077557706832885742e+01
9.091454362869262695e+01
9.105859255790710449e+01
9.119378948211669922e+01
9.133787083625793457e+01
9.147425937652587891e+01
9.161237001419067383e+01
9.175124740600585938e+01
9.190228271484375000e+01
9.203801274299621582e+01
9.218163943290710449e+01
9.231609988212585449e+01
9.245250678062438965e+01
9.259371995925903320e+01
9.273443913459777832e+01
9.287258267402648926e+01
9.301974153518676758e+01
9.315483808517456055e+01
9.329866099357604980e+01
9.343829703330993652e+01
9.357770156860351562e+01
9.371552419662475586e+01
9.385347938537597656e+01
9.399195647239685059e+01
9.412941312789916992e+01
9.426748347282409668e+01
9.440440106391906738e+01
9.454180645942687988e+01
9.468677973747253418e+01
9.482401108741760254e+01
9.496026921272277832e+01
9.510333156585693359e+01
9.524135231971740723e+01
9.537850189208984375e+01
9.551455926895141602e+01
9.565302944183349609e+01
9.579261732101440430e+01
9.593391418457031250e+01
9.607066965103149414e+01
9.621165466308593750e+01
9.634692049026489258e+01
9.648967456817626953e+01
9.662681579589843750e+01
9.678037214279174805e+01
9.692440724372863770e+01
9.710198092460632324e+01
9.724215316772460938e+01
9.737966895103454590e+01
9.751935791969299316e+01
9.765625143051147461e+01
9.779294323921203613e+01
9.792995572090148926e+01
9.806577444076538086e+01
9.820311713218688965e+01
9.834094691276550293e+01
9.848431801795959473e+01
9.862040209770202637e+01
9.877675890922546387e+01
9.891462588310241699e+01
9.905231213569641113e+01
9.918944978713989258e+01
9.932463383674621582e+01
9.946067166328430176e+01
9.960402846336364746e+01
9.974429440498352051e+01
9.988127160072326660e+01
1.000209708213806152e+02
1.001540620326995850e+02
1.003050785064697266e+02
1.004433228969573975e+02
1.005961976051330566e+02
1.007384047508239746e+02
1.009059355258941650e+02
1.010438179969787598e+02
1.011891460418701172e+02
1.016312618255615234e+02
1.018119115829467773e+02
1.019512476921081543e+02
1.021007459163665771e+02
1.022418689727783203e+02
1.023792569637298584e+02
1.025227134227752686e+02
1.026631064414978027e+02
1.028041472434997559e+02
1.029599225521087646e+02
1.031058113574981689e+02
1.032435379028320312e+02
1.033769240379333496e+02
1.035153331756591797e+02
1.036630482673645020e+02
1.038032500743865967e+02
1.039398519992828369e+02
1.040856330394744873e+02
1.042240917682647705e+02
1.043622300624847412e+02
1.045031671524047852e+02
1.046388745307922363e+02
1.047770600318908691e+02
1.049138205051422119e+02
1.050514452457427979e+02
1.051877958774566650e+02
1.053245184421539307e+02
1.054606943130493164e+02
1.055966858863830566e+02
1.057332289218902588e+02
1.058727395534515381e+02
1.060347998142242432e+02
1.061715457439422607e+02
1.063089268207550049e+02
1.064468352794647217e+02
1.065817129611968994e+02
1.067300052642822266e+02
1.068719182014465332e+02
1.070128142833709717e+02
1.071638495922088623e+02
1.073064374923706055e+02
1.074424986839294434e+02
1.075918431282043457e+02
1.077322540283203125e+02
1.078712174892425537e+02
1.080086212158203125e+02
1.081446924209594727e+02
1.082965183258056641e+02
1.084319677352905273e+02
1.085704116821289062e+02
1.087153072357177734e+02
1.088525397777557373e+02
1.089921102523803711e+02
1.091306312084197998e+02
1.092712407112121582e+02
1.094088726043701172e+02
1.095463209152221680e+02
1.096875340938568115e+02
1.098243973255157471e+02
1.099619812965393066e+02
1.101017239093780518e+02
1.102378072738647461e+02
1.103827509880065918e+02
1.105202343463897705e+02
1.106557590961456299e+02
1.107935476303100586e+02
1.109374458789825439e+02
1.110820865631103516e+02
1.112187592983245850e+02
1.113572561740875244e+02
1.114967114925384521e+02
1.116324820518493652e+02
1.117744860649108887e+02
1.119107024669647217e+02
1.120501446723937988e+02
1.121875813007354736e+02
1.123227920532226562e+02
1.124588503837585449e+02
1.125964846611022949e+02
1.127328460216522217e+02
1.128720664978027344e+02
1.130140638351440430e+02
1.131520633697509766e+02
1.132979500293731689e+02
1.134334244728088379e+02
1.135687878131866455e+02
1.137074749469757080e+02
1.138423178195953369e+02
1.139801738262176514e+02
1.141184554100036621e+02
1.142558302879333496e+02
1.143924350738525391e+02
1.145282666683197021e+02
1.146695761680603027e+02
1.148044517040252686e+02
1.149453163146972656e+02
1.151038749217987061e+02
1.152409319877624512e+02
1.153781998157501221e+02
1.155142176151275635e+02
1.156502945423126221e+02
1.157890472412109375e+02
1.159493029117584229e+02
1.160921318531036377e+02
1.162336175441741943e+02
1.163775908946990967e+02
1.165173528194427490e+02
1.166578495502471924e+02
1.168029384613037109e+02
1.169402830600738525e+02
1.170779819488525391e+02
1.172322931289672852e+02
1.173932979106903076e+02
1.175303683280944824e+02
1.176689772605895996e+02
1.178063151836395264e+02
1.179418947696685791e+02
1.180928101539611816e+02
1.182290637493133545e+02
1.183619472980499268e+02
1.185146348476409912e+02
1.186494927406311035e+02
1.187943594455718994e+02
1.189325821399688721e+02
1.190672910213470459e+02
1.192023978233337402e+02
1.193369340896606445e+02
1.194765639305114746e+02
1.196131584644317627e+02
1.197533926963806152e+02
1.198907375335693359e+02
1.200281383991241455e+02
1.201707549095153809e+02
1.203073973655700684e+02
1.204417636394500732e+02
1.205825464725494385e+02
1.207198603153228760e+02
1.208565282821655273e+02
1.210027921199798584e+02
1.211471679210662842e+02
1.212956128120422363e+02
1.214409360885620117e+02
1.215800216197967529e+02
1.217229108810424805e+02
1.218678541183471680e+02
1.220062820911407471e+02
1.221426758766174316e+02
1.222798874378204346e+02
1.224143540859222412e+02
1.225523493289947510e+02
1.230218524932861328e+02
1.231598651409149170e+02
1.233011529445648193e+02
1.234463133811950684e+02
1.235840609073638916e+02
1.237249062061309814e+02
1.238594872951507568e+02
1.239998233318328857e+02
1.241377608776092529e+02
1.242870197296142578e+02
1.244310581684112549e+02
1.245687396526336670e+02
1.247195518016815186e+02
1.248574790954589844e+02
1.249952919483184814e+02
1.251302433013916016e+02
1.252816648483276367e+02
1.254176108837127686e+02
1.255572626590728760e+02
1.256950781345367432e+02
1.258313794136047363e+02
1.259699678421020508e+02
1.261055202484130859e+02
1.262429621219635010e+02
1.263769099712371826e+02
1.265163567066192627e+02
1.266547138690948486e+02
1.268041243553161621e+02
1.269446332454681396e+02
1.271050689220428467e+02
1.272434484958648682e+02
1.273804440498352051e+02
1.275327630043029785e+02
1.276765983104705811e+02
1.278141021728515625e+02
1.279495263099670410e+02
1.280893650054931641e+02
1.282232954502105713e+02
1.283682024478912354e+02
1.285052826404571533e+02
1.286428151130676270e+02
1.287907550334930420e+02
1.289288098812103271e+02
1.291135544776916504e+02
1.292493221759796143e+02
1.293867387771606445e+02
1.295255496501922607e+02
1.296593451499938965e+02
1.297940819263458252e+02
1.299307668209075928e+02
1.300778348445892334e+02
1.302140307426452637e+02
1.303531012535095215e+02
1.304871447086334229e+02
1.306206667423248291e+02
1.307546374797821045e+02
1.308942794799804688e+02
1.310395970344543457e+02
1.311839265823364258e+02
1.313225870132446289e+02
1.314583888053894043e+02
1.315950832366943359e+02
1.317342913150787354e+02
1.318713018894195557e+02
1.320207428932189941e+02
1.321546857357025146e+02
1.322917523384094238e+02
1.324324908256530762e+02
1.325718827247619629e+02
1.327143585681915283e+02
1.328508021831512451e+02
1.329886157512664795e+02
1.331235775947570801e+02
1.332585029602050781e+02
1.333957536220550537e+02
1.335301208496093750e+02
1.336660711765289307e+02
1.337994706630706787e+02
1.339376492500305176e+02
1.340767805576324463e+02
1.342123630046844482e+02
1.343466162681579590e+02
1.344825160503387451e+02
1.346217026710510254e+02
1.347579975128173828e+02
1.348925261497497559e+02
1.350283076763153076e+02
1.351639080047607422e+02
1.353001811504364014e+02
1.354631278514862061e+02
1.356034834384918213e+02
1.357393970489501953e+02
1.358948376178741455e+02
1.360327219963073730e+02
1.361683220863342285e+02
1.363213276863098145e+02
1.364558582305908203e+02
1.365911548137664795e+02
1.367268795967102051e+02
1.368691468238830566e+02
1.370058515071868896e+02
1.371467995643615723e+02
1.372895214557647705e+02
1.374281613826751709e+02
1.375679526329040527e+02
1.377146046161651611e+02
1.378516988754272461e+02
1.379849267005920410e+02
1.381195518970489502e+02
1.382542700767517090e+02
1.384121644496917725e+02
1.385445368289947510e+02
1.386786160469055176e+02
1.388260622024536133e+02
1.389586267471313477e+02
1.390932173728942871e+02
1.392278175354003906e+02
1.393748531341552734e+02
1.395133459568023682e+02
1.396944668292999268e+02
1.398374254703521729e+02
1.399788620471954346e+02
1.401169495582580566e+02
1.402612290382385254e+02
1.404019742012023926e+02
1.405528118610382080e+02
1.406942496299743652e+02
1.408366529941558838e+02
1.409760670661926270e+02
1.411473970413208008e+02
1.412821054458618164e+02
1.414289176464080811e+02
1.415620486736297607e+02
1.417100725173950195e+02
1.418465230464935303e+02
1.419832365512847900e+02
1.421183161735534668e+02
1.422683689594268799e+02
1.424074153900146484e+02
1.425464239120483398e+02
1.426975352764129639e+02
1.428349490165710449e+02
1.429725320339202881e+02
1.431110603809356689e+02
1.432493538856506348e+02
1.433891432285308838e+02
1.435259535312652588e+02
1.436974930763244629e+02
1.438334386348724365e+02
1.439764671325683594e+02
1.441150143146514893e+02
1.442534863948822021e+02
1.443973257541656494e+02
1.445372562408447266e+02
1.447074637413024902e+02
1.448477246761322021e+02
1.449891755580902100e+02
1.451270735263824463e+02
1.452912614345550537e+02
1.454475097656250000e+02
1.455865592956542969e+02
1.457435410022735596e+02
1.458944036960601807e+02
1.460378930568695068e+02
1.461806263923645020e+02
1.463216953277587891e+02
1.464690518379211426e+02
1.466277544498443604e+02
1.467672581672668457e+02
1.469049429893493652e+02
1.470469496250152588e+02
1.471936495304107666e+02
1.473317170143127441e+02
1.474898059368133545e+02
1.476346428394317627e+02
1.477854275703430176e+02
1.479336867332458496e+02
1.480971474647521973e+02
1.482328991889953613e+02
1.483786110877990723e+02
1.485206155776977539e+02
1.486589574813842773e+02
1.487984774112701416e+02
1.489421191215515137e+02
1.490790443420410156e+02
1.492166063785552979e+02
1.493740675449371338e+02
1.495149641036987305e+02
1.496567878723144531e+02
1.498040831089019775e+02
1.499408409595489502e+02
1.500849685668945312e+02
1.502317175865173340e+02
1.503680713176727295e+02
1.505094611644744873e+02
1.506485390663146973e+02
1.507862031459808350e+02
1.509292616844177246e+02
1.510889122486114502e+02
1.512360723018646240e+02
1.513765156269073486e+02
1.515231962203979492e+02
1.516670844554901123e+02
1.518157508373260498e+02
1.519608662128448486e+02
1.521049497127532959e+02
1.522542631626129150e+02
1.523925397396087646e+02
1.525363671779632568e+02
1.526854190826416016e+02
1.528244686126708984e+02
1.529735004901885986e+02
1.531207301616668701e+02
1.532555859088897705e+02
1.533909015655517578e+02
1.535325324535369873e+02
1.536707205772399902e+02
1.538129386901855469e+02
1.539528024196624756e+02
1.540917842388153076e+02
1.542326939105987549e+02
1.543688745498657227e+02
1.545068476200103760e+02
1.546447031497955322e+02
1.547810211181640625e+02
1.549236810207366943e+02
1.550655715465545654e+02
1.552082896232604980e+02
1.553538753986358643e+02
1.555060520172119141e+02
1.556441743373870850e+02
1.557880368232727051e+02
1.559326038360595703e+02
1.560819890499114990e+02
1.562202668190002441e+02
1.563616716861724854e+02
1.564964792728424072e+02
1.566322238445281982e+02
1.567693905830383301e+02
1.569085698127746582e+02
1.570476880073547363e+02
1.571890211105346680e+02
1.573451890945434570e+02
1.574797925949096680e+02
1.576159353256225586e+02
1.577532713413238525e+02
1.579038059711456299e+02
1.580463695526123047e+02
1.581855027675628662e+02
1.583423938751220703e+02
1.584927198886871338e+02
1.586382067203521729e+02
1.587779726982116699e+02
1.589238247871398926e+02
1.590621597766876221e+02
1.592068798542022705e+02
1.593575456142425537e+02
1.595027360916137695e+02
1.596426334381103516e+02
1.597847328186035156e+02
1.599376602172851562e+02
1.600868475437164307e+02
1.602236592769622803e+02
1.603594489097595215e+02
1.605047564506530762e+02
1.606408903598785400e+02
1.607773883342742920e+02
1.609169089794158936e+02
1.610565760135650635e+02
1.612016489505767822e+02
1.613393962383270264e+02
1.614787750244140625e+02
1.616221196651458740e+02
1.617727122306823730e+02
1.619139268398284912e+02
1.620556120872497559e+02
1.621992092132568359e+02
1.623403618335723877e+02
1.624871053695678711e+02
1.626262214183807373e+02
1.627655274868011475e+02
1.629195098876953125e+02
1.630914795398712158e+02
1.632334344387054443e+02
1.633720712661743164e+02
1.635918443202972412e+02
1.638966505527496338e+02
1.640406484603881836e+02
1.641826331615447998e+02
1.643319792747497559e+02
1.645011022090911865e+02
1.646486079692840576e+02
1.648058102130889893e+02
1.650098919868469238e+02
1.651491041183471680e+02
1.652970242500305176e+02
1.654370853900909424e+02
1.655748331546783447e+02
1.657300033569335938e+02
1.658715336322784424e+02
1.660202877521514893e+02
1.661615452766418457e+02
1.663084611892700195e+02
1.664567155838012695e+02
1.665986573696136475e+02
1.667375142574310303e+02
1.668929734230041504e+02
1.670318052768707275e+02
1.671676125526428223e+02
1.673087441921234131e+02
1.674482111930847168e+02
1.676008083820343018e+02
1.677535266876220703e+02
1.678915500640869141e+02
1.680422310829162598e+02
1.681814634799957275e+02
1.683540034294128418e+02
1.685041613578796387e+02
1.686464595794677734e+02
1.688044388294219971e+02
1.689447505474090576e+02
1.692425246238708496e+02
1.693839547634124756e+02
1.695593607425689697e+02
1.697360820770263672e+02
1.698831636905670166e+02
1.700276086330413818e+02
1.701943299770355225e+02
1.703324763774871826e+02
1.704941768646240234e+02
1.706405339241027832e+02
1.707797379493713379e+02
1.709293034076690674e+02
1.710861492156982422e+02
1.712375411987304688e+02
1.713869333267211914e+02
1.715284230709075928e+02
1.716798779964447021e+02
1.718197145462036133e+02
1.719671275615692139e+02
1.721114552021026611e+02
1.722581160068511963e+02
1.724068512916564941e+02
1.725483624935150146e+02
1.726901013851165771e+02
1.728350307941436768e+02
1.729769849777221680e+02
1.731194016933441162e+02
1.732718741893768311e+02
1.734228363037109375e+02
1.735662848949432373e+02
1.737078697681427002e+02
1.738579225540161133e+02
1.740092122554779053e+02
1.741493797302246094e+02
1.742886304855346680e+02
1.744305553436279297e+02
1.745747315883636475e+02
1.747407655715942383e+02
1.748806161880493164e+02
1.750618002414703369e+02
1.752081882953643799e+02
1.753502111434936523e+02
1.755123708248138428e+02
1.756485986709594727e+02
1.757868125438690186e+02
1.759352312088012695e+02
1.760810561180114746e+02
1.762215018272399902e+02
1.763588397502899170e+02
1.765000257492065430e+02
1.766420192718505859e+02
1.767769351005554199e+02
1.769144742488861084e+02
1.770604162216186523e+02
1.771978468894958496e+02
1.773403012752532959e+02
1.774805393218994141e+02
1.776173675060272217e+02
1.777617337703704834e+02
1.779038796424865723e+02
1.780403368473052979e+02
1.781839554309844971e+02
1.783205192089080811e+02
1.784655921459197998e+02
1.786037330627441406e+02
1.787496724128723145e+02
1.789141993522644043e+02
1.790576853752136230e+02
1.792458846569061279e+02
1.794008755683898926e+02
1.795411002635955811e+02
1.796858420372009277e+02
1.798295614719390869e+02
1.799746174812316895e+02
1.801229145526885986e+02
1.802641274929046631e+02
1.804087955951690674e+02
1.805450329780578613e+02
1.806839995384216309e+02
1.808241460323333740e+02
1.809672205448150635e+02
1.811160240173339844e+02
1.812868916988372803e+02
1.814380581378936768e+02
1.815770571231842041e+02
1.817133224010467529e+02
1.818488726615905762e+02
1.819854297637939453e+02
1.821273696422576904e+02
1.822727830410003662e+02
1.824138693809509277e+02
1.825558688640594482e+02
1.827036824226379395e+02
1.828469038009643555e+02
1.829884016513824463e+02
1.831253497600555420e+02
1.832676017284393311e+02
1.834057857990264893e+02
1.835508222579956055e+02
1.836912469863891602e+02
1.838289420604705811e+02
1.839759812355041504e+02
1.841107518672943115e+02
1.842876398563385010e+02
1.844302504062652588e+02
1.845724844932556152e+02
1.847123405933380127e+02
1.848499932289123535e+02
1.849962782859802246e+02
1.851347639560699463e+02
1.852873766422271729e+02
1.854707407951354980e+02
1.856270618438720703e+02
1.857686057090759277e+02
1.859180905818939209e+02
1.860586502552032471e+02
1.862116649150848389e+02
1.863543157577514648e+02
1.864930315017700195e+02
1.866409614086151123e+02
1.867949464321136475e+02
1.869335243701934814e+02
1.871022744178771973e+02
1.872484605312347412e+02
1.874199144840240479e+02
1.875964102745056152e+02
1.877358150482177734e+02
1.878798348903656006e+02
1.880258886814117432e+02
1.881914134025573730e+02
1.883279070854187012e+02
1.884714140892028809e+02
1.886359808444976807e+02
1.887762873172760010e+02
1.889169015884399414e+02
1.890673611164093018e+02
1.892104911804199219e+02
1.893502583503723145e+02
1.894923002719879150e+02
1.896392726898193359e+02
1.897846844196319580e+02
1.899307157993316650e+02
1.900727546215057373e+02
1.902236356735229492e+02
1.903630390167236328e+02
1.905049281120300293e+02
1.906461853981018066e+02
1.907963409423828125e+02
1.909521424770355225e+02
1.910917127132415771e+02
1.912557308673858643e+02
1.913947391510009766e+02
1.915387070178985596e+02
1.916858282089233398e+02
1.918314034938812256e+02
1.919763343334197998e+02
1.921182053089141846e+02
1.922711265087127686e+02
1.924149215221405029e+02
1.925604424476623535e+02
1.927054171562194824e+02
1.928416068553924561e+02
1.929857509136199951e+02
1.931327219009399414e+02
1.932853918075561523e+02
