0.000000000000000000e+00
1.001665592193603516e-01
2.004082202911376953e-01
3.005568981170654297e-01
4.008057117462158203e-01
5.009803771972656250e-01
6.011605262756347656e-01
7.013299465179443359e-01
8.014698028564453125e-01
9.016361236572265625e-01
1.001789569854736328e+00
1.101977348327636719e+00
1.202155113220214844e+00
1.302368879318237305e+00
1.402687311172485352e+00
1.502943754196166992e+00
1.603133916854858398e+00
1.703279495239257812e+00
1.803592681884765625e+00
1.903803586959838867e+00
2.004019021987915039e+00
2.104322433471679688e+00
2.204459428787231445e+00
2.304594039916992188e+00
2.404775142669677734e+00
2.504964828491210938e+00
2.605133771896362305e+00
2.705264091491699219e+00
2.805437326431274414e+00
2.905587673187255859e+00
3.005724668502807617e+00
3.105885982513427734e+00
3.206059694290161133e+00
3.306229829788208008e+00
3.406465053558349609e+00
3.506777763366699219e+00
3.606963872909545898e+00
3.707127332687377930e+00
3.807318449020385742e+00
3.907495975494384766e+00
4.007665634155273438e+00
4.107817173004150391e+00
4.208033323287963867e+00
4.308180809020996094e+00
4.408377170562744141e+00
4.508573293685913086e+00
4.608796119689941406e+00
4.708995103836059570e+00
4.809285402297973633e+00
4.909468412399291992e+00
5.009638309478759766e+00
5.109851360321044922e+00
5.210166454315185547e+00
5.310361862182617188e+00
5.410555601119995117e+00
5.510940074920654297e+00
5.611140251159667969e+00
5.711339235305786133e+00
5.811490774154663086e+00
5.911732435226440430e+00
6.011882066726684570e+00
6.112091779708862305e+00
6.212251901626586914e+00
6.312577009201049805e+00
6.412808418273925781e+00
6.515784978866577148e+00
6.616158962249755859e+00
6.716331720352172852e+00
6.816701173782348633e+00
6.916921854019165039e+00
7.017416000366210938e+00
7.117600679397583008e+00
7.217824697494506836e+00
7.318001270294189453e+00
7.418166399002075195e+00
7.518350839614868164e+00
7.618503093719482422e+00
7.718707561492919922e+00
7.818974733352661133e+00
7.919284105300903320e+00
8.019612550735473633e+00
8.119880199432373047e+00
8.220036745071411133e+00
8.320371627807617188e+00
8.420644283294677734e+00
8.520818471908569336e+00
8.621078014373779297e+00
8.721317768096923828e+00
8.821472883224487305e+00
8.921679496765136719e+00
9.021997451782226562e+00
9.122158527374267578e+00
9.222325801849365234e+00
9.322487592697143555e+00
9.422660589218139648e+00
9.522993564605712891e+00
9.623222827911376953e+00
9.723354339599609375e+00
9.823499441146850586e+00
9.923755407333374023e+00
1.002390742301940918e+01
1.012405347824096680e+01
1.022428345680236816e+01
1.032449078559875488e+01
1.042466068267822266e+01
1.052492260932922363e+01
1.062513065338134766e+01
1.072536420822143555e+01
1.082567262649536133e+01
1.092584872245788574e+01
1.102610778808593750e+01
1.112930822372436523e+01
1.122945904731750488e+01
1.132970738410949707e+01
1.143002748489379883e+01
1.153015422821044922e+01
1.163029980659484863e+01
1.173052072525024414e+01
1.183066201210021973e+01
1.193088889122009277e+01
1.203106212615966797e+01
1.213127851486206055e+01
1.223143315315246582e+01
1.233165812492370605e+01
1.243181657791137695e+01
1.253195905685424805e+01
1.263211894035339355e+01
1.273227739334106445e+01
1.283247971534729004e+01
1.293267869949340820e+01
1.303283166885375977e+01
1.313297724723815918e+01
1.323333716392517090e+01
1.333364009857177734e+01
1.343391466140747070e+01
1.353422045707702637e+01
1.363449740409851074e+01
1.373465847969055176e+01
1.383484530448913574e+01
1.393508362770080566e+01
1.403541350364685059e+01
1.413556170463562012e+01
1.423598337173461914e+01
1.433627438545227051e+01
1.443649458885192871e+01
1.453671312332153320e+01
1.463687467575073242e+01
1.473703050613403320e+01
1.483716750144958496e+01
1.493743324279785156e+01
1.503768157958984375e+01
1.513785791397094727e+01
1.523810291290283203e+01
1.533827686309814453e+01
1.543842768669128418e+01
1.553856658935546875e+01
1.563877034187316895e+01
1.573894834518432617e+01
1.583910608291625977e+01
1.593935608863830566e+01
1.603972196578979492e+01
1.614002990722656250e+01
1.624028849601745605e+01
1.634056210517883301e+01
1.644074487686157227e+01
1.654086589813232422e+01
1.664106726646423340e+01
1.674127602577209473e+01
1.684151935577392578e+01
1.694178700447082520e+01
1.704193139076232910e+01
1.714207077026367188e+01
1.724232149124145508e+01
1.734257340431213379e+01
1.744274401664733887e+01
1.754296112060546875e+01
1.764328026771545410e+01
1.774347686767578125e+01
1.784374809265136719e+01
1.794392085075378418e+01
1.804411840438842773e+01
1.814427947998046875e+01
1.824444746971130371e+01
1.834462285041809082e+01
1.844476127624511719e+01
1.854492735862731934e+01
1.864511823654174805e+01
1.874526333808898926e+01
1.884543514251708984e+01
1.894566321372985840e+01
1.904586744308471680e+01
1.914607763290405273e+01
1.924632763862609863e+01
1.934656691551208496e+01
1.944695758819580078e+01
1.954732012748718262e+01
1.964749503135681152e+01
1.974772644042968750e+01
1.984793663024902344e+01
1.994815540313720703e+01
2.004829311370849609e+01
2.014846134185791016e+01
2.024878454208374023e+01
2.034894394874572754e+01
2.044919753074645996e+01
2.054957747459411621e+01
2.064984798431396484e+01
2.075001859664916992e+01
2.085022592544555664e+01
2.095043826103210449e+01
2.105077290534973145e+01
2.115095758438110352e+01
2.125131440162658691e+01
2.135146927833557129e+01
2.145165443420410156e+01
2.155180478096008301e+01
2.165216779708862305e+01
2.175253319740295410e+01
2.185268282890319824e+01
2.195284128189086914e+01
2.205310750007629395e+01
2.215337729454040527e+01
2.225362133979797363e+01
2.235380840301513672e+01
2.245416212081909180e+01
2.255442833900451660e+01
2.265458202362060547e+01
2.275481057167053223e+01
2.285516500473022461e+01
2.295535230636596680e+01
2.305549669265747070e+01
2.315577268600463867e+01
2.325597429275512695e+01
2.335612988471984863e+01
2.345640277862548828e+01
2.355667352676391602e+01
2.365687847137451172e+01
2.375701737403869629e+01
2.385734701156616211e+01
2.395749855041503906e+01
2.405766153335571289e+01
2.415801095962524414e+01
2.425835108757019043e+01
2.435854816436767578e+01
2.445868086814880371e+01
2.455882239341735840e+01
2.465894770622253418e+01
2.475936317443847656e+01
2.486024618148803711e+01
2.496042132377624512e+01
2.506055879592895508e+01
2.516079282760620117e+01
2.526100087165832520e+01
2.536117315292358398e+01
2.546132540702819824e+01
2.556163978576660156e+01
2.566177916526794434e+01
2.576193237304687500e+01
2.586212563514709473e+01
2.596230888366699219e+01
2.606247782707214355e+01
2.616262173652648926e+01
2.626282691955566406e+01
2.636302232742309570e+01
2.646318244934082031e+01
2.656399893760681152e+01
2.666415643692016602e+01
2.676437783241271973e+01
2.686452364921569824e+01
2.696474504470825195e+01
2.706489467620849609e+01
2.716511034965515137e+01
2.726543045043945312e+01
2.736569547653198242e+01
2.746587944030761719e+01
2.756600642204284668e+01
2.766623950004577637e+01
2.776639962196350098e+01
2.786666727066040039e+01
2.796682572364807129e+01
2.806699299812316895e+01
2.816721034049987793e+01
2.826738023757934570e+01
2.836758565902709961e+01
2.846774530410766602e+01
2.856791329383850098e+01
2.866811275482177734e+01
2.876860022544860840e+01
2.886884093284606934e+01
2.896908569335937500e+01
2.906927704811096191e+01
2.916946434974670410e+01
2.926966238021850586e+01
2.936984467506408691e+01
2.946998977661132812e+01
2.957023334503173828e+01
2.967045068740844727e+01
2.977067565917968750e+01
2.987082052230834961e+01
2.997107505798339844e+01
3.007135081291198730e+01
3.017147827148437500e+01
3.027170896530151367e+01
3.037185955047607422e+01
3.047216320037841797e+01
3.057229804992675781e+01
3.067245030403137207e+01
3.077273321151733398e+01
3.087302184104919434e+01
3.097332453727722168e+01
3.107347035408020020e+01
3.117376661300659180e+01
3.127394342422485352e+01
3.137412548065185547e+01
3.147425508499145508e+01
3.157454752922058105e+01
3.167473006248474121e+01
3.177504897117614746e+01
3.187517523765563965e+01
3.197537326812744141e+01
3.207568383216857910e+01
3.217582178115844727e+01
3.227604699134826660e+01
3.237642359733581543e+01
3.247660374641418457e+01
3.257691931724548340e+01
3.267959594726562500e+01
3.277991437911987305e+01
3.288004827499389648e+01
3.298052740097045898e+01
3.308089756965637207e+01
3.318109869956970215e+01
3.328125047683715820e+01
3.338145184516906738e+01
3.348169255256652832e+01
3.358189105987548828e+01
3.368203973770141602e+01
3.378233718872070312e+01
3.388256669044494629e+01
3.398276209831237793e+01
3.408294987678527832e+01
3.418319892883300781e+01
3.428344702720642090e+01
3.438374185562133789e+01
3.448398542404174805e+01
3.458424687385559082e+01
3.468440270423889160e+01
3.478455972671508789e+01
3.488470125198364258e+01
3.498494172096252441e+01
3.508511209487915039e+01
3.518524360656738281e+01
3.528547620773315430e+01
3.538571739196777344e+01
3.548585915565490723e+01
3.558601880073547363e+01
3.568619871139526367e+01
3.578643274307250977e+01
3.588668966293334961e+01
3.598689007759094238e+01
3.608712935447692871e+01
3.618727874755859375e+01
3.628740739822387695e+01
3.638756990432739258e+01
3.648781561851501465e+01
3.658795237541198730e+01
3.668807935714721680e+01
3.678834247589111328e+01
3.688861918449401855e+01
3.698875999450683594e+01
3.708898544311523438e+01
3.718932461738586426e+01
3.728950619697570801e+01
3.738964056968688965e+01
3.749001646041870117e+01
3.759024500846862793e+01
3.769042849540710449e+01
3.779055953025817871e+01
3.789074110984802246e+01
3.799104595184326172e+01
3.809129714965820312e+01
3.819151711463928223e+01
3.829176735877990723e+01
3.839191389083862305e+01
3.849208045005798340e+01
3.859221696853637695e+01
3.869240498542785645e+01
3.879264616966247559e+01
3.889278697967529297e+01
3.899291086196899414e+01
3.909314703941345215e+01
3.919339060783386230e+01
3.929355740547180176e+01
3.939385700225830078e+01
3.949399518966674805e+01
3.959417152404785156e+01
3.969437122344970703e+01
3.979460692405700684e+01
3.989478206634521484e+01
3.999493479728698730e+01
4.009510564804077148e+01
4.019525313377380371e+01
4.029540395736694336e+01
4.039577198028564453e+01
4.049591779708862305e+01
4.059609961509704590e+01
4.069632554054260254e+01
4.079653167724609375e+01
4.089667129516601562e+01
4.099687671661376953e+01
4.109704399108886719e+01
4.119718217849731445e+01
4.129730892181396484e+01
4.139767336845397949e+01
4.149791860580444336e+01
4.159805917739868164e+01
4.169820690155029297e+01
4.179839277267456055e+01
4.189854001998901367e+01
4.199878954887390137e+01
4.209892225265502930e+01
4.219922089576721191e+01
4.229935812950134277e+01
4.239949464797973633e+01
4.249969410896301270e+01
4.259983754158020020e+01
4.270008730888366699e+01
4.280022025108337402e+01
4.290040969848632812e+01
4.300069546699523926e+01
4.310086488723754883e+01
4.320098614692687988e+01
4.330127477645874023e+01
4.340141797065734863e+01
4.350155353546142578e+01
4.360174155235290527e+01
4.370212030410766602e+01
4.380260801315307617e+01
4.390274238586425781e+01
4.400298118591308594e+01
4.410320878028869629e+01
4.420338201522827148e+01
4.430350685119628906e+01
4.440380263328552246e+01
4.450396132469177246e+01
4.460413646697998047e+01
4.470427012443542480e+01
4.480461263656616211e+01
4.490494871139526367e+01
4.500513458251953125e+01
4.510526585578918457e+01
4.520544075965881348e+01
4.530568289756774902e+01
4.540588116645812988e+01
4.550603604316711426e+01
4.560624384880065918e+01
4.570642828941345215e+01
4.580688357353210449e+01
4.590706729888916016e+01
4.600721430778503418e+01
4.610738348960876465e+01
4.620750999450683594e+01
4.630786609649658203e+01
4.640800476074218750e+01
4.650813937187194824e+01
4.660838460922241211e+01
4.670873117446899414e+01
4.680897116661071777e+01
4.690917563438415527e+01
4.700936579704284668e+01
4.710967087745666504e+01
4.720985794067382812e+01
4.731000471115112305e+01
4.741026806831359863e+01
4.751048421859741211e+01
4.761077809333801270e+01
4.771090388298034668e+01
4.781124091148376465e+01
4.791152691841125488e+01
4.801180338859558105e+01
4.811194181442260742e+01
4.821225142478942871e+01
4.831239056587219238e+01
4.841256928443908691e+01
4.851276183128356934e+01
4.861302089691162109e+01
4.871318697929382324e+01
4.881334042549133301e+01
4.891359758377075195e+01
4.901377916336059570e+01
4.911391496658325195e+01
4.921404218673706055e+01
4.931428098678588867e+01
4.941456484794616699e+01
4.951483511924743652e+01
4.961496996879577637e+01
4.971528482437133789e+01
4.981561660766601562e+01
4.991581869125366211e+01
5.001593756675720215e+01
5.011611390113830566e+01
5.021628689765930176e+01
5.031650757789611816e+01
5.041665101051330566e+01
5.051681995391845703e+01
5.061718010902404785e+01
5.071740865707397461e+01
5.081756448745727539e+01
5.091771483421325684e+01
5.101786303520202637e+01
5.111810994148254395e+01
5.121840333938598633e+01
5.131857013702392578e+01
5.141870784759521484e+01
5.151900053024291992e+01
5.161927223205566406e+01
5.171955299377441406e+01
5.181980061531066895e+01
5.192004346847534180e+01
5.202022027969360352e+01
5.212046241760253906e+01
5.222064590454101562e+01
5.232093954086303711e+01
5.242109966278076172e+01
5.252122974395751953e+01
5.262139129638671875e+01
5.272152352333068848e+01
5.282170534133911133e+01
5.292198061943054199e+01
5.302215337753295898e+01
5.312236499786376953e+01
5.322249341011047363e+01
5.332274055480957031e+01
5.342303514480590820e+01
5.352321505546569824e+01
5.362334656715393066e+01
5.372356128692626953e+01
5.382385635375976562e+01
5.392400598526000977e+01
5.402414488792419434e+01
5.412431216239929199e+01
5.422465372085571289e+01
5.432478809356689453e+01
5.442498278617858887e+01
5.452527093887329102e+01
5.462548756599426270e+01
5.472562289237976074e+01
5.482597780227661133e+01
5.492612600326538086e+01
5.502625703811645508e+01
5.512645983695983887e+01
5.522662234306335449e+01
5.532681608200073242e+01
5.542702126502990723e+01
5.552747273445129395e+01
5.562782812118530273e+01
5.572801375389099121e+01
5.582817077636718750e+01
5.592843270301818848e+01
5.602866959571838379e+01
5.612883400917053223e+01
5.622895765304565430e+01
5.632920169830322266e+01
5.642946076393127441e+01
5.652967572212219238e+01
5.662981653213500977e+01
5.673008751869201660e+01
5.683045196533203125e+01
5.693061900138854980e+01
5.703076338768005371e+01
5.713096284866333008e+01
5.723116588592529297e+01
5.733131814002990723e+01
5.743145537376403809e+01
5.753171658515930176e+01
5.763195943832397461e+01
5.773209643363952637e+01
5.783233880996704102e+01
5.793266892433166504e+01
5.803284645080566406e+01
5.813297247886657715e+01
5.823330497741699219e+01
5.833355402946472168e+01
5.843369197845458984e+01
5.853384160995483398e+01
5.863399076461791992e+01
5.873423004150390625e+01
5.883435797691345215e+01
5.893449544906616211e+01
5.903468275070190430e+01
5.913481712341308594e+01
5.923494219779968262e+01
5.933524250984191895e+01
5.943543338775634766e+01
5.953564786911010742e+01
5.963577651977539062e+01
5.973600888252258301e+01
5.983614373207092285e+01
5.993632149696350098e+01
6.003662037849426270e+01
6.013677167892456055e+01
6.023692035675048828e+01
6.033707761764526367e+01
6.043721199035644531e+01
6.053737926483154297e+01
6.063762664794921875e+01
6.073777675628662109e+01
6.083802103996276855e+01
6.093821501731872559e+01
6.103841495513916016e+01
6.113855838775634766e+01
6.123874187469482422e+01
6.133892488479614258e+01
6.143906402587890625e+01
6.153937959671020508e+01
6.163955545425415039e+01
6.173973822593688965e+01
6.183986997604370117e+01
6.194010925292968750e+01
6.204026842117309570e+01
6.214040613174438477e+01
6.224076867103576660e+01
6.234110069274902344e+01
6.244127106666564941e+01
6.254150867462158203e+01
6.264177179336547852e+01
6.274196648597717285e+01
6.284210324287414551e+01
6.294233608245849609e+01
6.304268145561218262e+01
6.314286375045776367e+01
6.324299788475036621e+01
6.334313225746154785e+01
6.344337892532348633e+01
6.354355549812316895e+01
6.364388465881347656e+01
6.374412775039672852e+01
6.384436464309692383e+01
6.394449090957641602e+01
6.404473447799682617e+01
6.414488482475280762e+01
6.424529290199279785e+01
6.434562158584594727e+01
6.444626903533935547e+01
6.454652380943298340e+01
6.464665484428405762e+01
6.474686121940612793e+01
6.484700155258178711e+01
6.494713878631591797e+01
6.504726386070251465e+01
6.514740443229675293e+01
6.524754357337951660e+01
6.534768342971801758e+01
6.544783759117126465e+01
6.554810690879821777e+01
6.564841890335083008e+01
6.574856185913085938e+01
6.584892225265502930e+01
6.594917106628417969e+01
6.604942774772644043e+01
6.614977502822875977e+01
6.625002217292785645e+01
6.635019159317016602e+01
6.645032072067260742e+01
6.655055785179138184e+01
6.665081024169921875e+01
6.675104212760925293e+01
6.685118293762207031e+01
6.695132374763488770e+01
6.705146241188049316e+01
6.715161061286926270e+01
6.725178956985473633e+01
6.735202980041503906e+01
6.745226597785949707e+01
6.755256056785583496e+01
6.765281629562377930e+01
6.775312399864196777e+01
6.785340452194213867e+01
6.795359730720520020e+01
6.805378913879394531e+01
6.815413308143615723e+01
6.825427985191345215e+01
6.835440945625305176e+01
6.845465135574340820e+01
6.855498790740966797e+01
6.865515899658203125e+01
6.875530099868774414e+01
6.885563540458679199e+01
6.895593595504760742e+01
6.905624651908874512e+01
6.915651822090148926e+01
6.925669360160827637e+01
6.935682630538940430e+01
6.945696997642517090e+01
6.955729556083679199e+01
6.965749263763427734e+01
6.975762963294982910e+01
6.985785317420959473e+01
6.995809531211853027e+01
7.005827379226684570e+01
7.015872263908386230e+01
7.025895357131958008e+01
7.035918807983398438e+01
7.045939493179321289e+01
7.055952835083007812e+01
7.065981435775756836e+01
7.076008868217468262e+01
7.086036133766174316e+01
7.096067523956298828e+01
7.106085038185119629e+01
7.116103768348693848e+01
7.126130604743957520e+01
7.136150741577148438e+01
7.146165299415588379e+01
7.156178355216979980e+01
7.166202974319458008e+01
7.176250576972961426e+01
7.186267971992492676e+01
7.196280908584594727e+01
7.206299591064453125e+01
7.216334080696105957e+01
7.226352500915527344e+01
7.236375808715820312e+01
7.246394062042236328e+01
7.256412434577941895e+01
7.266428804397583008e+01
7.276443910598754883e+01
7.286464810371398926e+01
7.296492981910705566e+01
7.306506848335266113e+01
7.316524147987365723e+01
7.326556849479675293e+01
7.336573719978332520e+01
7.346587085723876953e+01
7.356618261337280273e+01
7.366646552085876465e+01
7.376660132408142090e+01
7.386673283576965332e+01
7.396704149246215820e+01
7.406757593154907227e+01
7.416771769523620605e+01
7.426788449287414551e+01
7.436814808845520020e+01
7.446844315528869629e+01
7.456861615180969238e+01
7.466886043548583984e+01
7.476919150352478027e+01
7.486933732032775879e+01
7.496946859359741211e+01
7.506971025466918945e+01
7.516993594169616699e+01
7.527006912231445312e+01
7.537029981613159180e+01
7.547048783302307129e+01
7.557070326805114746e+01
7.567083644866943359e+01
7.577109313011169434e+01
7.587132620811462402e+01
7.597146487236022949e+01
7.607160091400146484e+01
7.617184138298034668e+01
7.627201628684997559e+01
7.637218117713928223e+01
7.647337651252746582e+01
7.657368040084838867e+01
7.667387175559997559e+01
7.677399516105651855e+01
7.687418150901794434e+01
7.697436141967773438e+01
7.707449841499328613e+01
7.717473363876342773e+01
7.727506613731384277e+01
7.737523484230041504e+01
7.747536039352416992e+01
7.757571315765380859e+01
7.767595529556274414e+01
7.777616095542907715e+01
7.787645006179809570e+01
7.797742533683776855e+01
7.807758307456970215e+01
7.817787671089172363e+01
7.827801465988159180e+01
7.837825679779052734e+01
7.847844672203063965e+01
7.857859659194946289e+01
7.867878556251525879e+01
7.877903079986572266e+01
7.887922906875610352e+01
7.897936677932739258e+01
7.907959461212158203e+01
7.917976355552673340e+01
7.927989840507507324e+01
7.938025379180908203e+01
7.948056864738464355e+01
7.958075523376464844e+01
7.968088436126708984e+01
7.978108692169189453e+01
7.988135290145874023e+01
7.998149418830871582e+01
8.008173727989196777e+01
8.018198895454406738e+01
8.028214049339294434e+01
8.038228011131286621e+01
8.048245954513549805e+01
8.058275985717773438e+01
8.068288898468017578e+01
8.078301262855529785e+01
8.088331937789916992e+01
8.098350381851196289e+01
8.108364272117614746e+01
8.118393874168395996e+01
8.128412151336669922e+01
8.138429117202758789e+01
8.148454999923706055e+01
8.158487153053283691e+01
8.168511080741882324e+01
8.178527426719665527e+01
8.188553190231323242e+01
8.198570942878723145e+01
8.208588457107543945e+01
8.218605303764343262e+01
8.228639292716979980e+01
8.238663077354431152e+01
8.248688888549804688e+01
8.258709001541137695e+01
8.268744516372680664e+01
8.278768992424011230e+01
8.288782978057861328e+01
8.298802256584167480e+01
8.308822059631347656e+01
8.318836474418640137e+01
8.328863716125488281e+01
8.338894057273864746e+01
8.348911881446838379e+01
8.358929133415222168e+01
8.368954372406005859e+01
8.378978991508483887e+01
8.388997054100036621e+01
8.399009704589843750e+01
8.409027838706970215e+01
8.419057774543762207e+01
8.429071521759033203e+01
8.439091801643371582e+01
8.449117851257324219e+01
8.459143543243408203e+01
8.469158291816711426e+01
8.479183268547058105e+01
8.489213180541992188e+01
8.499240040779113770e+01
8.509280586242675781e+01
8.519306612014770508e+01
8.529331016540527344e+01
8.539344024658203125e+01
8.549367642402648926e+01
8.559395694732666016e+01
8.569412136077880859e+01
8.579425930976867676e+01
8.589449429512023926e+01
8.599463367462158203e+01
8.609478592872619629e+01
8.619508242607116699e+01
8.629525828361511230e+01
8.639546036720275879e+01
8.649563407897949219e+01
8.659581685066223145e+01
8.669606900215148926e+01
8.679643130302429199e+01
8.689662504196166992e+01
8.699676871299743652e+01
8.709694504737854004e+01
8.719707822799682617e+01
8.729730987548828125e+01
8.739746880531311035e+01
8.749760365486145020e+01
8.759775900840759277e+01
8.769807457923889160e+01
8.779828381538391113e+01
8.789859342575073242e+01
8.799887990951538086e+01
8.809912705421447754e+01
8.819932389259338379e+01
8.829953241348266602e+01
8.839965963363647461e+01
8.849988484382629395e+01
8.860012555122375488e+01
8.870028638839721680e+01
8.880042409896850586e+01
8.890066695213317871e+01
8.900084471702575684e+01
8.910097980499267578e+01
8.920118260383605957e+01
8.930132174491882324e+01
8.940145063400268555e+01
8.950158286094665527e+01
8.960182070732116699e+01
8.970211958885192871e+01
8.980224752426147461e+01
8.990241861343383789e+01
9.000340032577514648e+01
9.010352635383605957e+01
9.020376873016357422e+01
9.030397748947143555e+01
9.040423464775085449e+01
9.050437784194946289e+01
9.060456538200378418e+01
9.070474505424499512e+01
9.080488681793212891e+01
9.090515708923339844e+01
9.100539517402648926e+01
9.110561561584472656e+01
9.120574045181274414e+01
9.130591177940368652e+01
9.140619826316833496e+01
9.150634765625000000e+01
9.160652661323547363e+01
9.170670199394226074e+01
9.180688309669494629e+01
9.190701746940612793e+01
9.200728535652160645e+01
9.210753202438354492e+01
9.220767068862915039e+01
9.230791521072387695e+01
9.240819644927978516e+01
9.250837326049804688e+01
9.260851120948791504e+01
9.270866227149963379e+01
9.280880880355834961e+01
9.290899705886840820e+01
9.300927710533142090e+01
9.310952401161193848e+01
9.320966553688049316e+01
9.330979251861572266e+01
9.341014099121093750e+01
9.351032137870788574e+01
9.361045479774475098e+01
9.371069574356079102e+01
9.381094431877136230e+01
9.391120386123657227e+01
9.401134920120239258e+01
9.411153340339660645e+01
9.421186494827270508e+01
9.431199789047241211e+01
9.441212105751037598e+01
9.451229953765869141e+01
9.461248183250427246e+01
9.471265006065368652e+01
9.481289243698120117e+01
9.491319346427917480e+01
9.501339769363403320e+01
9.511352896690368652e+01
9.521371793746948242e+01
9.531385850906372070e+01
9.541404271125793457e+01
9.551428103446960449e+01
9.561458945274353027e+01
9.571472525596618652e+01
9.581485652923583984e+01
9.591503572463989258e+01
9.601533532142639160e+01
9.611549735069274902e+01
9.621564650535583496e+01
9.631594204902648926e+01
9.641607809066772461e+01
9.651625037193298340e+01
9.661645960807800293e+01
9.671659445762634277e+01
9.681672263145446777e+01
9.691689848899841309e+01
9.701727175712585449e+01
9.711746525764465332e+01
9.721769142150878906e+01
9.731784105300903320e+01
9.741801071166992188e+01
9.751834845542907715e+01
9.761865639686584473e+01
9.771889877319335938e+01
9.781907010078430176e+01
9.791930460929870605e+01
9.801959085464477539e+01
9.811976695060729980e+01
9.821989583969116211e+01
9.832009863853454590e+01
9.842041945457458496e+01
9.852060580253601074e+01
9.862080836296081543e+01
9.872094249725341797e+01
9.882113432884216309e+01
9.892133450508117676e+01
9.902147388458251953e+01
9.912175369262695312e+01
9.922190833091735840e+01
9.932214736938476562e+01
9.942230486869812012e+01
9.952247810363769531e+01
9.962262177467346191e+01
9.972279644012451172e+01
9.982302880287170410e+01
9.992315626144409180e+01
1.000233106613159180e+02
1.001236128807067871e+02
1.002237915992736816e+02
1.003240256309509277e+02
1.004242660999298096e+02
1.005244472026824951e+02
1.006246140003204346e+02
1.007249264717102051e+02
1.008251225948333740e+02
1.009253170490264893e+02
1.010256502628326416e+02
1.011258950233459473e+02
1.012261946201324463e+02
1.013264830112457275e+02
1.014269888401031494e+02
1.015272643566131592e+02
1.016274955272674561e+02
1.017277595996856689e+02
1.018279314041137695e+02
1.019280827045440674e+02
1.020282795429229736e+02
1.021284151077270508e+02
1.022286224365234375e+02
1.023288536071777344e+02
1.024289929866790771e+02
1.025291254520416260e+02
1.026294546127319336e+02
1.027296502590179443e+02
1.028298058509826660e+02
1.029299857616424561e+02
1.030302927494049072e+02
1.031304223537445068e+02
1.032305645942687988e+02
1.033308048248291016e+02
1.034309794902801514e+02
1.035311310291290283e+02
1.036313550472259521e+02
1.037315759658813477e+02
1.038317160606384277e+02
1.039319765567779541e+02
1.040321848392486572e+02
1.041323194503784180e+02
1.042324438095092773e+02
1.043327386379241943e+02
1.044329745769500732e+02
1.045331063270568848e+02
1.046333425045013428e+02
1.047335166931152344e+02
1.048337130546569824e+02
1.049342818260192871e+02
1.050344326496124268e+02
1.051347723007202148e+02
1.052349431514739990e+02
1.053350896835327148e+02
1.054354205131530762e+02
1.055357005596160889e+02
1.056358258724212646e+02
1.057360656261444092e+02
1.058363046646118164e+02
1.059364480972290039e+02
1.060367360115051270e+02
1.061368870735168457e+02
1.062370209693908691e+02
1.063371846675872803e+02
1.064373240470886230e+02
1.065375220775604248e+02
1.066376614570617676e+02
1.067378213405609131e+02
1.068381028175354004e+02
1.069382450580596924e+02
1.070385003089904785e+02
1.071389024257659912e+02
1.072392442226409912e+02
1.073393914699554443e+02
1.074395818710327148e+02
1.075397601127624512e+02
1.076399612426757812e+02
1.077400918006896973e+02
1.078403663635253906e+02
1.079406445026397705e+02
1.080408890247344971e+02
1.081410827636718750e+02
1.082412638664245605e+02
1.083413944244384766e+02
1.084415352344512939e+02
1.085416805744171143e+02
1.086418247222900391e+02
1.087419953346252441e+02
1.088423738479614258e+02
1.089426426887512207e+02
1.090427808761596680e+02
1.091430287361145020e+02
1.092432923316955566e+02
1.093435499668121338e+02
1.094437253475189209e+02
1.095440137386322021e+02
1.096443324089050293e+02
1.097444729804992676e+02
1.098446097373962402e+02
1.099448885917663574e+02
1.100452213287353516e+02
1.101453657150268555e+02
1.102456085681915283e+02
1.103459558486938477e+02
1.104461491107940674e+02
1.105463032722473145e+02
1.106465101242065430e+02
1.107467529773712158e+02
1.108469777107238770e+02
1.109474248886108398e+02
1.110476415157318115e+02
1.111479961872100830e+02
1.112481257915496826e+02
1.113483173847198486e+02
1.114484577178955078e+02
1.115487711429595947e+02
1.116489076614379883e+02
1.117492535114288330e+02
1.118494918346405029e+02
1.119496912956237793e+02
1.120499286651611328e+02
1.121502652168273926e+02
1.122504460811614990e+02
1.123506181240081787e+02
1.124508585929870605e+02
1.125510363578796387e+02
1.126512444019317627e+02
1.127513794898986816e+02
1.128515667915344238e+02
1.129517819881439209e+02
1.130519526004791260e+02
1.131521058082580566e+02
1.132524509429931641e+02
1.133526318073272705e+02
1.134527654647827148e+02
1.135530543327331543e+02
1.136532351970672607e+02
1.137534112930297852e+02
1.138535387516021729e+02
1.139538767337799072e+02
1.140541157722473145e+02
1.141543257236480713e+02
1.142545726299285889e+02
1.143548994064331055e+02
1.144550826549530029e+02
1.145552709102630615e+02
1.146558578014373779e+02
1.147560439109802246e+02
1.148562316894531250e+02
1.149564037322998047e+02
1.150565493106842041e+02
1.151567540168762207e+02
1.152568981647491455e+02
1.153572392463684082e+02
1.154573988914489746e+02
1.155575399398803711e+02
1.156577661037445068e+02
1.157579672336578369e+02
1.158582284450531006e+02
1.159584519863128662e+02
1.160586993694305420e+02
1.161588327884674072e+02
1.162590656280517578e+02
1.163594346046447754e+02
1.164596788883209229e+02
1.165599584579467773e+02
1.166601696014404297e+02
1.167604441642761230e+02
1.168606874942779541e+02
1.169608137607574463e+02
1.170610980987548828e+02
1.171612706184387207e+02
1.172614307403564453e+02
1.173616695404052734e+02
1.174618623256683350e+02
1.175620105266571045e+02
1.176623945236206055e+02
1.177626972198486328e+02
1.178628923892974854e+02
1.179630308151245117e+02
1.180632550716400146e+02
1.181634101867675781e+02
1.182635476589202881e+02
1.183636760711669922e+02
1.184638547897338867e+02
1.185640366077423096e+02
1.186641693115234375e+02
1.187644152641296387e+02
1.188646917343139648e+02
1.189648230075836182e+02
1.190649993419647217e+02
1.191651861667633057e+02
1.192653670310974121e+02
1.193655049800872803e+02
1.194658107757568359e+02
1.195661191940307617e+02
1.196662974357604980e+02
1.197664382457733154e+02
1.198666946887969971e+02
1.199669828414916992e+02
1.200671446323394775e+02
1.201675379276275635e+02
1.202677445411682129e+02
1.203680548667907715e+02
1.204681913852691650e+02
1.205684437751770020e+02
1.206686861515045166e+02
1.207688896656036377e+02
1.208690199851989746e+02
1.209694404602050781e+02
1.210697104930877686e+02
1.211698482036590576e+02
1.212702157497406006e+02
1.213704164028167725e+02
1.214705758094787598e+02
1.215708374977111816e+02
1.216712138652801514e+02
1.217713606357574463e+02
1.218714957237243652e+02
1.219717044830322266e+02
1.220719299316406250e+02
1.221720609664916992e+02
1.222723171710968018e+02
1.223725605010986328e+02
1.224728002548217773e+02
1.225729377269744873e+02
1.226732258796691895e+02
1.227734348773956299e+02
1.228738117218017578e+02
1.229741938114166260e+02
1.230745368003845215e+02
1.231747698783874512e+02
1.232750170230865479e+02
1.233753395080566406e+02
1.234754905700683594e+02
1.235756475925445557e+02
1.236758294105529785e+02
1.237760477066040039e+02
1.238761792182922363e+02
1.239764235019683838e+02
1.240766825675964355e+02
1.241768176555633545e+02
1.242770068645477295e+02
1.243773543834686279e+02
1.244776031970977783e+02
1.245777320861816406e+02
1.246779825687408447e+02
1.247781419754028320e+02
1.248782761096954346e+02
1.249784767627716064e+02
1.250786483287811279e+02
1.251787784099578857e+02
1.252789387702941895e+02
1.253790760040283203e+02
1.254793319702148438e+02
1.255794732570648193e+02
1.256796603202819824e+02
1.257798469066619873e+02
1.258799791336059570e+02
1.259801075458526611e+02
1.260803911685943604e+02
1.261805369853973389e+02
1.262806787490844727e+02
1.263808846473693848e+02
1.264811964035034180e+02
1.265813431739807129e+02
1.266814725399017334e+02
1.267817132472991943e+02
1.268818640708923340e+02
1.269820699691772461e+02
1.270823085308074951e+02
1.271826012134552002e+02
1.272827565670013428e+02
1.273830146789550781e+02
1.274833745956420898e+02
1.275836939811706543e+02
1.276839435100555420e+02
1.277842941284179688e+02
1.278844733238220215e+02
1.279846746921539307e+02
1.280848565101623535e+02
1.281850903034210205e+02
1.282853016853332520e+02
1.283855876922607422e+02
1.284858238697052002e+02
1.285860064029693604e+02
1.286861722469329834e+02
1.287863209247589111e+02
1.288865423202514648e+02
1.289867174625396729e+02
1.290868458747863770e+02
1.291870541572570801e+02
1.292872297763824463e+02
1.293874247074127197e+02
1.294876687526702881e+02
1.295878374576568604e+02
1.296879804134368896e+02
1.297881667613983154e+02
1.298884148597717285e+02
1.299885983467102051e+02
1.300887274742126465e+02
1.301890616416931152e+02
1.302892973423004150e+02
1.303894701004028320e+02
1.304897172451019287e+02
1.305899569988250732e+02
1.306901350021362305e+02
1.307903151512145996e+02
1.308905632495880127e+02
1.309908716678619385e+02
1.310910854339599609e+02
1.311913259029388428e+02
1.312914988994598389e+02
1.313917469978332520e+02
1.314918744564056396e+02
1.315920414924621582e+02
1.316923227310180664e+02
1.317924540042877197e+02
1.318925883769989014e+02
1.319928834438323975e+02
1.320931594371795654e+02
1.321933445930480957e+02
1.322936043739318848e+02
1.323937807083129883e+02
1.324939491748809814e+02
1.325941209793090820e+02
1.326944456100463867e+02
1.327947032451629639e+02
1.328948967456817627e+02
1.329950540065765381e+02
1.330953488349914551e+02
1.331955280303955078e+02
1.332957072257995605e+02
1.333958921432495117e+02
1.334961767196655273e+02
1.335963191986083984e+02
1.336964550018310547e+02
1.337966151237487793e+02
1.338967869281768799e+02
1.339969317913055420e+02
1.340971174240112305e+02
1.341973800659179688e+02
1.342975180149078369e+02
1.343976535797119141e+02
1.344978814125061035e+02
1.345981314182281494e+02
1.346984314918518066e+02
1.347985730171203613e+02
1.348987548351287842e+02
1.349989147186279297e+02
1.350991909503936768e+02
1.351993618011474609e+02
1.352996428012847900e+02
1.353999946117401123e+02
1.355002024173736572e+02
1.356004464626312256e+02
1.357006955146789551e+02
1.358009088039398193e+02
1.359011616706848145e+02
1.360013310909271240e+02
1.361015231609344482e+02
1.362016582489013672e+02
1.363018066883087158e+02
1.364019401073455811e+02
1.365020692348480225e+02
1.366021986007690430e+02
1.367023768424987793e+02
1.368025529384613037e+02
1.369026834964752197e+02
1.370029749870300293e+02
1.371033170223236084e+02
1.372034559249877930e+02
1.373035736083984375e+02
1.374038851261138916e+02
1.375041353702545166e+02
1.376043179035186768e+02
1.377073640823364258e+02
1.378075783252716064e+02
1.379077537059783936e+02
1.380079264640808105e+02
1.381118316650390625e+02
1.382119712829589844e+02
1.383122472763061523e+02
1.384123928546905518e+02
1.385126276016235352e+02
1.386127901077270508e+02
1.387129206657409668e+02
1.388131084442138672e+02
1.389132955074310303e+02
1.390134301185607910e+02
1.391135656833648682e+02
1.392138104438781738e+02
1.393140990734100342e+02
1.394142925739288330e+02
1.395145726203918457e+02
1.396147954463958740e+02
1.397150697708129883e+02
1.398153083324432373e+02
1.399155676364898682e+02
1.400157589912414551e+02
1.401159837245941162e+02
1.402161536216735840e+02
1.403164627552032471e+02
1.404166109561920166e+02
1.405168266296386719e+02
1.406170134544372559e+02
1.407173461914062500e+02
1.408175792694091797e+02
1.409177658557891846e+02
1.410179290771484375e+02
1.411182043552398682e+02
1.412184793949127197e+02
1.413186497688293457e+02
1.414188935756683350e+02
1.415190732479095459e+02
1.416193621158599854e+02
1.417195312976837158e+02
1.418197236061096191e+02
1.419200253486633301e+02
1.420201940536499023e+02
1.421204252243041992e+02
1.422206854820251465e+02
1.423209102153778076e+02
1.424210510253906250e+02
1.425213382244110107e+02
1.426215507984161377e+02
1.427217032909393311e+02
1.428218872547149658e+02
1.429221444129943848e+02
1.430223176479339600e+02
1.431224410533905029e+02
1.432226796150207520e+02
1.433229794502258301e+02
1.434231185913085938e+02
1.435233044624328613e+02
1.436235501766204834e+02
1.437237010002136230e+02
1.438239586353302002e+02
1.439241902828216553e+02
1.440243570804595947e+02
1.441244935989379883e+02
1.442248387336730957e+02
1.443250074386596680e+02
1.444251449108123779e+02
1.445252997875213623e+02
1.446255824565887451e+02
1.447257812023162842e+02
1.448260259628295898e+02
1.449263060092926025e+02
1.450264394283294678e+02
1.451266281604766846e+02
1.452267713546752930e+02
1.453269159793853760e+02
1.454272582530975342e+02
1.455274965763092041e+02
1.456276342868804932e+02
1.457278738021850586e+02
1.458282482624053955e+02
1.459283871650695801e+02
1.460286402702331543e+02
1.461289088726043701e+02
1.462290828227996826e+02
1.463292179107666016e+02
1.464294123649597168e+02
1.465296378135681152e+02
1.466298608779907227e+02
1.467301709651947021e+02
1.468303544521331787e+02
1.469305284023284912e+02
1.470308370590209961e+02
1.471311945915222168e+02
1.472313547134399414e+02
1.473315730094909668e+02
1.474317419528961182e+02
1.475319557189941406e+02
1.476322464942932129e+02
1.477325003147125244e+02
1.478327281475067139e+02
1.479328575134277344e+02
1.480330584049224854e+02
1.481332197189331055e+02
1.482334511280059814e+02
1.483336174488067627e+02
1.484339065551757812e+02
1.485340662002563477e+02
1.486342444419860840e+02
1.487344295978546143e+02
1.488346409797668457e+02
1.489348454475402832e+02
1.490350303649902344e+02
1.491352312564849854e+02
1.492353620529174805e+02
1.493356673717498779e+02
1.494358093738555908e+02
1.495359392166137695e+02
1.496361916065216064e+02
1.497363877296447754e+02
1.498365406990051270e+02
1.499368159770965576e+02
1.500370764732360840e+02
1.501372237205505371e+02
1.502373838424682617e+02
1.503375241756439209e+02
1.504376745223999023e+02
1.505378072261810303e+02
1.506379508972167969e+02
1.507381684780120850e+02
1.508383519649505615e+02
1.509385347366333008e+02
1.510387196540832520e+02
1.511389162540435791e+02
1.512390677928924561e+02
1.513393158912658691e+02
1.514394755363464355e+02
1.515396137237548828e+02
1.516398870944976807e+02
1.517400929927825928e+02
1.518402447700500488e+02
1.519404335021972656e+02
1.520406436920166016e+02
1.521407942771911621e+02
1.522410202026367188e+02
1.523412840366363525e+02
1.524414329528808594e+02
1.525415828227996826e+02
1.526418938636779785e+02
1.527420780658721924e+02
1.528423767089843750e+02
1.529426102638244629e+02
1.530427930355072021e+02
1.531429522037506104e+02
1.532430865764617920e+02
1.533433282375335693e+02
1.534435315132141113e+02
1.535436663627624512e+02
1.536438584327697754e+02
1.537440006732940674e+02
1.538441522121429443e+02
1.539443366527557373e+02
1.540445442199707031e+02
1.541447510719299316e+02
1.542449028491973877e+02
1.543452150821685791e+02
1.544454126358032227e+02
1.545455751419067383e+02
1.546458039283752441e+02
1.547460787296295166e+02
1.548462979793548584e+02
1.549465470314025879e+02
1.550467376708984375e+02
1.551469035148620605e+02
1.552471175193786621e+02
1.553475539684295654e+02
1.554477183818817139e+02
1.555478577613830566e+02
1.556480123996734619e+02
1.557482867240905762e+02
1.558484354019165039e+02
1.559486486911773682e+02
1.560488910675048828e+02
1.561491272449493408e+02
1.562492787837982178e+02
1.563495249748229980e+02
1.564497542381286621e+02
1.565499408245086670e+02
1.566500663757324219e+02
1.567502074241638184e+02
1.568505246639251709e+02
1.569507122039794922e+02
1.570508816242218018e+02
1.571512610912322998e+02
1.572514061927795410e+02
1.573515288829803467e+02
1.574518043994903564e+02
1.575521380901336670e+02
1.576522965431213379e+02
1.577525532245635986e+02
1.578527357578277588e+02
1.579529180526733398e+02
1.580530486106872559e+02
1.581532835960388184e+02
1.582534186840057373e+02
1.583535499572753906e+02
1.584537868499755859e+02
1.585540194511413574e+02
1.586541628837585449e+02
1.587544865608215332e+02
1.588546752929687500e+02
1.589549083709716797e+02
1.590550887584686279e+02
1.591552731990814209e+02
1.592554769515991211e+02
1.593556082248687744e+02
1.594558908939361572e+02
1.595561656951904297e+02
1.596563329696655273e+02
1.597565042972564697e+02
1.598567285537719727e+02
1.599569270610809326e+02
1.600575220584869385e+02
1.601577663421630859e+02
1.602579016685485840e+02
1.603581333160400391e+02
1.604583849906921387e+02
1.605586371421813965e+02
1.606587593555450439e+02
1.607590646743774414e+02
1.608593115806579590e+02
1.609595210552215576e+02
1.610596723556518555e+02
1.611598739624023438e+02
1.612601833343505859e+02
1.613603124618530273e+02
1.614605264663696289e+02
1.615607295036315918e+02
1.616609332561492920e+02
1.617611198425292969e+02
1.618612325191497803e+02
1.619613895416259766e+02
1.620615353584289551e+02
1.621617593765258789e+02
1.622619342803955078e+02
1.623620984554290771e+02
1.624623589515686035e+02
1.625625662803649902e+02
1.626627681255340576e+02
1.627629346847534180e+02
1.628631265163421631e+02
1.629633045196533203e+02
1.630634469985961914e+02
1.631636209487915039e+02
1.632637741565704346e+02
1.633639938831329346e+02
1.634641785621643066e+02
1.635643434524536133e+02
1.636645646095275879e+02
1.637648360729217529e+02
1.638651785850524902e+02
1.639654383659362793e+02
1.640655844211578369e+02
1.641658422946929932e+02
1.642660832405090332e+02
1.643662204742431641e+02
1.644664590358734131e+02
1.645666415691375732e+02
1.646668641567230225e+02
1.647670702934265137e+02
1.648672308921813965e+02
1.649674067497253418e+02
1.650675728321075439e+02
1.651677494049072266e+02
1.652680718898773193e+02
1.653682887554168701e+02
1.654684352874755859e+02
1.655686345100402832e+02
1.656687920093536377e+02
1.657689499855041504e+02
1.658691170215606689e+02
1.659692757129669189e+02
1.660694711208343506e+02
1.661696062088012695e+02
1.662697665691375732e+02
1.663700363636016846e+02
1.664702701568603516e+02
1.665704505443572998e+02
1.666706187725067139e+02
1.667707822322845459e+02
1.668710625171661377e+02
1.669713368415832520e+02
1.670715005397796631e+02
1.671717338562011719e+02
1.672719256877899170e+02
1.673720934391021729e+02
1.674724178314208984e+02
1.675727226734161377e+02
1.676729781627655029e+02
1.677733225822448730e+02
1.678737044334411621e+02
1.679740905761718750e+02
1.680742552280426025e+02
1.681745748519897461e+02
1.682747991085052490e+02
1.683750669956207275e+02
1.684752552509307861e+02
1.685754623413085938e+02
1.686756360530853271e+02
1.687759068012237549e+02
1.688760945796966553e+02
1.689762451648712158e+02
1.690765166282653809e+02
1.691768250465393066e+02
1.692770254611968994e+02
1.693773119449615479e+02
1.694774920940399170e+02
1.695776770114898682e+02
1.696778752803802490e+02
1.697780363559722900e+02
1.698782262802124023e+02
1.699785752296447754e+02
1.700787456035614014e+02
1.701789665222167969e+02
1.702792701721191406e+02
1.703794445991516113e+02
1.704796054363250732e+02
1.705799896717071533e+02
1.706802792549133301e+02
1.707806155681610107e+02
1.708808622360229492e+02
1.709812147617340088e+02
1.710813388824462891e+02
1.711815044879913330e+02
1.712816922664642334e+02
1.713819720745086670e+02
1.714821844100952148e+02
1.715823700428009033e+02
1.716825194358825684e+02
1.717828640937805176e+02
1.718830189704895020e+02
1.719832749366760254e+02
1.720836007595062256e+02
1.721839313507080078e+02
1.722840962409973145e+02
1.723842732906341553e+02
1.724846560955047607e+02
1.725848321914672852e+02
1.726851646900177002e+02
1.727853617668151855e+02
1.728855662345886230e+02
1.729857325553894043e+02
1.730859582424163818e+02
1.731862103939056396e+02
1.732864556312561035e+02
1.733866643905639648e+02
1.734868519306182861e+02
1.735870215892791748e+02
1.736872329711914062e+02
1.737874217033386230e+02
1.738876874446868896e+02
1.739879312515258789e+02
1.740881166458129883e+02
1.741883051395416260e+02
1.742884855270385742e+02
1.743886909484863281e+02
1.744888827800750732e+02
1.745890421867370605e+02
1.746893346309661865e+02
1.747895529270172119e+02
1.748896965980529785e+02
1.749899148941040039e+02
1.750900883674621582e+02
1.751902647018432617e+02
1.752904312610626221e+02
1.753905932903289795e+02
1.754908506870269775e+02
1.755910263061523438e+02
1.756912760734558105e+02
1.757914276123046875e+02
1.758916528224945068e+02
1.759918050765991211e+02
1.760919406414031982e+02
1.761921074390411377e+02
1.762924561500549316e+02
1.763925893306732178e+02
1.764928486347198486e+02
1.765931150913238525e+02
1.766932909488677979e+02
1.767934293746948242e+02
1.768936705589294434e+02
1.769939064979553223e+02
1.770940423011779785e+02
1.771942298412322998e+02
1.772945072650909424e+02
1.773947856426239014e+02
1.774949107170104980e+02
1.775951485633850098e+02
1.776953961849212646e+02
1.777955424785614014e+02
1.778957316875457764e+02
1.779960281848907471e+02
1.780962080955505371e+02
1.781963529586791992e+02
1.782965526580810547e+02
1.783967549800872803e+02
1.784969360828399658e+02
1.785972495079040527e+02
1.786973886489868164e+02
1.787975625991821289e+02
1.788977017402648926e+02
1.789980721473693848e+02
1.790982248783111572e+02
1.791984827518463135e+02
1.792986874580383301e+02
1.793988642692565918e+02
1.794992070198059082e+02
1.795993494987487793e+02
1.796995322704315186e+02
1.797999215126037598e+02
1.799001696109771729e+02
1.800003247261047363e+02
1.801005625724792480e+02
1.802008337974548340e+02
1.803010635375976562e+02
1.804012315273284912e+02
1.805014359951019287e+02
1.806016576290130615e+02
1.807018015384674072e+02
1.808021423816680908e+02
1.809025123119354248e+02
1.810028827190399170e+02
1.811032760143280029e+02
1.812035608291625977e+02
1.813037612438201904e+02
1.814039773941040039e+02
1.815041813850402832e+02
1.816043457984924316e+02
1.817045495510101318e+02
1.818047318458557129e+02
1.819048745632171631e+02
1.820050008296966553e+02
1.821052818298339844e+02
1.822055435180664062e+02
1.823057293891906738e+02
1.824059348106384277e+02
1.825062315464019775e+02
1.826063938140869141e+02
1.827065691947937012e+02
1.828068222999572754e+02
1.829070713520050049e+02
1.830072114467620850e+02
1.831073713302612305e+02
1.832075440883636475e+02
1.833077676296234131e+02
1.834079487323760986e+02
1.835081119537353516e+02
1.836082835197448730e+02
1.837084178924560547e+02
1.838085954189300537e+02
1.839089524745941162e+02
1.840091092586517334e+02
1.841093847751617432e+02
1.842097127437591553e+02
1.843099231719970703e+02
1.844101052284240723e+02
1.845103285312652588e+02
1.846106657981872559e+02
1.847109072208404541e+02
1.848112244606018066e+02
1.849113712310791016e+02
1.850115237236022949e+02
1.851118867397308350e+02
1.852122354507446289e+02
1.853123979568481445e+02
1.854126591682434082e+02
1.855128409862518311e+02
1.856130053997039795e+02
1.857133178710937500e+02
1.858134958744049072e+02
1.859136445522308350e+02
1.860139660835266113e+02
1.861141541004180908e+02
1.862143163681030273e+02
1.863144903182983398e+02
1.864146933555603027e+02
1.865149834156036377e+02
1.866151416301727295e+02
1.867153949737548828e+02
1.868155305385589600e+02
1.869157869815826416e+02
1.870161175727844238e+02
1.871162843704223633e+02
1.872164554595947266e+02
1.873167262077331543e+02
1.874169247150421143e+02
1.875170915126800537e+02
1.876172993183135986e+02
1.877175533771514893e+02
1.878177568912506104e+02
1.879179940223693848e+02
1.880182149410247803e+02
1.881185505390167236e+02
1.882188453674316406e+02
1.883190007209777832e+02
1.884192459583282471e+02
1.885194134712219238e+02
1.886197085380554199e+02
1.887198662757873535e+02
1.888200151920318604e+02
1.889201471805572510e+02
1.890204114913940430e+02
1.891205971240997314e+02
1.892207431793212891e+02
1.893209021091461182e+02
1.894211027622222900e+02
1.895212142467498779e+02
1.896213705539703369e+02
1.897216129302978516e+02
1.898218438625335693e+02
1.899220166206359863e+02
1.900222179889678955e+02
1.901224539279937744e+02
1.902226111888885498e+02
1.903229336738586426e+02
1.904231593608856201e+02
1.905233223438262939e+02
1.906235094070434570e+02
1.907237541675567627e+02
1.908239369392395020e+02
1.909242572784423828e+02
1.910244381427764893e+02
1.911246063709259033e+02
1.912247903347015381e+02
1.913250060081481934e+02
1.914251801967620850e+02
1.915254094600677490e+02
1.916255848407745361e+02
1.917257962226867676e+02
1.918260240554809570e+02
1.919262299537658691e+02
1.920264132022857666e+02
1.921265611648559570e+02
1.922267746925354004e+02
1.923269562721252441e+02
1.924271080493927002e+02
1.925275595188140869e+02
1.926277577877044678e+02
1.927279360294342041e+02
1.928281471729278564e+02
1.929284427165985107e+02
1.930286464691162109e+02
1.931288490295410156e+02
1.932294094562530518e+02
1.933296563625335693e+02
1.934299459457397461e+02
1.935301771163940430e+02
1.936304528713226318e+02
1.937306315898895264e+02
1.938310048580169678e+02
1.939313025474548340e+02
1.940315964221954346e+02
1.941321122646331787e+02
1.942326462268829346e+02
