1322
1322
1322
1322
1329
1512
1516
1517
1519
1555
1555
1555
1555
1555
1555
1555
1555
1555
1555
1555
1555
1555
1555
1555
1555
1555
1555
1555
1555
1555
1555
1556
1555
1555
1555
1552
1552
1552
1552
1552
1552
1552
1552
1552
1552
1552
2040
2040
2040
1642
1642
1642
1642
1560
1560
1862
1862
1768
1828
1762
1762
1792
1792
1792
1792
1794
1794
1794
1794
1794
1998
2762
2446
2446
2446
2190
2190
2190
2190
2190
2190
2190
2190
2198
2402
2402
2402
2402
2402
2402
2402
2402
2402
2402
2402
2402
2402
2402
2402
2402
2402
2402
2402
2402
2402
2402
2402
2402
2402
2402
2402
2402
2402
2402
2402
2402
3264
6089
6089
6089
6089
6089
6089
6089
3913
3043
3043
3043
4946
4946
4946
4946
4946
4946
4946
4946
4942
4942
4936
4936
4936
4936
4936
4936
4936
4936
4936
4917
4059
4059
4059
4059
4055
4055
4055
4057
4057
4377
6107
6107
6107
6107
6107
6107
6107
6107
6107
6107
6106
6106
6106
6104
6104
6104
6104
6104
6104
6104
6104
6104
6104
6104
6066
6106
6106
6106
6106
6106
6106
6106
6106
6106
6106
6106
6106
6106
6106
6104
6104
6104
6104
6104
6104
6104
6114
6114
6114
6114
6114
6114
6114
6114
6116
6116
6116
6116
6116
6116
6116
6116
6116
6116
6116
6116
6116
6116
6116
6116
6116
6114
6114
6114
6114
6114
6114
6114
6114
6114
6114
6114
6114
6114
6114
6116
6116
6116
6116
6116
6116
6105
6105
6097
6097
6097
6098
6098
6098
6114
6119
6118
6119
6119
6119
6119
6119
6163
6163
6163
6162
6163
6165
6162
6119
6109
6110
6110
6110
6110
6110
6100
6117
6126
6163
6186
6186
6194
6208
6195
6195
6194
6190
6190
6189
6200
6219
6226
6431
6437
6469
6452
6423
6422
6422
6350
6376
6376
6376
6376
6376
6376
6373
6373
6373
6373
6373
6373
6372
6372
6372
6334
6374
6373
6370
6369
6362
6354
6344
6341
6341
6341
6341
6341
6338
6334
6332
6332
6332
6323
6323
6323
6323
6318
6318
6318
6318
6318
6318
6318
6320
6320
6320
6320
6320
6320
6320
6320
6320
6320
6320
6320
6320
6320
6320
6318
6318
6318
6318
6318
6318
6318
6318
6318
6318
6318
6318
6318
6318
6320
6320
6320
6320
6320
6320
6320
6320
6320
6320
6320
6320
6320
6320
6318
6318
6318
6318
6318
6318
6318
6318
6318
6318
6318
6318
6318
6320
6320
6320
6320
6320
6320
6320
6320
6320
6320
6320
6320
6318
6318
6318
6318
6318
6318
6318
6318
6317
6317
6317
6317
6319
6319
6319
6319
6319
6319
6319
6319
6319
6318
6318
6318
6318
6316
6316
6316
6316
6316
6316
6316
6316
6316
6316
6316
6318
6318
6318
6318
6318
6318
6318
6318
6318
6318
6318
6318
6318
6318
6318
6316
6316
6316
6316
6316
6316
6316
6316
6316
6316
6316
6316
6316
6316
6316
6318
6318
6318
6318
6318
6318
6318
6318
6318
6318
6318
6318
6318
6316
6316
6316
6316
6316
6316
6316
6316
6316
6316
6316
6316
6316
6318
6318
6318
6318
6318
6318
6318
6318
6318
6318
6318
6318
6318
6318
6318
6318
6316
6316
6316
6316
6316
6316
6316
6316
6316
6316
6316
6318
6318
6318
6318
6318
6318
6318
6318
6318
6318
6318
6318
6318
6318
6316
6316
6316
6316
6316
6316
6316
6316
6316
6316
6316
6316
6316
4266
4856
8158
8158
8158
8158
8158
8158
8158
8158
8158
5126
6170
6170
6170
6170
6170
6170
6170
6170
6170
6170
6170
6170
6164
6164
6164
6164
6164
6164
6164
6164
6164
6164
6164
5610
6318
6318
6318
6318
6318
6318
6318
6318
6318
6318
6318
6318
6318
6316
6316
6316
6316
6316
6316
6316
6316
6316
6316
6316
6316
6316
6318
6318
6318
6318
6318
6318
6318
6318
6318
6318
6318
6318
6318
6316
6316
6316
6316
6316
6316
6316
6316
6316
6316
6316
6316
6318
6318
6318
6318
6318
6318
6318
6318
6318
6318
6318
6318
6318
6318
6316
6316
6316
6316
6316
6316
6316
6316
6316
6316
6316
4472
6484
8158
8158
8158
8158
8158
8158
8158
5990
6170
6170
6170
6170
6170
6170
6170
6170
6170
6170
6170
6164
6164
6164
6164
6164
6164
6164
6164
6164
5124
4268
6932
8158
8158
8158
8158
8158
8158
8158
8158
5984
6170
6170
6170
6170
6170
6170
6170
6170
6170
6170
6164
6164
6164
6164
6164
6164
6164
6164
6164
6164
6164
6278
4266
4266
4266
4472
8158
8158
8158
8158
8158
8158
8158
5190
6170
6170
6170
6170
6170
6170
6170
6170
6170
6170
6170
6170
6164
6164
6164
6164
6164
6164
6164
6164
6164
6164
4266
6320
6320
6320
6320
6320
6320
6320
6320
6320
6320
6320
6303
6293
6293
6293
6293
6293
6293
6293
6293
6293
6293
6293
6295
6295
6295
6295
6295
6295
6295
6295
6295
6295
6295
6295
6293
6293
6293
6293
6293
6293
6293
6293
6293
6295
6295
6295
6295
6295
6295
6295
6295
6295
6293
6293
6293
6293
6292
6292
6292
6292
6292
6292
6292
6254
6294
6294
6294
6294
6294
6293
6293
6293
6293
6293
6293
6293
6291
6291
6291
6291
6291
6291
6291
6291
6291
6291
6293
6293
6293
6293
6293
6293
6293
6293
6293
6293
6293
6291
6291
6291
6291
6291
6291
6291
6291
6291
6291
4241
8131
8131
8131
8131
8131
8131
8131
5099
2595
1737
1737
1738
1738
1738
1738
1740
1740
1740
1740
1740
1742
1742
1740
1740
1738
1738
1736
1489
1489
1489
1489
1489
1489
1489
1489
1489
1489
1489
1489
1489
1489
1489
1489
1489
1489
1489
1489
1489
1489
1489
1489
1489
1489
1489
1497
1497
1497
1556
1628
1628
1628
1628
1627
1627
1627
1627
1627
1627
1627
1627
1627
1627
1626
1626
1626
1626
1626
1623
1623
1622
1612
1597
1589
1589
1575
1556
1551
1551
1504
1504
1504
1504
1504
1504
1504
1504
1504
1504
1504
1504
1504
1504
1504
1504
1504
1504
1504
1504
1504
1504
1502
1526
1526
1526
1535
1535
1534
1539
1539
1539
1539
1537
1537
1542
1542
1542
1542
1542
1542
1542
1542
1542
1542
1542
1538
1540
1540
1540
1540
1540
1540
1540
1546
1546
1546
1546
1546
1546
1546
1546
1545
1541
1541
1540
1540
