1556
1556
1556
1556
1556
1575
1743
1743
1743
1745
1781
1781
1781
1781
1780
1780
1780
1780
1780
1752
1752
1751
1751
1751
1751
1751
1751
1751
1751
1751
1751
1751
1738
1738
1757
1757
1757
1757
1757
1757
1757
1757
1757
1757
2245
2245
1847
1847
1765
1765
1765
2067
1973
2039
2205
1967
1997
1997
1997
1999
1999
1999
1999
1999
1999
2203
2651
2651
2651
2651
2399
2390
2390
2390
2390
2390
2390
2390
2602
2602
2602
2602
2602
2602
2602
2602
2602
2602
2602
2602
2602
2602
2602
2602
2602
2602
2602
2602
2602
2602
2602
2602
2602
2602
2602
2602
2602
2602
2602
2602
2602
2602
2602
2602
2602
2602
2602
2602
2602
3464
5896
6802
6802
6802
6802
6802
6802
6802
6802
6802
6802
3260
3260
3260
3260
3260
5164
5164
5164
5164
5164
5164
5164
5155
5155
5155
5155
5149
5149
5149
5149
5149
5149
5149
5149
5149
5149
5149
5149
5115
4257
4257
4257
4257
4257
4257
4257
4259
4259
4771
6311
6311
6311
6311
6311
6311
6311
6311
6311
6311
6311
6311
6311
6311
6311
6309
6309
6309
6309
6309
6309
6309
6309
6309
6309
6309
6309
6309
6309
6311
6311
6311
6311
6311
6311
6311
6311
6311
6311
6311
6311
6311
6311
6309
6309
6309
6309
6309
6309
6309
6309
6309
6309
6309
6309
6309
6309
6311
6311
6311
6316
6316
6316
6316
6316
6316
6316
6316
6321
6326
6326
6334
6334
6334
6334
6335
6335
6335
6335
6335
6347
6347
6347
6347
6349
6349
6349
6349
6349
6349
6349
6349
6349
6349
6349
6348
6348
6348
6348
6347
6342
6342
6370
6390
6425
6425
6425
6425
6427
6427
6425
6425
6425
6425
6425
6425
6425
6425
6425
6425
6425
6424
6423
6421
6420
6420
6419
6418
6418
6394
6394
6394
6394
6394
6394
6396
6396
6396
6396
6396
6396
6396
6393
6393
6393
6404
6404
6401
6401
6399
6399
6399
6399
6399
6399
6399
6399
6399
6399
6399
6399
6399
6141
6401
6401
6401
6401
6401
6401
6401
6401
6401
6401
6401
6401
6401
6401
6401
6399
6397
6397
6397
6372
6372
6357
6357
6357
6357
6352
6352
6352
6352
6352
6354
6354
6354
6354
6354
6354
6354
6354
6361
6361
6361
6361
6361
6361
6359
6359
6359
6359
6376
6376
6376
6376
6376
6376
6376
6378
6378
6378
6378
6378
6378
6378
6378
6378
6378
6378
6376
6376
6376
6376
6376
6374
6374
6374
6374
6373
6373
6373
6373
6373
6363
6363
6363
6363
6363
6365
6365
6365
6365
6365
6365
6365
6365
6365
6365
6365
6365
6365
6365
6363
6363
6363
6363
6363
6363
6363
6363
6363
6363
6363
6363
6363
6365
6365
6365
6365
6365
6365
6365
6365
6365
6365
6365
6365
6365
6365
6375
6375
6375
6375
6375
6375
6375
6375
6375
6375
6375
6375
6377
6377
6377
6377
6377
6377
6377
6377
6377
6377
6377
6377
6377
6377
6361
6359
6359
6359
6359
6355
6355
6355
6355
6355
6355
6355
6355
6357
6357
6357
6357
6357
6357
6357
6357
6357
6357
6357
6357
6357
6357
6357
6357
6355
6355
6355
6355
6355
6355
6355
6355
6355
6355
6355
6357
6357
6357
6357
6357
6357
6357
6357
6357
6357
6357
6357
6357
6355
6355
6355
6355
6355
6355
6355
6355
6355
6355
6355
6355
6355
6355
6357
6357
6357
6357
6357
6357
6357
6357
6357
6357
6357
6357
6317
6355
6355
6355
6355
6355
6355
6355
6355
6355
6355
6355
6355
4509
7225
8705
8705
8705
8705
8705
8705
6023
5165
6209
6209
6209
6209
6209
6209
6209
6209
6209
6203
6203
6203
6203
6203
6203
6203
6196
6196
6196
6196
5578
6350
6350
6350
6350
6350
6341
6341
6341
6341
6341
6341
6341
6341
6341
6339
6339
6339
6339
6339
6339
6335
6335
6335
6335
6335
6337
6337
6337
6337
6335
6335
6335
6335
6335
6335
6335
6335
6335
6333
6333
6333
6333
6333
6333
6333
6333
6333
6333
6333
6335
6334
6334
6334
6334
6334
6334
6334
6334
6334
6334
6328
6328
6328
6326
6326
6326
6326
6326
6326
6326
6326
6326
6326
6326
4482
8676
8678
8676
8676
8676
8676
8676
8676
8676
8676
5866
6180
6180
6180
6180
6180
6180
6180
6180
6180
6180
6180
6174
6174
6174
6174
6174
6174
6174
6174
5134
4276
8676
8676
8676
8676
8678
8676
8674
8672
8672
5990
6176
6176
6176
6176
6176
6176
6176
6176
6176
6176
6176
6170
6170
6170
6170
6170
6170
6170
6170
6170
5988
4272
4272
4272
6426
8672
8674
8674
8674
8672
8672
8672
8672
5990
6176
6176
6176
6176
6176
6176
6176
6176
6176
6176
6176
6170
6170
6170
6170
6170
6170
6170
6170
6170
6170
6064
6326
6326
6326
6326
6326
6326
6326
6326
6326
6326
6324
6324
6324
6324
6324
6324
6324
6324
6324
6324
6326
6326
6326
6326
6326
6326
6326
6326
6326
6326
6326
6324
6324
6324
6324
6324
6324
6324
6324
6324
6324
6324
6326
6326
6326
6326
6326
6326
6326
6326
6326
6326
6326
6324
6324
6324
6324
6324
6324
6324
6324
6324
6324
6324
6326
6326
6326
6326
6326
6326
6326
6326
6326
6326
6326
6326
6326
6329
6319
6319
6319
6319
6319
6319
6319
6319
6319
6319
6321
6321
6321
6321
6321
6321
6321
6321
6321
6319
6319
6319
6319
6319
6319
6319
6338
6338
4492
8687
8687
8687
8689
8687
8687
8687
6005
2626
1763
1763
1762
1762
1762
1762
1764
1760
1760
1760
1758
1747
1747
1745
1743
1511
1496
1496
1496
1496
1496
1496
1496
1496
1496
1496
1496
1496
1496
1496
1496
1496
1496
1496
1496
1496
1496
1496
1496
1496
1496
1496
1496
1496
1496
1496
1496
1496
1496
1496
1496
1496
1496
1496
1496
1496
1496
1496
1496
1496
1496
1496
1496
1496
1496
1496
