1443
1443
1443
1443
1443
1626
1630
1630
1591
1675
1675
1675
1675
1675
1675
1675
1675
1674
1688
1680
1680
1680
1685
1678
1678
1678
1678
1682
1679
1679
1679
1675
1675
1683
1669
1658
1658
1658
1658
1665
2156
2157
2157
1759
1759
1677
1676
1676
1978
1884
1944
1881
1884
1910
1895
1897
1898
1898
1895
1895
2383
2546
2546
2546
2253
2253
2251
2251
2249
2252
2252
2252
2464
2464
2485
2500
2525
2516
2498
2502
2502
2501
2501
2501
2501
2501
2502
2498
2495
2495
2495
2495
2495
2495
2495
2495
2495
2495
2495
2507
2479
2476
2481
2481
2481
2480
2480
3726
6678
6680
6680
6683
6683
6678
6676
6676
5652
3992
3134
3134
3134
5030
5030
5030
5030
5029
5027
5023
5011
5011
5011
5011
5011
5005
5005
5002
5002
5002
5002
5002
5002
5002
4110
3104
3104
3104
3104
3115
3121
5173
5173
5173
5173
5173
5173
5173
5173
5173
5173
5173
5173
5173
5168
5168
5168
5168
5168
5168
5168
5168
5168
5167
5166
5168
5168
5168
5165
5165
5165
5165
5165
5165
5165
5165
5165
5163
5162
5162
5162
5162
5162
5162
5160
5160
5160
5163
5161
5161
5161
5157
5157
5157
5157
5156
5156
5156
5156
5156
5155
5153
5153
5153
5153
5153
5153
5153
5153
5153
5153
5153
5153
5155
5155
5155
5155
5155
5155
5155
5155
5167
5167
5167
5167
5165
5178
5178
5178
5178
5178
5178
5178
5177
5177
5177
5177
5179
5183
5183
5183
5183
5179
5178
5178
5176
5176
5175
5175
5174
5134
5172
5171
5171
5170
5170
5170
5170
5170
5170
5170
5165
5165
5155
5155
5155
5155
5155
5155
5155
5155
5155
5252
5252
5251
5251
5251
5251
5251
5251
5251
5251
5251
5274
5236
5276
5276
5276
5276
5276
5276
5276
5276
5275
5275
5295
5265
5302
5302
5300
5300
5300
5300
5300
5300
5299
5289
5288
5288
5288
5288
5290
5296
5298
5299
5299
5299
5299
5299
5299
5299
5299
5299
5299
5282
5277
5282
5282
5276
5272
5272
5272
5272
5274
5274
5274
5274
5274
5274
5274
5274
5274
5274
5274
5274
5274
5274
5272
5272
5272
5272
5272
5272
5272
5272
5272
5272
5272
5274
5274
5274
5274
5274
5274
5274
5274
5274
5274
5274
5274
5274
5274
5272
5272
5272
5272
5272
5286
5287
5291
5291
5291
5291
5291
5299
5299
5299
5295
5295
5289
5289
5289
5289
5289
5289
5289
5281
5279
5279
5279
5279
5279
5279
5279
5279
5279
5279
5275
5275
5237
5277
5277
5277
5277
5277
5277
5277
5277
5277
5277
5277
5277
5277
5277
5275
5275
5275
5275
5275
5275
5275
5275
5275
5275
5277
5277
5277
5275
5275
5275
5275
5275
5275
5275
5275
5275
5275
5275
5273
5273
5273
5269
5269
5269
5269
5269
5269
5269
5269
5269
5269
5271
5271
5271
5271
5271
5271
5271
5271
5271
5271
5271
5271
5271
5269
5269
5269
5269
5269
5269
5269
5269
5269
5269
5269
5269
5269
5271
5271
5271
5271
5271
5271
5271
5271
5271
5271
5271
5271
5269
5269
5269
5269
5269
5269
5269
5269
5269
5269
3219
3423
7619
7619
7619
7619
7619
7619
7619
7619
7619
4079
5122
5122
5122
5122
5122
5122
5122
5122
5122
5122
5122
5122
5122
5116
5116
5116
5116
5116
5116
5116
5116
5116
5116
4826
5270
5270
5270
5270
5270
5270
5270
5270
5270
5270
5270
5270
5270
5268
5268
5268
5268
5268
5268
5268
5268
5268
5268
5268
5268
5268
5270
5270
5270
5270
5270
5270
5270
5270
5270
5270
5270
5270
5270
5268
5268
5268
5268
5268
5268
5268
5268
5268
5268
5268
5268
5270
5270
5270
5270
5270
5270
5270
5270
5270
5270
5270
5270
5270
5270
5270
5270
5268
5268
5268
5268
5268
5268
5268
5268
5268
5268
5268
5268
5268
5268
3618
7618
7620
7622
7621
7647
7647
7647
7647
7647
4971
5151
5151
5151
5151
5151
5151
5151
5151
5151
5151
5151
5151
5145
5145
5145
5145
5145
5145
5145
5147
5147
5147
5113
3455
6043
7649
7649
7649
7651
7651
7649
7651
7649
4967
5146
5146
5146
5146
5146
5146
5146
5146
5146
5141
5141
5135
5135
5135
5135
5135
5135
5135
5135
5135
5135
5135
5959
3237
3237
3237
3443
4085
7637
7637
7637
7637
7637
7637
7637
7637
7637
7637
4097
5131
5131
5131
5131
5131
5131
5131
5131
5131
5131
5126
5126
5120
5120
5120
5120
5120
5120
5120
5120
5120
5120
5120
4310
5276
5276
5276
5276
5276
5276
5276
5276
5276
5276
5276
5276
5276
5274
5274
5274
5274
5274
5274
5274
5274
5274
5274
5274
5274
5274
5276
5276
5276
5276
5276
5276
5276
5276
5276
5276
5276
5276
5276
5274
5274
5274
5274
5274
5274
5274
5274
5274
5274
5274
5274
5274
5276
5276
5276
5276
5276
5276
5276
5276
5276
5276
5276
5276
5274
5274
5274
5274
5274
5274
5274
5274
5274
5274
5276
5276
5276
5276
5276
5276
5276
5276
5276
5276
5276
5276
5274
5274
5274
5274
5274
5274
5274
5274
5274
5274
5274
5274
5276
5276
5237
5237
5237
5237
5237
5237
5237
5237
5237
5237
5237
5237
5235
5235
5235
5235
5235
5235
5235
5235
5235
5235
5235
5235
5235
5235
3185
5721
7583
7583
7583
7583
7583
7583
7583
7583
7583
7583
7583
4043
2545
1687
1687
1687
1687
1683
1683
1683
1683
1683
1683
1683
1660
1660
1660
1660
1660
1670
1662
1662
1660
1660
1660
1660
1660
1658
1658
1656
1652
1409
1409
1409
1409
1409
1409
1409
1409
1409
1409
1409
1409
1409
1409
1409
1409
1409
1409
1409
1409
1409
1409
1409
1409
1409
1409
1409
1409
1409
1409
1409
1409
1409
1409
1409
1409
1409
1409
1409
1409
1409
1409
1409
1409
1409
1409
1409
1409
1409
1409
1409
1409
1409
