1413
1413
1413
1413
1413
1422
1600
1582
1582
1584
1591
1591
1591
1591
1591
1591
1591
1591
1587
1587
1587
1595
1595
1595
1601
1601
1601
1601
1601
1601
1601
1601
1601
1596
1596
1596
1596
1596
1596
1602
1602
1602
2090
2090
2090
1692
1692
1610
1610
1903
1903
1869
1803
1804
1834
1834
1834
1836
1836
1836
1836
2040
2278
2488
2488
2488
2488
2255
2297
2282
2282
2282
2280
2492
2492
2492
2492
2489
2491
2490
2490
2490
2489
2492
2495
2495
2495
2495
2495
2495
2495
2495
2493
2493
2493
2493
2493
2492
2492
2492
2492
2492
2492
2492
2492
2482
2478
2488
2488
3606
6696
6699
6699
6699
6697
6697
6697
6697
6697
3155
3155
4013
4013
5902
5889
5889
5889
5889
5889
5889
5889
5889
5875
5875
5871
5871
5871
5871
5871
5869
5869
6693
4977
4977
6989
4977
4977
4972
4974
4974
7026
7026
7026
7020
7020
7020
7020
7020
7020
7020
7027
7027
7027
7025
7025
7025
7036
7036
7036
7036
7036
7036
7036
7036
7036
7036
7036
7036
7036
7036
7036
7027
7027
7027
7027
7027
7025
7021
7021
7021
7021
7016
7016
7016
7016
7016
7016
7016
7016
7018
7018
7018
7018
7018
7018
7018
7018
7018
7018
7018
7018
7018
7019
7017
7017
7017
7017
7017
7017
7017
7017
7017
7017
7017
7019
7019
7019
7019
7019
7019
7019
7019
7019
7019
7019
7019
7019
7019
7019
6979
7017
7017
7017
7017
7017
7017
7017
7017
7017
7017
7017
7017
7019
7019
7019
7019
7019
7019
7019
7019
7019
7019
7019
7019
7019
7017
7017
7017
7017
7017
7017
7017
7017
7017
7017
7017
7017
7019
7019
7019
7019
7019
7019
7019
7019
7019
7019
7019
7019
7019
7019
7017
7017
7017
7017
7017
7017
7017
7017
7017
7017
7017
7017
6119
7019
7019
7019
7019
7019
7019
7019
7019
7019
7019
7019
7019
7019
7019
7017
7017
7017
7017
7017
7017
7017
7017
7017
7017
7017
7017
7019
7019
7019
7019
7019
7019
7019
7019
7019
7019
7019
7019
7019
7019
7017
7017
7017
7017
7017
7017
7017
7017
7017
7017
7017
7017
7017
7019
7019
7019
7019
7019
7019
7019
7019
7019
7019
7019
7019
7019
7019
7017
7017
7017
7017
7017
7017
7017
7017
7017
7017
7017
7017
7017
7019
7019
7019
7019
7019
7019
7019
7019
7019
7019
7019
7019
7019
7019
7017
7017
7017
7017
7017
7017
7017
7017
7028
7028
7028
7028
7039
7039
7039
7039
7039
7039
7039
7039
7039
7025
7025
7025
7023
7023
7023
7036
7036
7036
7036
7036
7036
7036
7036
7036
7044
7044
7044
7044
7044
7044
7044
7044
7044
7044
7044
7044
7044
7047
7045
7045
7045
7045
7045
7042
7042
7042
7042
7042
7042
7042
7043
7043
7039
7024
7024
7024
7024
7024
7024
7024
7024
7023
7023
7023
7023
7021
7021
7021
7021
7021
7021
7013
7013
7013
7013
7013
7013
7013
7013
7015
7015
7015
7015
7015
7015
7015
7015
7015
7015
7015
7015
7015
7015
7015
7015
7015
7013
7013
7013
7013
7013
7013
7013
7013
7013
7013
7013
7013
7013
7013
7013
7015
7015
7015
7015
7015
7015
7015
7015
7015
7015
7015
7015
7015
7015
7015
7013
7013
7013
7013
7013
7013
7013
7013
7013
7013
7013
7013
7021
7029
5183
9371
9379
9386
9386
9391
9397
9393
9399
6967
5863
6914
6917
6917
6917
6917
6917
6917
6916
6916
6916
6910
6910
6910
6910
6910
6910
6910
6910
6910
6910
6907
6907
6906
6352
7059
7059
7059
7059
7059
7059
7059
7059
7059
7059
7059
7059
7059
7057
7057
7057
7057
7057
7057
7057
7057
7057
7057
7057
7057
7057
7057
7057
7059
7059
7059
7059
7059
7059
7058
7058
7058
7058
7075
7075
7075
7075
7075
7073
7128
7129
7124
7124
7124
7124
7120
7120
7121
7121
7121
7121
7123
7122
7122
7121
7121
7121
7124
7124
7124
7124
7123
7123
7123
7120
7120
7120
7120
7120
7120
7120
7119
7119
7119
7119
7119
7117
5059
7018
9456
9456
9451
9451
9432
9430
9430
9406
9406
9406
5862
6892
6892
6892
6892
6892
6892
6892
6892
6892
6892
6892
6892
6892
6892
6886
6886
6886
6886
6886
6886
6886
6886
6886
6886
6886
6886
6886
6716
5194
8230
9388
9388
9388
9388
9388
9388
9388
4989
6892
6892
6892
6887
6887
6887
6887
6887
6887
6887
6887
6887
6881
6881
6881
6892
6892
6892
6892
6892
6892
6892
6892
6892
5142
4994
4994
4994
4994
5200
9394
9412
9412
9412
9414
9412
9412
9412
9412
9412
6850
6916
6916
6916
6916
6916
6914
6914
6914
6914
6914
6914
6908
6908
6908
6908
6908
6908
6908
6907
6907
6907
6907
6907
5000
7054
7049
7049
7049
7042
7042
7042
7042
7042
7042
7042
7042
7042
7042
7042
7042
7040
7040
7040
7040
7040
7040
7040
7040
7040
7040
7040
7040
7040
7042
7042
7042
7042
7042
7042
7042
7042
7042
7042
7042
7042
7042
7042
7040
7040
7040
7040
7040
7040
7040
7040
7040
7040
7040
7040
7040
7042
7042
7042
7042
7042
7049
7049
7049
7049
7049
7049
7049
7049
7049
7047
7047
7047
7047
7047
7047
7047
7047
7047
7047
7047
7047
7047
7049
7049
7048
7056
7056
7056
7056
7056
7056
7056
7056
7056
7056
7054
7054
7054
7054
7052
7052
7052
7052
7051
7051
7051
7051
7053
7040
7040
7040
7040
7040
7040
7040
7040
7040
7040
7040
7040
7038
7038
7038
7038
7038
7038
7038
7038
7038
7038
7038
7038
5192
7460
9386
9386
9386
9386
9386
9388
9386
9386
9386
6704
2483
2467
1609
1609
1609
1609
1609
1609
1609
1613
1611
1611
1611
1611
1611
1611
1615
1613
1611
1611
1611
1609
1609
1607
1360
1360
1360
1360
1360
1359
1359
1359
1359
1359
1359
1359
1359
1359
1359
1359
1359
1359
1359
1359
1359
1359
1359
1359
1359
1359
1359
1359
1359
1359
1359
1359
1359
1359
1359
1359
1353
1354
1354
1354
1354
1353
1353
