1512
1512
1512
1512
1512
1512
1512
1512
1527
1699
1699
1701
1701
1737
1737
1735
1735
1735
1735
1735
1735
1735
1735
1706
1706
1706
1706
1706
1686
1686
1686
1686
1686
1686
1686
1686
1686
1686
1686
1686
1686
1685
1685
1685
1685
1685
1667
1671
1671
1671
1671
1671
1671
2159
2159
2159
1761
1761
1761
1761
1679
1679
1679
1981
1887
1917
1989
1881
1881
1911
1911
1911
1911
1913
1913
1913
1913
1913
1913
2115
2641
2565
2565
2565
2565
2320
2320
2320
2320
2320
2320
2322
2532
2532
2532
2531
2531
2531
2531
2531
2531
2531
2531
2531
2531
2531
2531
2531
2531
2531
2531
2531
2531
2531
2531
2531
2531
2531
2531
2531
2531
2531
2531
2531
2531
2531
2531
2531
2531
2531
2531
2531
2531
2531
3905
6075
6075
6075
6075
6075
6075
6075
6075
6075
4047
3189
4047
4047
4047
5951
5951
5951
5951
5951
5951
5951
5951
5951
5951
5951
5951
5951
5945
5945
5945
5945
5945
5945
5945
5945
5945
5945
5945
5911
5053
5053
5053
5053
5053
5053
5053
5055
5055
7107
7107
7107
7107
7107
7107
7107
7107
7107
7107
7107
7107
7107
7107
7107
7107
7105
7105
7105
7105
7105
7105
7105
7105
7105
7105
7105
7105
7105
7107
7107
7107
7107
7107
7107
7107
7107
7107
7107
7107
7107
7107
7107
7107
7105
7105
7105
7105
7105
7105
7105
7105
7105
7105
7105
7105
7105
7105
7107
7107
7107
7107
7107
7107
7107
7107
7107
7107
7107
7107
7107
7107
7107
7105
7105
7105
7105
7105
7105
7105
7105
7105
7105
7105
7105
7107
7107
7107
7107
7107
7107
7107
7107
7107
7107
7107
7107
7107
7105
7105
7105
7105
7105
7105
7105
7105
7105
7105
7105
7105
7105
7107
7107
7107
7107
7107
7107
7107
7107
7107
7107
7107
7107
7105
7105
7105
7105
7105
7105
7105
7105
7105
7105
7107
7107
7107
7107
7107
7107
7107
7107
7107
7107
7107
7107
7107
7107
7105
7105
7105
7105
7105
7105
7105
7105
7105
7166
7166
7166
7168
7168
7168
7169
7169
7169
7169
7169
7169
7169
7169
7169
7169
7166
7167
7167
7165
7165
7165
7165
7161
7147
7147
7147
7109
7149
7149
7149
7148
7148
7146
7146
7146
7142
7142
7142
7142
7139
7139
7128
7128
7128
7128
7128
7128
7128
7118
7118
7120
7120
7120
7120
7120
7120
7120
7120
7120
7120
7120
7118
7118
7118
7118
7118
7118
7118
7118
7118
7118
7118
7080
7120
7120
7120
7120
7120
7120
7120
7120
7120
7120
7120
7120
7118
7118
7118
7118
7118
7118
7118
7118
7118
7118
7118
7118
7120
7120
7120
7120
7120
7120
7120
7120
7120
7120
7120
7118
7118
7118
7118
7118
7118
7118
7118
7118
7118
7118
7118
7120
7120
7120
7120
7120
7120
7121
7114
7093
7105
7104
7165
7178
7182
7182
7182
7199
7202
7202
7202
7202
7202
7202
7202
7204
7204
7204
7204
7204
7204
7204
7204
7204
7204
7204
7204
7204
7202
7202
7202
7202
7202
7202
7202
7202
7202
7202
7202
7202
7204
7204
7204
7204
7204
7204
7204
7204
7204
7204
7204
7204
7202
7205
7205
7205
7200
7183
7160
7132
7132
7132
7134
7134
7134
7152
7152
7152
7152
7152
7152
7152
7152
7152
7199
7203
7203
7203
7203
7203
7202
7202
7202
7202
7202
5216
8896
8891
8891
8891
8891
8891
8894
5179
7051
7051
6961
6962
6948
6948
6948
6972
6972
6966
6966
6966
6966
6966
6966
6966
6966
6784
7120
7120
7120
7120
7120
7120
7120
7120
7120
7120
7120
7120
7120
7118
7118
7118
7118
7118
7118
7118
7118
7118
7118
7118
7120
7120
7120
7120
7120
7120
7120
7120
7120
7120
7120
7120
7118
7118
7118
7118
7118
7118
7118
7118
7118
7118
7118
7118
7120
7120
7120
7120
7120
7120
7120
7120
7120
7120
7120
7120
7120
7118
7118
7118
7118
7118
7118
7118
7118
7118
7118
7118
7118
5274
8812
8812
8812
8812
8812
8812
8812
8812
6972
6972
6972
6972
6972
6972
6972
6972
6972
6972
6972
6972
6972
6966
6966
6966
6966
6966
6966
6966
6966
6966
6966
6784
5274
8812
8812
8812
8812
8812
8812
8812
6786
6972
6972
6972
6972
6972
6972
6972
6972
6972
