5.627530041213628653e-01
5.626739604494795932e-01
5.622436822738097195e-01
5.614574405936980650e-01
5.603096954171410404e-01
5.587941071406785642e-01
5.569035533613680977e-01
5.546301518870182523e-01
5.519652914277966005e-01
5.488996716809884102e-01
5.454233549024178895e-01
5.415258308960158029e-01
5.371960973035467823e-01
5.324227571886863686e-01
5.271941360172894830e-01
5.214984196577467923e-01
5.153238121001839644e-01
5.086587116045219181e-01
5.014919017144017221e-01
4.938127476845812214e-01
4.856113893146324356e-01
4.768789138666451599e-01
4.676074936204613897e-01
4.577904720879426015e-01
4.474223891033944911e-01
4.364989463418484372e-01
4.250169317005703107e-01
4.129741395742191901e-01
4.003693378187544449e-01
3.872023308255564400e-01
3.734741415583913149e-01
3.591872877225498195e-01
3.443460557917030762e-01
3.289566297754767388e-01
3.130269236060856386e-01
2.965660298311923460e-01
2.795833271858157998e-01
2.620874308249623308e-01
2.440852446100845174e-01
2.255813333862312364e-01
2.065776720360367191e-01
1.870736529469077536e-01
1.670661804444483201e-01
1.465497844907747982e-01
1.255168400942979490e-01
1.039579944841003689e-01
8.186270309951393376e-02
5.921950776605556382e-02
3.601560955925223184e-02
1.223561076324149177e-02
