1.376756437847600090e+01
1.377108129817320048e+01
1.377679622638760826e+01
1.378475453981965160e+01
1.379501705722521976e+01
1.380766050245510890e+01
1.382277802323635640e+01
1.384047974884239096e+01
1.386089336392958771e+01
1.388416466810684113e+01
1.391045808043427989e+01
1.393995704393892332e+01
1.397286426453813135e+01
1.400940171245283317e+01
1.404981028432545109e+01
1.409434902279253521e+01
1.414329377005257982e+01
1.419693511349524684e+01
1.425557547323682073e+01
1.431952518882287073e+01
1.438909744658326595e+01
1.446460191689341812e+01
1.454633695852173680e+01
1.463458024524324230e+01
1.472957761779668040e+01
1.483152987156188551e+01
1.494057702300588808e+01
1.505677940913260038e+01
1.518009481268280503e+01
1.531035081411535614e+01
1.544721194466059089e+01
1.559014197448317240e+01
1.573836293821405619e+01
1.589081379109073566e+01
1.604611256801602792e+01
1.620252599017085160e+01
1.635794947371220331e+01
1.650989907166462700e+01
1.665551607443298820e+01
1.679158566717136836e+01
1.691457318882726568e+01
1.702068325837921137e+01
1.710594624438053302e+01
1.716633335667131277e+01
1.719789808885792581e+01
1.719693980698147229e+01
1.716018362557082000e+01
1.708496611739721516e+01
1.696940977542234208e+01
1.681256466812968142e+01
