-1.142380132751204203e+00
-1.143799147595045307e+00
-1.146743903329986214e+00
-1.151218815948921836e+00
-1.157222981000074036e+00
-1.164749352890792400e+00
-1.173783684209231737e+00
-1.184303203349342803e+00
-1.196275001755279899e+00
-1.209654098391825805e+00
-1.224381145349949351e+00
-1.240379736516032061e+00
-1.257553283850957992e+00
-1.275781424303074285e+00
-1.294915926760945135e+00
-1.314776072881079338e+00
-1.335143511148743523e+00
-1.355756594571077889e+00
-1.376304237732854263e+00
-1.396419370089801104e+00
-1.415672078598917638e+00
-1.433562578349258931e+00
-1.449514161567827530e+00
-1.462866293726373002e+00
-1.472868032078636036e+00
-1.478671959865299090e+00
-1.479328907686080274e+00
-1.473783891063809248e+00
-1.460873988759114006e+00
-1.439329337972589107e+00
-1.407778922628233342e+00
-1.364763251573557490e+00
-1.308756061608634225e+00
-1.238196666828875303e+00
-1.151533554882637533e+00
-1.047278517648955853e+00
-9.240695506894242017e-01
-7.807406907552801867e-01
-6.163978839854113989e-01
-4.305010892980172810e-01
-2.229525341419987816e-01
5.812050752481459116e-03
2.547371806046538900e-01
5.220768930363380855e-01
8.053487925724752694e-01
1.101319150826133964e+00
1.406025332999035315e+00
1.714844012663971462e+00
2.022611306907824424e+00
2.323791389058271761e+00
