6.002857918347067612e-01
6.052178458649982717e-01
6.105651349919083426e-01
6.163413912215146562e-01
6.225615938114857917e-01
6.292419239582567325e-01
6.363996982027637639e-01
6.440532828315121971e-01
6.522219942883327182e-01
6.609259969971120752e-01
6.701862116400635339e-01
6.800242461145031836e-01
6.904623520116665025e-01
7.015233906131652653e-01
7.132307654381205841e-01
7.256082480645994481e-01
7.386796050645796363e-01
7.524679445298146918e-01
7.669947519135555947e-01
7.822786810006944203e-01
7.983342801130138833e-01
8.151709172215121368e-01
8.327921466382938176e-01
8.511956111446973283e-01
8.703733255559369386e-01
8.903119579935818706e-01
9.109926802107912724e-01
9.323904026761047348e-01
9.544726570259135512e-01
9.771987353656145237e-01
1.000519656049297268e+00
1.024379086093420543e+00
1.048714899191923289e+00
1.073460992601419361e+00
1.098549298813850106e+00
1.123912081157910636e+00
1.149484361498486207e+00
1.175206038673390463e+00
1.201023384519170456e+00
1.226890062532273173e+00
1.252768074509923224e+00
1.278628826753993586e+00
1.304454019976179380e+00
1.330235779318600597e+00
1.355975665687934040e+00
1.381682749665926524e+00
1.407371344070831976e+00
1.433058983203480352e+00
1.458764888604919374e+00
1.484508803557154533e+00
1.510310008574256901e+00
1.536186557478676606e+00
1.562155040108959891e+00
1.588231169680224486e+00
1.614431144886622427e+00
1.640773302332143579e+00
1.667279387188927764e+00
1.693974956283540889e+00
1.720888826737107857e+00
1.748051805317502039e+00
1.775494999833642229e+00
1.803247843422329133e+00
1.831335744396000997e+00
1.859777236440403270e+00
1.888580733871526585e+00
1.917741310282393030e+00
1.947238034189412437e+00
1.977032288851544140e+00
2.007067427700562234e+00
2.037270022403522507e+00
2.067552244216113166e+00
2.097814142752722599e+00
2.127945640702278318e+00
2.157830046344204167e+00
2.187349937632404373e+00
2.216392758750514336e+00
2.244853102778870735e+00
2.272632706922720569e+00
2.299641809542099846e+00
2.325803076349899357e+00
2.351055368428366155e+00
2.375354287224357375e+00
2.398669587251409219e+00
2.420982077106207608e+00
2.442282092317831665e+00
2.462569413308005828e+00
2.481853231296760498e+00
2.500151212708487947e+00
2.517487764527686078e+00
2.533892127655312354e+00
2.549396762811602990e+00
2.564036128325839936e+00
2.577845742419338837e+00
2.590861422817191340e+00
2.603118666415221050e+00
2.614652176851382404e+00
2.625495544523734015e+00
2.635681061374966383e+00
2.645239632548184616e+00
2.654200741924512386e+00
2.662592438195444888e+00
2.670441320888341963e+00
2.677772520547953228e+00
2.684609672862233065e+00
2.690974893465591045e+00
2.696888757391628921e+00
2.702370287792021930e+00
2.707436955665793565e+00
2.712104689799933688e+00
2.716387896686767167e+00
2.720299487280851913e+00
2.723850908426041606e+00
2.727052176698820496e+00
2.729911912679436004e+00
2.732437373287640359e+00
2.734634481327339550e+00
2.736507850777051054e+00
2.738060807236778249e+00
2.739295402890542075e+00
2.740212425514015226e+00
2.740811401217814858e+00
2.741090590713869179e+00
2.741046978982798255e+00
2.740676258253265996e+00
2.739972804235164094e+00
2.738929645574880833e+00
2.737538426554728677e+00
2.735789363103777738e+00
2.733671192282370210e+00
2.731171115526929150e+00
2.728274736158959879e+00
2.724965991742716476e+00
2.721227082020865051e+00
2.717038393514961125e+00
2.712378422268497236e+00
2.707223697250263239e+00
2.701548706467260086e+00
2.695325829059902922e+00
2.688525278771837890e+00
2.681115062823119732e+00
2.673060963798695511e+00
2.664326551028059598e+00
2.654873228274752694e+00
2.644660322023103749e+00
2.633645209971140488e+00
2.621783483633238987e+00
2.609029137268732423e+00
2.595334787122690834e+00
2.580651964443794633e+00
2.564931593479370608e+00
2.548124845327806476e+00
2.530184585659230656e+00
2.511067525931252487e+00
2.490736922612452720e+00
2.469165393369106898e+00
2.446337351585303299e+00
2.422250732442946752e+00
2.396917908292267363e+00
2.370366040171993927e+00
2.342638058214669972e+00
2.313796082691781386e+00
2.283926742434850610e+00
2.253143333113106994e+00
2.221580070226495174e+00
2.189381853418272073e+00
2.156698632457050735e+00
2.123686410181665263e+00
2.090506255952786496e+00
2.057315526087251545e+00
2.024257393882078926e+00
1.991455752150011804e+00
1.959013309050106733e+00
1.927008922962394788e+00
1.895495744917429892e+00
1.864502439402687894e+00
1.834036496081011824e+00
1.804088015474655693e+00
1.774633662508742216e+00
1.745640742332472239e+00
1.717070937811935538e+00
1.688883417050941915e+00
1.661037458445119741e+00
1.633494695301404454e+00
1.606220700536348023e+00
1.579185503587428263e+00
1.552362962530295265e+00
1.525729418677473026e+00
1.499262344272322078e+00
1.472939600145716010e+00
1.446739514998613974e+00
1.420641550915541895e+00
1.394627161913202906e+00
1.368680694098215467e+00
1.342790537706082477e+00
1.316950788324841248e+00
1.291163306096757335e+00
1.265439617563027142e+00
1.239801982566142380e+00
1.214283259410342986e+00
1.188925791871810578e+00
1.163779917379666351e+00
1.138902533976617448e+00
1.114355714607057735e+00
1.090205081932531961e+00
1.066517744116954214e+00
1.043359911015123709e+00
1.020794590865178986e+00
9.988797254143957360e-01
9.776667964527523402e-01
9.571997171492930834e-01
9.375139410392731021e-01
9.186359824222146697e-01
9.005835945472669968e-01
8.833666283694865395e-01
8.669883003027674118e-01
8.514464710094145072e-01
8.367346301126745711e-01
8.228424971281605993e-01
8.097563359476523948e-01
7.974591649762274859e-01
7.859310210571441857e-01
7.751493598529597406e-01
7.650895936608761438e-01
7.557257169683336828e-01
7.470309513674640023e-01
7.389783454426233078e-01
7.315412905943822208e-01
7.246939308284642278e-01
7.184114666445172714e-01
7.126703634598094972e-01
7.074484811826330377e-01
7.027251419283594425e-01
6.984811550625137366e-01
6.946988119362058622e-01
6.913618611673854053e-01
6.884554727347768077e-01
6.859661986629032038e-01
6.838819317279355436e-01
6.821918647626693533e-01
6.808864535340056756e-01
6.799573822779473309e-01
6.793975333430859465e-01
6.792009610450426838e-01
6.793628696910540832e-01
6.798795957837846515e-01
6.807485944578737236e-01
6.819684301796293813e-01
6.835387717771687077e-01
6.854603918639379234e-01
6.877351706916835505e-01
6.903661040877662192e-01
6.933573143489974999e-01
6.967140654243940689e-01
7.004427785256489569e-01
7.045510477647264347e-01
7.090476547674683383e-01
7.139425769656179144e-01
7.192469857707772807e-01
7.249732290748391872e-01
7.311347949287541059e-01
7.377462477154155263e-01
7.448231316232708510e-01
7.523818377788279443e-01
7.604394315976285013e-01
7.690134415840458315e-01
7.781216141078812765e-01
7.877816438949144517e-01
7.980108919799737688e-01
8.088261063762087755e-01
8.202431549579025649e-01
8.322767748284409794e-01
8.449403303925128172e-01
8.582455591401725314e-01
8.722022786830156971e-01
8.868180312952905764e-01
9.020976609455672035e-01
9.180428463829424235e-01
9.346516391741037655e-01
9.519180573114731647e-01
9.698317510736667035e-01
9.883777140644046666e-01
1.007535988533261095e+00
1.027281358845230974e+00
1.047583138652996348e+00
1.068405281757408787e+00
1.089707071805692706e+00
1.111444493764205621e+00
1.133572095152822978e+00
1.156044877803803717e+00
1.178819741500995777e+00
1.201856334050971808e+00
1.225117614478328898e+00
1.248570623395680368e+00
1.272187685787748324e+00
1.295947771135259829e+00
1.319837427889999582e+00
1.343850836870702503e+00
1.367988948290700835e+00
1.392258069582227753e+00
1.416668377210039687e+00
1.441232655215945790e+00
1.465965321721667713e+00
1.490881672193795193e+00
1.515997280727042984e+00
1.541327593283293496e+00
1.566887869339845363e+00
1.592693710025192999e+00
1.618762296879697082e+00
1.645114111458729544e+00
1.671774524026033770e+00
1.698774573724412429e+00
1.726150598297526706e+00
1.753942820128389535e+00
1.782193175649310346e+00
1.810942569032220728e+00
1.840227675024169951e+00
1.870077508820197743e+00
1.900509824254246416e+00
1.931526993973676110e+00
1.963111423091221663e+00
1.995222082222218640e+00
2.027793994205904227e+00
2.060739596779441740e+00
2.093949113934124195e+00
2.127291207337551615e+00
2.160618761190804538e+00
2.193778995389484177e+00
2.226620274098257912e+00
2.258992634172254821e+00
2.290748352274809552e+00
2.321748182261533344e+00
2.351870392698907519e+00
2.381016282430737707e+00
2.409110204777622943e+00
2.436096392403790389e+00
2.461935368854985207e+00
2.486601814925400777e+00
2.510084406460958650e+00
2.532386317348593874e+00
2.553524487377200725e+00
2.573527086059285818e+00
2.592430136716818545e+00
2.610274513171076727e+00
2.627103827886510867e+00
2.642963064757663627e+00
2.657897624660212177e+00
2.671952582286721611e+00
2.685172109946570629e+00
2.697599081512692898e+00
2.709274845448207625e+00
2.720239117020529118e+00
2.730529927084169195e+00
2.740183577907068013e+00
2.749234585052169777e+00
2.757715605338712628e+00
2.765657363258713364e+00
2.773088591438419126e+00
2.780035995744666533e+00
2.786524250721559071e+00
2.792576024543068858e+00
2.798212029787524813e+00
2.803451093647789438e+00
2.808310241011086728e+00
2.812804784464187691e+00
2.816948415759981117e+00
2.820753294945092193e+00
2.824230134285858895e+00
2.827388275089533387e+00
2.830235756233409283e+00
2.832779374100947045e+00
2.835024733707381284e+00
2.836976291213876067e+00
2.838637388158715247e+00
2.840010277789997151e+00
2.841096143912816618e+00
2.841895112594878370e+00
2.842406257023027294e+00
2.842627595744870117e+00
2.842556084406488104e+00
2.842187601014282805e+00
2.841516924619254425e+00
2.840537707233926401e+00
2.839242438678649005e+00
2.837622403881484789e+00
2.835667632049288400e+00
2.833366836984265280e+00
2.830707347677062558e+00
2.827675028110154809e+00
2.824254185137990536e+00
2.820427463181939043e+00
2.816175724657481894e+00
2.811477915048305576e+00
2.806310912152164327e+00
2.800649360270366373e+00
2.794465491320828665e+00
2.787728938001128753e+00
2.780406547700339459e+00
2.772462211169542279e+00
2.763856726430441224e+00
2.754547724625181271e+00
2.744489689320693593e+00
2.733634098069786855e+00
2.721929702006890661e+00
2.709322926542746313e+00
2.695758326861728005e+00
2.681178983581819608e+00
2.665526719039113868e+00
2.648742117205372004e+00
2.630764579967137085e+00
2.611532953290298220e+00
2.590987345581341472e+00
2.569072338459888361e+00
2.545741034959231541e+00
2.520959098787869390e+00
2.494708619984418174e+00
2.466992164778075036e+00
2.437836147192428804e+00
2.407291527258646813e+00
2.375432696720375159e+00
2.342359345947426341e+00
2.308203005142382747e+00
2.273131404738764516e+00
2.237341609169847700e+00
2.201042909555821048e+00
2.164443132997743824e+00
2.127748008935521629e+00
2.091163177239041993e+00
2.054883655984704571e+00
2.019076338765992684e+00
1.983871736399086982e+00
1.949365689815496516e+00
1.915621252580882672e+00
1.882669343075032753e+00
1.850512453082084230e+00
1.819131060022080471e+00
1.788489611150696046e+00
1.758541336520879517e+00
1.729232879103837384e+00
1.700508932178616872e+00
1.672316161033089221e+00
1.644605913464461944e+00
1.617335740904868091e+00
1.590469812616688738e+00
1.563978231691461662e+00
1.537835539593486178e+00
1.512019125902914096e+00
1.486508263805304653e+00
1.461283957519250443e+00
1.436329250838730864e+00
1.411629594535966037e+00
1.387173193088830914e+00
1.362951487916640447e+00
1.338959898292941819e+00
1.315198825078562450e+00
1.291674823770658120e+00
1.268401663396006240e+00
1.245400792373047238e+00
1.222700808611294265e+00
1.200335991729763352e+00
1.178344464918015699e+00
1.156766643277838291e+00
1.135644230775948227e+00
1.115019507527628129e+00
1.094934443489812281e+00
1.075429397819289257e+00
1.056541546600002546e+00
1.038303419188784771e+00
1.020741884607973882e+00
1.003877724271501348e+00
9.877257199758187056e-01
9.722950767342212197e-01
9.575899957226782222e-01
9.436102713615661663e-01
9.303518532430534727e-01
9.178073605246346300e-01
9.059665587545050469e-01
8.948168105934893868e-01
8.843435056813314654e-01
8.745304692541953084e-01
8.653603452594740286e-01
8.568149494062765603e-01
8.488755889166093027e-01
8.415233481309214447e-01
8.347393391997476320e-01
8.285049199426960387e-01
8.228018800419141243e-01
8.176125980426939277e-01
8.129201725747742246e-01
8.087085287036590575e-01
8.049625033075502589e-01
8.016679118848319963e-01
7.988115992419919653e-01
7.963814761066554393e-01
7.943665444422395305e-01
7.927569138365000434e-01
7.915438102025764699e-01
7.907195787419003530e-01
7.902776824629975660e-01
7.902126973857614978e-01
7.905203053209857167e-01
