1.737357447922596609e+00
1.715618792185394925e+00
1.694898304475138007e+00
1.675128754437181788e+00
1.656255435736648352e+00
1.638234121415538702e+00
1.621028762640668086e+00
1.604609187284014249e+00
1.588949068304499113e+00
1.574024363636823853e+00
1.559812295596694431e+00
1.546290805415631464e+00
1.533438342253181208e+00
1.521233834489941206e+00
1.509656724881363266e+00
1.498687001795881102e+00
1.488305201873495021e+00
1.478492384312232177e+00
1.469230089027119490e+00
1.460500293234037184e+00
1.452285376918111215e+00
1.444568104284919885e+00
1.437331622174570889e+00
1.430559473950987259e+00
1.424235624909118814e+00
1.418344496124064769e+00
1.412871001120922454e+00
1.407800582918540266e+00
1.403119248349749437e+00
1.398813598399985647e+00
1.394870853345737460e+00
1.391278872747315321e+00
1.388026170515437752e+00
1.385101925253319211e+00
1.382495986800134080e+00
1.380198879584387583e+00
1.378201803337325781e+00
1.376496631867392129e+00
1.375075910514975241e+00
1.373932852635864066e+00
1.373061335603582789e+00
1.372455896600841552e+00
1.372111728483092374e+00
1.372024675907122182e+00
1.372191231899440256e+00
1.372608534967829197e+00
1.373274366845847583e+00
1.374187150898300569e+00
1.375345951199101302e+00
1.376750472257036728e+00
1.378401059321285427e+00
1.380298699179776767e+00
1.382445021299155030e+00
1.384842299116179287e+00
1.387493451310552128e+00
1.390402042721393672e+00
1.393572284747410794e+00
1.397009034855951182e+00
1.400717794858404863e+00
1.404704707786022411e+00
1.408976553152641253e+00
1.413540740416010966e+00
1.418405300603962083e+00
1.423578876513994285e+00
1.429070711677304040e+00
1.434890638901679782e+00
1.441049069231677526e+00
1.447556982220992605e+00
1.454425918692715980e+00
1.461667976517215362e+00
1.469295809916692619e+00
1.477322631248082274e+00
1.485762213571700574e+00
1.494628891294740747e+00
1.503937555151744654e+00
1.513703638085208025e+00
1.523943089620764857e+00
1.534672339804643570e+00
1.545908259378066196e+00
1.557668129058680684e+00
1.569969637314353461e+00
1.582830929944007758e+00
1.596270735150747244e+00
1.610308592048185661e+00
1.624965210250651548e+00
1.640262987486517998e+00
1.656226711843187926e+00
1.672884472842756320e+00
1.690268791865231712e+00
1.708417959417007248e+00
1.727377537544894093e+00
1.747201923111956434e+00
1.767955761460842989e+00
1.789714872375640864e+00
1.812566297976219376e+00
1.836607212543622136e+00
1.861942797063791399e+00
1.888683554839510670e+00
1.916942412689559783e+00
1.946830927815085932e+00
1.978452721068809650e+00
2.011892948802955328e+00
2.047205981320865398e+00
2.084405410778397805e+00
2.123456656890645888e+00
2.164268108235109622e+00
2.206680318094702109e+00
2.250460972779308122e+00
2.295312431674330078e+00
2.340883809902225110e+00
2.386783894729760824e+00
2.432606085353473890e+00
2.477955063435016481e+00
2.522462085291261591e+00
2.565801239184175131e+00
2.607713060972379537e+00
2.648015427214102768e+00
2.686594647084670662e+00
2.723395748063877964e+00
2.758418376857854515e+00
2.791709712738127180e+00
2.823351959148494128e+00
2.853448393865780197e+00
2.882111496511352566e+00
2.909454689930550675e+00
2.935587455937355816e+00
2.960612437309882328e+00
2.984623187684835699e+00
3.007702116491459243e+00
3.029919003805915168e+00
3.051330655487242360e+00
3.071981906250788263e+00
3.091907678602378251e+00
3.111135508116339210e+00
3.129687953880042173e+00
3.147584521870094854e+00
3.164842981034950764e+00
3.181480139421534403e+00
3.197512233257442826e+00
3.212955089816500909e+00
3.227824182226005423e+00
3.242134649153879167e+00
3.255901312087837951e+00
3.269138694703200620e+00
3.281861039306576355e+00
3.294082316874454186e+00
3.305816230419359236e+00
3.317076213745878466e+00
3.327875428457764073e+00
3.338226760725954811e+00
3.348142814959146563e+00
3.357635901308275272e+00
3.366718014657955838e+00
3.375400805847409647e+00
3.383695547931984127e+00
3.391613102107793765e+00
3.399163886992614625e+00
3.406357853904228072e+00
3.413204469788960527e+00
3.419712707554022124e+00
3.425891043303703309e+00
3.431747458187893063e+00
3.437289443197952377e+00
3.442524004880070265e+00
3.447457670597542378e+00
3.452096492849715315e+00
3.456446051125107388e+00
3.460511452059995108e+00
3.464297327819186201e+00
3.467807832384746991e+00
3.471046636741581093e+00
3.474016923274451774e+00
3.476721379662949474e+00
3.479162192214047877e+00
3.481341039589990416e+00
3.483259086706536944e+00
3.484916979118887870e+00
3.486314838014958895e+00
3.487452255798450196e+00
3.488328292359059279e+00
3.488941472041693359e+00
3.489289781333531959e+00
3.489370667300812467e+00
3.489181036730118368e+00
3.488717255978405873e+00
3.487975151482784586e+00
3.486950010920896403e+00
3.485636585083300876e+00
3.484029090404816564e+00
3.482121212180489422e+00
3.479906108423173716e+00
3.477376414482696187e+00
3.474524248995790821e+00
3.471341220983669373e+00
3.467818439190813784e+00
3.463946523477257511e+00
3.459715619474903914e+00
3.455115417983405379e+00
3.450135180023364168e+00
3.444763768299267337e+00
3.438989687246606142e+00
3.432801131844925191e+00
3.426186045404370883e+00
3.419132185821716075e+00
3.411627197411092993e+00
3.403658684700220149e+00
3.395214281218609464e+00
3.386281705874561343e+00
3.376848797610920272e+00
3.366903519899457020e+00
3.356433929701681418e+00
3.345428110350905815e+00
3.333874072847226255e+00
3.321759634998597388e+00
3.309072292674013038e+00
3.295799096088342317e+00
3.281926542371846445e+00
3.267440500463379305e+00
3.252326191892007223e+00
3.236568250693144577e+00
3.220150866892199204e+00
3.203057978351608881e+00
3.185273415361539406e+00
3.166780855147107054e+00
3.147563428562382359e+00
3.127602836017995269e+00
3.106877888914088448e+00
3.085362502521418193e+00
3.063023284193869156e+00
3.039816947500034949e+00
3.015687832472495167e+00
2.990565891191659720e+00
2.964365569915190513e+00
2.936985895783968292e+00
2.908311684456921675e+00
2.878215503582593815e+00
2.846560546429218075e+00
2.813206042790037387e+00
2.778017796052782984e+00
2.740884301607611651e+00
2.701734532151112145e+00
2.660553301395080616e+00
2.617394928771517026e+00
2.572396823242983022e+00
2.525792066867840635e+00
2.477914223845895325e+00
2.429181760894288722e+00
2.380069976556880906e+00
2.331085273873628072e+00
2.282734188991784485e+00
2.235488200938122727e+00
2.189753549481089134e+00
2.145850828932449605e+00
2.104003789030660432e+00
2.064344694841226069e+00
2.026927526379894040e+00
1.991738222159769034e+00
1.958707317832232508e+00
1.927726653373870391e+00
1.898666276235930983e+00
1.871387950361856678e+00
1.845753671092557502e+00
1.821630245248508695e+00
1.798892179529772539e+00
1.777424188828452767e+00
1.757123271296488376e+00
1.737899790425091684e+00
1.719677297742010058e+00
1.702391301745858732e+00
1.685987448257359800e+00
1.670419569302793672e+00
1.655647895484304799e+00
1.641637553303729957e+00
1.628357360736655490e+00
1.615778888537417579e+00
1.603875747360080428e+00
1.592623065766040735e+00
1.581997124247871200e+00
1.571975111757585752e+00
1.562534973980324482e+00
1.553655328358332088e+00
1.545315425920634755e+00
1.537495143081009985e+00
1.530174991795168360e+00
1.523336139401845424e+00
1.516960431931593245e+00
1.511030417016815175e+00
1.505529364151160010e+00
1.500441281096009050e+00
1.495750926302629402e+00
1.491443817430761598e+00
1.487506236457750708e+00
1.483925231887652796e+00
1.480688618468900541e+00
1.477784975082940377e+00
1.475203641067084792e+00
1.472934711402278163e+00
1.470969031176261765e+00
1.469298189479095518e+00
1.467914512897722012e+00
1.466811058957683711e+00
1.465981609640513161e+00
1.465420665083910556e+00
1.465123437709345389e+00
1.465085846743606757e+00
1.465304513306873169e+00
1.465776756118687185e+00
1.466500587884133955e+00
1.467474712399341019e+00
1.468698522369860759e+00
1.470172097892478380e+00
1.471896205579327654e+00
1.473872298272391745e+00
1.476102515258692405e+00
1.478589682739233080e+00
1.481337314552828799e+00
1.484349612864754864e+00
1.487631468554914127e+00
1.491188461201278903e+00
1.495026858410777759e+00
1.499153614314527427e+00
1.503576366975170719e+00
1.508303434850625235e+00
1.513343812297353264e+00
1.518707164255917785e+00
1.524403820744138827e+00
1.530444771698825868e+00
1.536841663210273490e+00
1.543606796272766868e+00
1.550753129337827607e+00
1.558294286055390110e+00
1.566244569585978796e+00
1.574618984569825519e+00
1.583433267642747166e+00
1.592703927168508393e+00
1.602448293001684343e+00
1.612684578928802903e+00
1.623431962656526784e+00
1.634710693512032131e+00
1.646542245201734200e+00
1.658949539851412691e+00
1.671957277597571734e+00
1.685592409808437608e+00
1.699884789882581737e+00
1.714868015648489230e+00
1.730580445618940866e+00
1.747066324224113343e+00
1.764376900108363788e+00
1.782571381690061907e+00
1.801717560230983617e+00
1.821891966229142845e+00
1.843179499031643687e+00
1.865672541794178629e+00
1.889469590555709955e+00
1.914673338644318434e+00
1.941387973494999919e+00
1.969715246455291169e+00
1.999748789952741301e+00
2.031566398790224159e+00
2.065220807283169702e+00
2.100730425756295094e+00
2.138070842492008516e+00
2.177165971339479977e+00
2.217880137390535022e+00
2.260016234152034009e+00
2.303318555122154887e+00
2.347476501282588224e+00
2.392135438075054577e+00
2.436920095457329349e+00
2.481459869696797771e+00
2.525401272253310125e+00
2.568420978140448341e+00
2.610249609647688818e+00
2.650686760831585165e+00
2.689599020710609079e+00
2.726911282182788554e+00
2.762599642452810311e+00
2.796687044726365645e+00
2.829236375366313894e+00
2.860337658026689489e+00
2.890093682382808282e+00
2.918609662736511456e+00
2.945987764340352921e+00
2.972324137217084328e+00
2.997706549649530317e+00
3.022212294983083414e+00
3.045906816909267345e+00
3.068843395636026816e+00
3.091063889550061727e+00
3.112600315861193234e+00
3.133476966979496403e+00
3.153712719418159338e+00
3.173323178987368376e+00
3.192322371253278224e+00
3.210723834544972011e+00
3.228541140339691751e+00
3.245787992865046157e+00
3.262478098836712359e+00
3.278624961906485336e+00
3.294241686877140918e+00
3.309340815895968291e+00
3.323934191114355841e+00
3.338032848090253690e+00
3.351646963126923673e+00
3.364785877400864322e+00
3.377458208589155131e+00
3.389672036999025195e+00
3.401435132995746624e+00
3.412755181182313802e+00
3.423639960650028069e+00
3.434097453239593367e+00
3.444135870113802955e+00
3.453763603560717765e+00
3.462989123720032758e+00
3.471820847669709664e+00
3.480267007168933890e+00
3.488335535567431478e+00
3.496033986639140778e+00
3.503369489790267188e+00
3.510348738304573057e+00
3.516978003975725020e+00
3.523263167374509841e+00
3.529209755096592627e+00
3.534822975142748458e+00
3.540107744601287632e+00
3.545068706546631532e+00
3.549710234241230555e+00
3.554036423769055375e+00
3.558051076505042598e+00
3.561757673815491909e+00
3.565159346671946672e+00
3.568258841994030650e+00
3.571058488513618290e+00
3.573560163632271802e+00
3.575765262112867937e+00
3.577674668128837610e+00
3.579288730385258521e+00
3.580607241138367147e+00
3.581629419216091570e+00
3.582353896967908291e+00
3.582778711069530608e+00
3.582901297063020518e+00
3.582718487659404705e+00
3.582226514854768062e+00
3.581421015857319645e+00
3.580297042942853114e+00
3.578849077369024023e+00
3.577071047624024391e+00
3.574956352188646047e+00
3.572497887053548649e+00
3.569688078092951855e+00
3.566518918080413769e+00
3.562982008791622413e+00
3.559068607443486520e+00
3.554769677233578395e+00
3.550075940751482584e+00
3.544977935028714278e+00
3.539466066564685764e+00
3.533530663650486847e+00
3.527162024040743749e+00
3.520350454930642137e+00
3.513086304027472462e+00
3.505359980723821600e+00
3.497161969410749638e+00
3.488482839149467551e+00
3.479313258576779866e+00
3.469644026647143775e+00
3.459466133175542080e+00
3.448770860419004158e+00
3.437549930698411416e+00
3.425795688988128251e+00
3.413501287069715673e+00
3.400660811474146339e+00
3.387269277960269331e+00
3.373322416754308328e+00
3.358816212142408997e+00
3.343746234853216759e+00
3.328106897699522282e+00
3.311890833281976754e+00
3.295088597964293431e+00
3.277688828458185100e+00
3.259678820591666248e+00
3.241045325463054017e+00
3.221775236919063534e+00
3.201855849980670854e+00
3.181274504989312746e+00
3.160017622388568093e+00
3.138069255427662352e+00
3.115409298021983631e+00
3.092011439335164091e+00
3.067840946046898942e+00
3.042852484102239963e+00
3.016988364619096696e+00
2.990177589254820134e+00
2.962335775858718989e+00
2.933365721908249402e+00
2.903158516402405187e+00
2.871595703606570460e+00
2.838553699223592464e+00
2.803912227672513247e+00
