2.871842667071949351e-01
3.064410465704292541e-01
3.268588269575677940e-01
3.485235541001379111e-01
3.715239077830047587e-01
3.959495088817869268e-01
4.218880920113233790e-01
4.494212817628567835e-01
4.786191876374595311e-01
5.095343136654351124e-01
5.421946284943097716e-01
5.765954019160483002e-01
6.126910787622358301e-01
6.503893247954574131e-01
6.895484558050347657e-01
7.299790149406580886e-01
7.714450360976374821e-01
8.136636619803720993e-01
8.563175931810617092e-01
8.990798519847542636e-01
9.416308082854276673e-01
9.836660693793889410e-01
1.024908177285951627e+00
1.065125428989740719e+00
1.104145817315110634e+00
1.141855326334712650e+00
1.178188736115995283e+00
1.213124834035433919e+00
1.246683599738230619e+00
1.278918936946376927e+00
1.309907556666225936e+00
1.339737873889137010e+00
1.368501224802080252e+00
1.396285943802492824e+00
1.423173888339346771e+00
1.449238504888952450e+00
1.474543635924917551e+00
1.499142832624500654e+00
1.523079355002174839e+00
1.546386981722436271e+00
1.569091465150665776e+00
1.591212292447973020e+00
1.612764466796315688e+00
1.633760167885696335e+00
1.654210225974018122e+00
1.674125305784240680e+00
1.693516636018309374e+00
1.712396143074865984e+00
1.730775996423221885e+00
1.748667774249815787e+00
1.766081585875475923e+00
1.783025473150948503e+00
1.799505267279288834e+00
1.815524874210189266e+00
1.831086810512306373e+00
1.846192772781710456e+00
1.860844081439857245e+00
1.875041943540493916e+00
1.888787571833985046e+00
1.902082238951566362e+00
1.914927332613764355e+00
1.927324445272338815e+00
1.939275490986889450e+00
1.950782820094210779e+00
1.961849297970289285e+00
1.972478324496047986e+00
1.982673791328448676e+00
1.992439993091854156e+00
2.001781518753142919e+00
2.010703148935087281e+00
2.019209777649124238e+00
2.027306366548975447e+00
2.034997928892734009e+00
2.042289533748005148e+00
2.049186317285201397e+00
2.055693489180831168e+00
2.061816325687658491e+00
2.067560144019356727e+00
2.072930257806926857e+00
2.077931916866022632e+00
2.082570233668656456e+00
2.086850103721524796e+00
2.090776123971759048e+00
2.094352512578384395e+00
2.097583033212640835e+00
2.100470927653255160e+00
2.103018855743774562e+00
2.105228843915409875e+00
2.107102241920506103e+00
2.108639687085428704e+00
2.109841075991913506e+00
2.110705542689908398e+00
2.111231442742308673e+00
2.111416342637159715e+00
2.111257014294979584e+00
2.110749434655363022e+00
2.109888790536123437e+00
2.108669489172402045e+00
2.107085175093528218e+00
2.105128754258876800e+00
2.102792426647855706e+00
2.100067728808719725e+00
2.096945587823146884e+00
2.093416387489698050e+00
2.089470048995230922e+00
2.085096125706918269e+00
2.080283914425228531e+00
2.075022580925500293e+00
2.069301297165668796e+00
2.063109386924191213e+00
2.056436473348417504e+00
2.049272619076824675e+00
2.041608449665279323e+00
2.033435248769078552e+00
2.024745016871946302e+00
2.015530489880189791e+00
2.005785122222081718e+00
1.995503051496069657e+00
1.984679072386728915e+00
1.973308656517931636e+00
1.961388051692545931e+00
1.948914477903219922e+00
1.935886403859184757e+00
1.922303844221450841e+00
1.908168576865109101e+00
1.893484166465521756e+00
1.878255710041919713e+00
1.862489292794472950e+00
1.846191239161494302e+00
1.829367318339043980e+00
1.812022069441671990e+00
1.794158332825110280e+00
1.775776960550752070e+00
1.756876605560109939e+00
1.737453539775441147e+00
1.717501596180514900e+00
1.697012411944402333e+00
1.675976039375494997e+00
1.654381691663244114e+00
1.632218128905208898e+00
1.609473217321653271e+00
1.586132581574040579e+00
1.562177790159379631e+00
1.537584681202589731e+00
1.512322051102779952e+00
1.486350385896810122e+00
1.459620358977968602e+00
1.432071476592532200e+00
1.403631673812159697e+00
1.374218195645483975e+00
1.343739343650619311e+00
1.312096927774917043e+00
1.279190602161736967e+00
1.244925923647999033e+00
1.209226313743980485e+00
1.172046133225032705e+00
1.133381095159571972e+00
1.093275415246124371e+00
1.051829968453291242e+00
1.009214145117653505e+00
9.656712176612978205e-01
9.215041844737715815e-01
8.770538157435912030e-01
8.326869466190816027e-01
7.887846840808762083e-01
7.457176594569245864e-01
7.038159569622164380e-01
6.633526164340228792e-01
6.245460846373012131e-01
5.875587958361391250e-01
5.524912818369703826e-01
5.193872105513535065e-01
4.882433209539019381e-01
4.590190794040875932e-01
4.316470025326243354e-01
4.060418517333838628e-01
3.821077620605650149e-01
3.597439614583199941e-01
3.388491803373123723e-01
3.193245521336811055e-01
3.010752804665413063e-01
2.840116305377719530e-01
2.680496376552163884e-01
2.531116542787875123e-01
2.391266942997059552e-01
2.260305087996379303e-01
2.137653772156754561e-01
2.022796562529089459e-01
1.915271651128251373e-01
1.814664967380560934e-01
1.720603318465407927e-01
1.632748088068327053e-01
1.550789788812008685e-01
1.474443561396358571e-01
1.403445600849264896e-01
1.337550389455278155e-01
1.276528606972593405e-01
1.220165573124774305e-01
1.168260097029699546e-01
1.120623622389379931e-01
1.077079585281739138e-01
1.037462914804063441e-01
1.001619633899052397e-01
9.694065214193378632e-02
9.406908172582836847e-02
9.153499562535427625e-02
8.932713201446468299e-02
8.743520051727476927e-02
8.584986035130211246e-02
8.456269982546707475e-02
8.356621722471499480e-02
8.285380313738904823e-02
8.241972440884542950e-02
8.225910981664746879e-02
8.236793757219151857e-02
8.274302472418043619e-02
8.338201851086438077e-02
8.428338970330817581e-02
8.544642796894091896e-02
8.687123926485205982e-02
8.855874525225163052e-02
9.051068474425463806e-02
9.272961713602273504e-02
9.521892779801417739e-02
9.798283553240413890e-02
1.010264020531974616e-01
1.043555436708099721e-01
1.079770454386527745e-01
1.118985777874555165e-01
1.161287164723212861e-01
1.206769665988907392e-01
1.255537914384164400e-01
1.307706476997256284e-01
1.363400292928723667e-01
1.422755213472787217e-01
1.485918681497951921e-01
1.553050577462538884e-01
1.624324273352714121e-01
1.699927931113863755e-01
1.780066084753258171e-01
1.864961534790305353e-01
1.954857575102604272e-01
2.050020553468933637e-01
2.150742755907451009e-01
2.257345579810559055e-01
2.370182934469812208e-01
2.489644777008387933e-01
2.616160639778171149e-01
2.750202923715091563e-01
2.892289604613079712e-01
3.042985842663204488e-01
3.202903856145041250e-01
3.372700453450795388e-01
3.553071760022700754e-01
3.744744916438075277e-01
3.948466799602481925e-01
4.164989858337025952e-01
4.395054513595810786e-01
4.639366233032677367e-01
4.898564610109482631e-01
5.173184191086568351e-01
5.463610962023960349e-01
5.770032578608145224e-01
6.092367470433127652e-01
6.430180792727763217e-01
6.782648966448227013e-01
7.148595328685901640e-01
7.526502654581805896e-01
7.914456887761197601e-01
8.310128674484028588e-01
8.710881878011981216e-01
9.113973634992620365e-01
9.516716158237337186e-01
9.916523258618685777e-01
1.031095597915839379e+00
1.069787210176648573e+00
1.107557717266116404e+00
1.144286367093840129e+00
1.179897136446981465e+00
1.214353524356407643e+00
1.247654129004090340e+00
1.279828040686305624e+00
1.310928154415358593e+00
1.341022384882623264e+00
1.370185225043116128e+00
1.398491677601564120e+00
1.426013362123039530e+00
1.452815641193171414e+00
1.478955414653817302e+00
1.504480065558888802e+00
1.529427820029322982e+00
1.553829066316469332e+00
1.577707892104327936e+00
1.601083404358403905e+00
1.623970862559369399e+00
1.646382822653010836e+00
1.668330311489144568e+00
1.689823795383178062e+00
1.710873658719351598e+00
1.731490106949808760e+00
1.751682678906821389e+00
1.771459646091400275e+00
1.790827471259606396e+00
1.809790356696145741e+00
1.828349868677216827e+00
1.846504695678279129e+00
1.864250675514973921e+00
1.881581202250752094e+00
1.898487994548977875e+00
1.914962054074125453e+00
1.930994558689028029e+00
1.946577467883902068e+00
1.961703753153270835e+00
1.976367320848261500e+00
1.990562793458489743e+00
2.004285329902011803e+00
2.017530600862112777e+00
2.030294940261105019e+00
2.042575614592999855e+00
2.054371116083113513e+00
2.065681392994130672e+00
2.076507965098079111e+00
2.086853913758600854e+00
2.096723765350418933e+00
2.106123301864070818e+00
2.115059332750726551e+00
2.123539457611882675e+00
2.131571837354897081e+00
2.139164984853989093e+00
2.146327579439637923e+00
2.153068305495495771e+00
2.159395713670278827e+00
2.165318102866618410e+00
2.170843419794513895e+00
2.175979174304381036e+00
2.180732368093838414e+00
2.185109434749604507e+00
2.189116189313463856e+00
2.192757785978627805e+00
2.196038682564589450e+00
2.198962610526140615e+00
2.201532549499590097e+00
2.203750705778936059e+00
2.205618494015949338e+00
2.207136521589633915e+00
2.208304575386727642e+00
2.209121610697731608e+00
2.209585742106113582e+00
2.209694236370901343e+00
2.209443507359493797e+00
2.208829113216145945e+00
2.207845756035009543e+00
2.206487284387143255e+00
2.204746699168857571e+00
2.202616163353432022e+00
2.200087016380876115e+00
2.197149794059622518e+00
2.193794254914326558e+00
2.190009414475451610e+00
2.185783588944335776e+00
2.181104450092737235e+00
2.175959093979174863e+00
2.170334126378335338e+00
2.164215768481692503e+00
2.157589986776933699e+00
2.150442651812301431e+00
2.142759730043235944e+00
2.134527512151891404e+00
2.125732879444749646e+00
2.116363605455164887e+00
2.106408684633115591e+00
2.095858673051145260e+00
2.084706019673217448e+00
2.072945361610814885e+00
2.060573757271080275e+00
2.047590836337495279e+00
2.033998856069943351e+00
2.019802666439380889e+00
2.005009599425516598e+00
1.989629303748332134e+00
1.973673553056289887e+00
1.957156048923405667e+00
1.940092229267750268e+00
1.922499055355625597e+00
1.904394699597387053e+00
1.885798018074339888e+00
1.866727702125206667e+00
1.847201107335341375e+00
1.827232934741781056e+00
1.806834101840821383e+00
1.786011159504189205e+00
1.764766422703357485e+00
1.743098643511959756e+00
1.721003794864197411e+00
1.698475556495533390e+00
1.675505414318154251e+00
1.652082610106052840e+00
1.628194143673805216e+00
1.603824694094533321e+00
1.578956136342665184e+00
1.553566565174593572e+00
1.527629087628426863e+00
1.501110656519646147e+00
1.473970923092721819e+00
1.446160975001575144e+00
1.417622289857274342e+00
1.388286880257739941e+00
1.358079449359717694e+00
1.326921240512415556e+00
1.294734631649548495e+00
1.261448684279609100e+00
1.227007144961050678e+00
1.191378656072182629e+00
1.154565479634946268e+00
1.116608471732916774e+00
1.077592600743685569e+00
1.037656509017614637e+00
9.969978575487590255e-01
9.558627557867659386e-01
9.145244396625246130e-01
8.732710651257042933e-01
8.324051094648352578e-01
7.922325392604507854e-01
7.530365491874837502e-01
7.150573488881551976e-01
6.784877290721079701e-01
6.434771254568022458e-01
6.101364456084203969e-01
5.785359885369771860e-01
5.487013924249674046e-01
5.206197365260075705e-01
4.942523627974694245e-01
4.695440652456185360e-01
4.464275208969584741e-01
4.248267313597788863e-01
4.046607219248989917e-01
3.858467195658960569e-01
3.683023669097427732e-01
3.519472135747393482e-01
3.367038240100395097e-01
3.224986458085513652e-01
3.092626395897350999e-01
2.969316493185708006e-01
2.854465260263098214e-01
2.747530473007637752e-01
2.648016879567898219e-01
2.555472980169298247e-01
2.469487336307887859e-01
2.389684764064657907e-01
2.315722658127201683e-01
2.247287592227146802e-01
2.184092279398147651e-01
2.125872915960804466e-01
2.072386898256489141e-01
2.023410883305424568e-01
1.978739151510044425e-01
1.938182229741394202e-01
1.901565734682880149e-01
1.868729396402300791e-01
1.839526233687760470e-01
1.813821852913688470e-01
1.791493845665944606e-01
1.772431272477688613e-01
1.756534217091425820e-01
1.743713400970663963e-01
1.733889848892098406e-01
1.726994599914836170e-01
1.722968460430301385e-01
1.721761796132481315e-01
1.723334360045188918e-01
1.727655154152577810e-01
1.734702325168933634e-01
1.744463093499070971e-01
1.756933715153320419e-01
1.772119476590848786e-01
1.790034724805261990e-01
1.810702933786667579e-01
1.834156808896398871e-01
1.860438432017641197e-01
1.889599449658319053e-01
1.921701311955178459e-01
1.956815565472763974e-01
1.995024210002025455e-01
2.036420124216958838e-01
2.081107572183885368e-01
2.129202804899411050e-01
2.180834767133847940e-01
2.236145923206694364e-01
2.295293219870272461e-01
2.358449193253212561e-01
2.425803233970086903e-01
2.497563011213380646e-01
2.573956052518516779e-01
2.655231463711618112e-01
2.741661760884823162e-01
2.833544772448254312e-01
2.931205560065432425e-01
3.034998290988976666e-01
3.145307990462442582e-01
3.262552103504892109e-01
