1.179168918240127706e+00
1.193831506433009171e+00
1.207614376852144566e+00
1.220571469637735662e+00
1.232753530170054734e+00
1.244207903729677378e+00
1.254978530527671721e+00
1.265106053484490456e+00
1.274627979377739084e+00
1.283578859451538934e+00
1.291990472965764081e+00
1.299892006753149643e+00
1.307310227779864720e+00
1.314269647929525719e+00
1.320792680354179183e+00
1.326899786629947453e+00
1.332609613744998311e+00
1.337939120340844390e+00
1.342903691498715357e+00
1.347517242010505489e+00
1.351792308394652586e+00
1.355740129684950279e+00
1.359370718112866250e+00
1.362692920117046791e+00
1.365714468508315349e+00
1.368442026586645710e+00
1.370881225253984814e+00
1.373036693380150997e+00
1.374912082368334065e+00
1.376510085203921374e+00
1.377832450614450588e+00
1.378879992693426093e+00
1.379652596210201754e+00
1.380149217827315589e+00
1.380367883383314176e+00
1.380305681331897238e+00
1.379958752368660724e+00
1.379322275216417149e+00
1.378390448438704619e+00
1.377156468105515730e+00
1.375612501052586589e+00
1.373749653360690992e+00
1.371557933614109270e+00
1.369026210251590880e+00
1.366142161977819791e+00
1.362892220253662412e+00
1.359261502273225064e+00
1.355233733061677048e+00
1.350791154104011182e+00
1.345914415853466384e+00
1.340582451616853632e+00
1.334772328963132360e+00
1.328459075424033742e+00
1.321615475110061499e+00
1.314211833823784259e+00
1.306215711712851890e+00
1.297591625581035357e+00
1.288300727262352119e+00
1.278300470401041666e+00
1.267544285412488092e+00
1.255981289632926545e+00
1.243556069076397153e+00
1.230208571387356287e+00
1.215874147612920675e+00
1.200483771722504756e+00
1.183964455453044406e+00
1.166239879647121835e+00
1.147231309815744726e+00
1.126858965776458721e+00
1.105044069389681027e+00
1.081711556961544307e+00
1.056792869586170136e+00
1.030228218925208550e+00
1.001969672300082825e+00
9.719887021215066758e-01
9.402883464773865718e-01
9.069117231078819286e-01
8.719409505583092246e-01
8.354941505618148634e-01
7.977278469194345467e-01
7.588416379604643325e-01
7.190805504499698797e-01
6.787257998046877239e-01
6.380701547739472401e-01
5.973971771449630985e-01
5.569780528673947684e-01
5.170694745305665085e-01
4.778968738193255517e-01
4.396347997132747376e-01
4.024020122683672485e-01
3.662693664212250400e-01
3.312674951498013609e-01
2.973907959745504259e-01
2.646033152425135704e-01
2.328480895957893981e-01
2.020561553423011747e-01
1.721530485925332754e-01
1.430638756506940612e-01
1.147179641808578759e-01
8.705239851845422705e-02
6.001350850191053410e-02
3.355656812380343468e-02
7.644700406325685704e-03
-1.775233483030755344e-02
-4.265936709310139130e-02
-6.709705130264986828e-02
-9.108289931111424043e-02
-1.146318550093936017e-01
-1.377564283380752208e-01
-1.604666850170596848e-01
-1.827703230053544237e-01
-2.046727077422201835e-01
-2.261765525017060130e-01
-2.472811647181703265e-01
-2.679815834969807575e-01
-2.882680980158151551e-01
-3.081264482654949011e-01
-3.275386779764730694e-01
-3.464843594708117425e-01
-3.649418659861325964e-01
-3.828894614154965681e-01
-4.003061233226622440e-01
-4.171721171201354661e-01
-4.334693899733480515e-01
-4.491818593253852909e-01
-4.642956591790504683e-01
-4.787993811015273660e-01
-4.926843137869761913e-01
-5.059446539138174881e-01
-5.185776434305914284e-01
-5.305835922355537360e-01
-5.419657651346607707e-01
-5.527301374718066596e-01
-5.628850533024645220e-01
-5.724408255778881127e-01
-5.814093217294320493e-01
-5.898035671120406276e-01
-5.976373871532554283e-01
-6.049250981988640863e-01
-6.116812476279664956e-01
-6.179203997646121049e-01
-6.236569605385567927e-01
-6.289050342774482605e-01
-6.336783066808162612e-01
-6.379899485087781041e-01
-6.418525363493170488e-01
-6.452779873177912906e-01
-6.482775054138742998e-01
-6.508615377699424887e-01
-6.530397393801454786e-01
-6.548209454069144897e-01
-6.562131497833065819e-01
-6.572234894523222293e-01
-6.578582335191109909e-01
-6.581227766465954643e-01
-6.580216361096121735e-01
-6.575584520784771847e-01
-6.567359907011793840e-01
-6.555561496817394751e-01
-6.540199661083534455e-01
-6.521276263781361493e-01
-6.498784781630185803e-01
-6.472710444596728729e-01
-6.443030397898851236e-01
-6.409713888206723942e-01
-6.372722477728586243e-01
-6.332010291958972692e-01
-6.287524308604861556e-01
-6.239204696578379838e-01
-6.186985217641514101e-01
-6.130793707601825959e-01
-6.070552654701835138e-01
-6.006179895397087964e-01
-5.937589454147715884e-01
-5.864692551066870152e-01
-5.787398798205087846e-01
-5.705617608178156219e-01
-5.619259822798219339e-01
-5.528239567109127783e-01
-5.432476317308896352e-01
-5.331897152313791466e-01
-5.226439129579107945e-01
-5.116051690250872364e-01
-5.000698933720767458e-01
-4.880361534937518453e-01
-4.755037999326616194e-01
-4.624744931265115655e-01
-4.489516069647222496e-01
-4.349400085270716532e-01
-4.204457529928216641e-01
-4.054757732810389537e-01
-3.900376626962017701e-01
-3.741396202467617282e-01
-3.577905485020426712e-01
-3.410001881651223976e-01
-3.237790978158456290e-01
-3.061382980273775756e-01
-2.880885170172359233e-01
-2.696391577398369321e-01
-2.507972587456512303e-01
-2.315667542518710098e-01
-2.119482227056229962e-01
-1.919391113154354511e-01
-1.715342519359332463e-01
-1.507264553289593412e-01
-1.295070685133582755e-01
-1.078664776054163998e-01
-8.579453194082681255e-02
-6.328075221833982800e-02
-4.031413617742421462e-02
-1.688251095783385031e-02
7.028422622507787820e-03
3.143614039429362683e-02
5.636237511353973939e-02
8.183435920799059238e-02
1.078863391558593787e-01
1.345611003266186101e-01
1.619108074073316028e-01
1.899964359627798194e-01
2.188857033249475559e-01
2.486501015575510176e-01
2.793613479022469814e-01
3.110864269785704739e-01
3.438802590329894104e-01
3.777770230473410096e-01
4.127829496299325607e-01
4.488717301140321414e-01
4.859804667306628634e-01
5.240044828300552959e-01
5.627929053283171612e-01
6.021501935698923003e-01
6.418479460192958452e-01
6.816408135833510462e-01
7.212738805253745555e-01
7.604844662319816262e-01
7.990133459755923706e-01
8.366246404848446394e-01
8.731201502818527471e-01
9.083416723052600839e-01
9.421656008976870833e-01
9.744997255418403892e-01
1.005286499814065815e+00
1.034504599054773433e+00
1.062162871505684558e+00
1.088291587090133072e+00
1.112936313007167888e+00
1.136154097036953026e+00
1.158010098486738082e+00
1.178574342256746510e+00
1.197919041641960725e+00
1.216116637113705323e+00
1.233238362623872542e+00
1.249353126276084858e+00
1.264526618061587060e+00
1.278820641246446677e+00
1.292292692337837279e+00
1.304995787629689152e+00
1.316978501925016198e+00
1.328285160070129312e+00
1.338956120635340197e+00
1.349028102580619892e+00
1.358534520944969293e+00
1.367505811162146756e+00
1.375969730827204973e+00
1.383951633693995653e+00
1.391474714026594617e+00
1.398560221984030072e+00
1.405227650543101170e+00
1.411494896047476688e+00
1.417378394211686876e+00
1.422893234573955779e+00
1.428053255830370460e+00
1.432871125105792620e+00
1.437358403163472964e+00
1.441525598517244156e+00
1.445382212019574730e+00
1.448936773424884139e+00
1.452196871987275983e+00
1.455169181542713241e+00
1.457859481141149605e+00
1.460272671870900929e+00
1.462412790621719250e+00
1.464283020683071035e+00
1.465885699758623817e+00
1.467222325435740604e+00
1.468293558269597510e+00
1.469099222586792042e+00
1.469638305055808170e+00
1.469908951083059190e+00
1.469908459037523984e+00
1.469633272379949895e+00
1.469078969746850039e+00
1.468240253039255538e+00
1.467110933560324515e+00
1.465683916297195521e+00
1.463951182418898433e+00
1.461903770054889584e+00
1.459531753251301911e+00
1.456824219217977445e+00
1.453769243351070495e+00
1.450353862027050411e+00
1.446564042385270810e+00
1.442384647664572528e+00
1.437799396482219549e+00
1.432790813784794892e+00
1.427340169206616105e+00
1.421427398365681771e+00
1.415031000261778082e+00
1.408127902866813663e+00
1.400693286931024684e+00
1.392700357621315943e+00
1.384120052957812153e+00
1.374920680083483671e+00
1.365067475117429208e+00
1.354522090741263396e+00
1.343242027959028473e+00
1.331180044621164793e+00
1.318283590961783602e+00
1.304494333001430917e+00
1.289747824887292005e+00
1.273973372415444949e+00
1.257094103521114503e+00
1.239027240807685670e+00
1.219684585886203987e+00
1.198973301445427353e+00
1.176797193373560368e+00
1.153058762717490415e+00
1.127662202031658900e+00
1.100517347887706610e+00
1.071544835721199629e+00
1.040683211278415898e+00
1.007897871772348797e+00
9.731901614638236442e-01
9.366072763035930837e-01
8.982528305917264477e-01
8.582880020755151440e-01
8.169246577683439980e-01
7.744279158556415243e-01
7.311177914186686166e-01
6.873517938093002266e-01
6.434959660607141307e-01
5.999014269639466601e-01
5.568951623884353941e-01
5.147693794042955684e-01
4.737595147207201429e-01
4.340303263071046969e-01
3.956807265381982464e-01
3.587550988128676566e-01
3.232513985169594983e-01
2.891278590231508572e-01
2.563126662471711947e-01
2.247164158644106013e-01
1.942435194622652572e-01
1.647998245227879077e-01
1.362969054668878022e-01
1.086548143542996891e-01
8.180405995775170969e-02
5.568641227784468239e-02
3.025429099862053661e-02
5.469354402883055966e-03
-1.869887749820837997e-02
-4.227415464193222394e-02
-6.527475985723803220e-02
-8.771514396942746428e-02
-1.096075878715748186e-01
-1.309632840312069946e-01
-1.517925537345216624e-01
-1.721044388228396005e-01
-1.919061374183932411e-01
-2.112026107787670082e-01
-2.299964099352524161e-01
-2.482876010878730111e-01
-2.660737172186011801e-01
-2.833498197557380860e-01
-3.001088324923377182e-01
-3.163422345707283534e-01
-3.320410231597423212e-01
-3.471967209178094538e-01
-3.618021870042770760e-01
-3.758520766409848557e-01
-3.893429348783428723e-01
-4.022730242364140896e-01
-4.146420353182546648e-01
-4.264508151378416101e-01
-4.377011942808600176e-01
-4.483959318947279837e-01
-4.585387494597896740e-01
-4.681344061946067225e-01
-4.771887670398495263e-01
-4.857088294276938889e-01
-4.937026926245486336e-01
-5.011794690465833924e-01
-5.081491475545791836e-01
-5.146224241820515077e-01
-5.206105144300144927e-01
-5.261249635297485794e-01
-5.311774623328521239e-01
-5.357796778256842529e-01
-5.399431020480258692e-01
-5.436789200077377648e-01
-5.469978975000606702e-01
-5.499102883245022833e-01
-5.524257576388053037e-01
-5.545533204781135650e-01
-5.563012927285778675e-01
-5.576772531732001603e-01
-5.586880146226426147e-01
-5.593396025008724459e-01
-5.596372395545526901e-01
-5.595853356562218162e-01
-5.591874819171722688e-01
-5.584464485774637277e-01
-5.573641863453596690e-01
-5.559418310757548998e-01
-5.541797119370984737e-01
-5.520773634711657607e-01
-5.496335422286257044e-01
-5.468462490205225901e-01
-5.437127582155201200e-01
-5.402296550297687183e-01
-5.363928827018986656e-01
-5.321978009768362217e-01
-5.276392567866003969e-01
-5.227116696736678891e-01
-5.174091302916800084e-01
-5.117255100773813181e-01
-5.056545805858136955e-01
-4.991901360699489976e-01
-4.923261105216791833e-01
-4.850566815718866942e-01
-4.773763492016415699e-01
-4.692799811260479625e-01
-4.607628198058873470e-01
-4.518204520922570189e-01
-4.424487519134293612e-01
-4.326438144902490790e-01
-4.224019071008432991e-01
-4.117194605898366611e-01
-4.005931192227054627e-01
-3.890198493475905961e-01
-3.769970875335463267e-01
-3.645228893156822747e-01
-3.515960312105619878e-01
-3.382160257161976324e-01
-3.243830321251426341e-01
-3.100976745595800943e-01
-2.953608063651113058e-01
-2.801732678431194667e-01
-2.645356653748509035e-01
-2.484481579120786099e-01
-2.319101947779291240e-01
-2.149201483536188895e-01
-1.974748452661411746e-01
-1.795691005631711856e-01
-1.611954536828906215e-01
-1.423443042662290159e-01
-1.230045118500529971e-01
-1.031643050915562881e-01
-8.281215470094864528e-02
-6.193722158731879840e-02
-4.052913412660583137e-02
-1.857711119714654247e-02
3.931351561211465784e-03
2.701197793899874633e-02
5.068526453526862874e-02
7.497808557613004632e-02
9.992530331169099944e-02
1.255711410509599557e-01
1.519699316231623021e-01
1.791860011515612472e-01
2.072928061766077801e-01
2.363715356688155800e-01
2.665088707865631568e-01
2.977929301397617134e-01
3.303065145496070776e-01
3.641177518542789704e-01
3.992694166032222380e-01
4.357692989531592453e-01
4.735843085214166415e-01
5.126375476438052026e-01
5.528025784460460779e-01
5.938953469874784785e-01
6.356765711837184529e-01
6.778686327182047444e-01
7.201725173318033191e-01
7.622762382784373791e-01
8.038633964379948704e-01
8.446323565893465446e-01
8.843193792834008748e-01
9.227072968606780945e-01
9.596229720709570365e-01
9.949386062967107147e-01
1.028573697837198875e+00
1.060491832373105181e+00
1.090694357254031077e+00
1.119212674248741157e+00
1.146100416098958963e+00
1.171426836226457269e+00
1.195271397197310570e+00
1.217719119149235807e+00
