3.671223813747042986e+00
3.649940278437425523e+00
3.628067083056323749e+00
3.605657484861524598e+00
3.582767559217226339e+00
3.559454089856840753e+00
3.535772609832811053e+00
3.511775886552093606e+00
3.487512792495757630e+00
3.463027161985114954e+00
3.438356277880662670e+00
3.413529162435728903e+00
3.388565394580919321e+00
3.363475097942401071e+00
3.338260082517379157e+00
3.312915537681101696e+00
3.287431636739103435e+00
3.261794760919839664e+00
3.235988373254225170e+00
3.209993732359100349e+00
3.183790567714857467e+00
3.157357601019201265e+00
3.130672578376931803e+00
3.103711522313679527e+00
3.076447316025384016e+00
3.048848234574550009e+00
3.020877214230512475e+00
2.992492322710888164e+00
2.963648344926955502e+00
2.934299139315710736e+00
2.904400614211811504e+00
2.873914388613443283e+00
2.842811976557128695e+00
2.811079063558957092e+00
2.778719889097638340e+00
2.745762078514627280e+00
2.712260803515326835e+00
2.678299813633006732e+00
2.643989836626873480e+00
2.609467834740508252e+00
2.574895178248700400e+00
2.540448180425456393e+00
2.506304497523028640e+00
2.472637437443374608e+00
2.439618333415046525e+00
2.407414175916054777e+00
2.376175801134350341e+00
2.346026421539599838e+00
2.317059258607661931e+00
2.289342193509427137e+00
2.262922943588730362e+00
2.237831518412852105e+00
2.214080395341273988e+00
2.191664420238512268e+00
2.170562224253184791e+00
2.150739473651717137e+00
2.132152855708242978e+00
2.114753531368224415e+00
2.098489556660609434e+00
2.083307473881774730e+00
2.069153451812381750e+00
2.055974198711485901e+00
2.043717692228405713e+00
2.032333709838030522e+00
2.021774163430787752e+00
2.011993278216069214e+00
2.002947668867624653e+00
1.994596360072306451e+00
1.986900780458011218e+00
1.979824744143150017e+00
1.973334422950041800e+00
1.967398308976673338e+00
1.961987165283927803e+00
1.957073965259382708e+00
1.952633820722470714e+00
1.948643901910210863e+00
1.945083351835454000e+00
1.941933197880908013e+00
1.939176263733844330e+00
1.936797083734410174e+00
1.934781821501430743e+00
1.933118194130576839e+00
1.931795402946832718e+00
1.930804071426309720e+00
1.930136190466276824e+00
1.929785071209920044e+00
1.929745305356284968e+00
1.930012732900953543e+00
1.930584417113709872e+00
1.931458626552943869e+00
1.932634823914080258e+00
1.934113661490352021e+00
1.935896983024787410e+00
1.937987831787014503e+00
1.940390464636008616e+00
1.943110371789592339e+00
1.946154302300257877e+00
1.949530294845403411e+00
1.953247713611348413e+00
1.957317289157167295e+00
1.961751163720829805e+00
1.966562940878327392e+00
1.971767738447669505e+00
1.977382243907818582e+00
1.983424770964664186e+00
1.989915314260102930e+00
1.996875599024997117e+00
2.004329120684742005e+00
2.012301167090699838e+00
2.020818816858730216e+00
2.029910905016135469e+00
2.039607952661580015e+00
2.049942061078884326e+00
2.060946781695302654e+00
2.072656982322415242e+00
2.085108733036620698e+00
2.098339221935625609e+00
2.112386673859235842e+00
2.127290185512271670e+00
2.143089331795295038e+00
2.159823383696637400e+00
2.177530051852823334e+00
2.196243820474243158e+00
2.215994090448931697e+00
2.236803373216394331e+00
2.258685672671684408e+00
2.281645084325353068e+00
2.305674712005930438e+00
2.330756054358562146e+00
2.356858525989944386e+00
2.383938019075431569e+00
2.411933878773782514e+00
2.440766090995566628e+00
2.470336138841309648e+00
2.500532378566363345e+00
2.531235967402569287e+00
2.562323065781137110e+00
2.593664678354218545e+00
2.625129387364157463e+00
2.656590376070308679e+00
2.687932330375955914e+00
2.719054761022640765e+00
2.749873425300785712e+00
2.780322352005827113e+00
2.810355803602386793e+00
2.839948348825194646e+00
2.869092827278188373e+00
2.897797195016428073e+00
2.926081039398594541e+00
2.953972099884328628e+00
2.981503053112262158e+00
3.008708756047301591e+00
3.035623925098226206e+00
3.062281152465771150e+00
3.088709356676518247e+00
3.114932984560816909e+00
3.140972229299070495e+00
3.166844191083018067e+00
3.192564517014840231e+00
3.218148884260418896e+00
3.243613838970853092e+00
3.268976855752912414e+00
3.294255807779221445e+00
3.319468142049870174e+00
3.344629913962582357e+00
3.369754600442820713e+00
3.394851518179999861e+00
3.419923881947020128e+00
3.444966925230047661e+00
3.469966721668897414e+00
3.494900108923442605e+00
3.519735551026616616e+00
3.544434337609695618e+00
3.568951589387294732e+00
3.593237019120540054e+00
3.617235836271524452e+00
3.640890213746981185e+00
3.664141359696279743e+00
3.686931817198904504e+00
3.709207499523885065e+00
3.730919200055524687e+00
3.752023628011390333e+00
3.772484105449068981e+00
3.792270930872814638e+00
3.811361316651078912e+00
3.829738871008096623e+00
3.847392785833264828e+00
3.864317009574243844e+00
3.880509654410257081e+00
3.895972724169508794e+00
3.910712073908725550e+00
3.924737413788740081e+00
3.938062172628840951e+00
3.950703117654859042e+00
3.962679730946535805e+00
3.974013426532435833e+00
3.984726723454338426e+00
3.994842483000720090e+00
4.004383284134727994e+00
4.013370969242938457e+00
4.021826356037262684e+00
4.029769087639903269e+00
4.037217583310151348e+00
4.044189050183315537e+00
4.050699526737392198e+00
4.056763931837704895e+00
4.062396108773864256e+00
4.067608855884673247e+00
4.072413942612454818e+00
4.076822113599213537e+00
4.080843083003403926e+00
4.084485522297262250e+00
4.087757045158411096e+00
4.090664191013191342e+00
4.093212408672813218e+00
4.095406040925197111e+00
4.097248310155282347e+00
4.098741304840899602e+00
4.099885966494271727e+00
4.100682076495242079e+00
4.101128242203827767e+00
4.101221881895326327e+00
4.100959208071739859e+00
4.100335208813181254e+00
4.099343626929619511e+00
4.097976936943142690e+00
4.096226320119628284e+00
4.094081637659001238e+00
4.091531402828989528e+00
4.088562753101015801e+00
4.085161423542927217e+00
4.081311722955367927e+00
4.076996514868922894e+00
4.072197206079698262e+00
4.066893745562153661e+00
4.061064636185911958e+00
4.054686961207403684e+00
4.047736427851840624e+00
4.040187428026150940e+00
4.032013116200685587e+00
4.023185506031125236e+00
4.013675590062054432e+00
4.003453498118992648e+00
3.992488724071597161e+00
3.980750474006090389e+00
3.968208203213656304e+00
3.954832414801384477e+00
3.940595753125469614e+00
3.925474347457381885e+00
3.909449240533721337e+00
3.892507633423013758e+00
3.874643674500504620e+00
3.855858689389835448e+00
3.836161068153043807e+00
3.815566314308050266e+00
3.794097766181525166e+00
3.771788057989063692e+00
3.748680696302717941e+00
3.724830716228979099e+00
3.700303732012275137e+00
3.675173674314987871e+00
3.649520192972984134e+00
3.623426350950879282e+00
3.596976339003707501e+00
3.570252754981620313e+00
3.543333682076599711e+00
3.516290176780200394e+00
3.489184314024528000e+00
3.462067517170553277e+00
3.434979132930243928e+00
3.407945609480114157e+00
3.380980637478079753e+00
3.354086332445374019e+00
3.327255280033282414e+00
3.300473020369754540e+00
3.273720369338929626e+00
3.246975181317224290e+00
3.220213642532322229e+00
3.193411378762669006e+00
3.166544344572850278e+00
3.139589103233333844e+00
3.112522223966018409e+00
3.085319023821835760e+00
3.057952295515688146e+00
3.030391688782707593e+00
3.002604093943314734e+00
2.974554953176082428e+00
2.946210164671841270e+00
2.917538298897241145e+00
2.888513129244059119e+00
2.859116660395248477e+00
2.829342635621788116e+00
2.799200051893009800e+00
2.768716043784694936e+00
2.737937819656639071e+00
2.706933456672107052e+00
2.675790915930528424e+00
2.644615048162741733e+00
2.613524064646791878e+00
2.582646580134959180e+00
2.552117318833321935e+00
2.522070087308977637e+00
2.492631330921140087e+00
2.463917972623482111e+00
2.436037616749687995e+00
2.409086375317599504e+00
2.383143701786349489e+00
2.358268455158309074e+00
2.334499621593824070e+00
2.311860483071854766e+00
2.290362520562761794e+00
2.270006986024630358e+00
2.250784879152534668e+00
2.232677084500134690e+00
2.215655593085205766e+00
2.199685598247953067e+00
2.184727800980727164e+00
2.170740408586755876e+00
2.157680632269639354e+00
2.145505713232470857e+00
2.134173598084161405e+00
2.123643375745611461e+00
2.113875561321174601e+00
2.104832280374755005e+00
2.096477388789311558e+00
2.088776547530714289e+00
2.081697266445321937e+00
2.075208925582078923e+00
2.069282779611404166e+00
2.063891949753913657e+00
2.059011404962834302e+00
2.054617935286806141e+00
2.050690118315006583e+00
2.047208279603356829e+00
2.044154449623321490e+00
2.041512318465008136e+00
2.039267188890747651e+00
2.037405929166276497e+00
2.035916927734396698e+00
2.034790049726060701e+00
2.034016596476985850e+00
2.033589268806355044e+00
2.033502134345929413e+00
2.033750599341083376e+00
2.034331385184679153e+00
2.035242509830714752e+00
2.036483274136233312e+00
2.038054253074253808e+00
2.039957291712127585e+00
2.042195505794564880e+00
2.044773286968621484e+00
2.047696311544246583e+00
2.050971553159424143e+00
2.054607298552261430e+00
2.058613164857723721e+00
2.063000117687125989e+00
2.067780488651620452e+00
2.072967990863561649e+00
2.078577728699599003e+00
2.084626199740107655e+00
2.091131287325522781e+00
2.098112239686055425e+00
2.105589635693994932e+00
2.113585339326077950e+00
2.122122446341816460e+00
2.131225233834096677e+00
2.140919123199088947e+00
2.151230668081688169e+00
2.162187569752755945e+00
2.173818700771613877e+00
2.186154085289615079e+00
2.199224743013070693e+00
2.213062274243964733e+00
2.227698077349820949e+00
2.243162179560536540e+00
2.259481822839824794e+00
2.276680124323151144e+00
2.294775165081225587e+00
2.313779640364757029e+00
2.333700736958840949e+00
2.354539541173974460e+00
2.376289445963794655e+00
2.398933830419115232e+00
2.422444148797612051e+00
2.446779611272777544e+00
2.471888526857623614e+00
2.497709995404977068e+00
2.524174476952043555e+00
2.551203271066631029e+00
2.578708640429541177e+00
2.606596190091199361e+00
2.634769084990992827e+00
2.663132158354532208e+00
2.691594803078604770e+00
2.720073262816712134e+00
2.748493084611134396e+00
2.776791438566305725e+00
2.804918772445238684e+00
2.832839765186839553e+00
2.860533584642966254e+00
2.887993151376588408e+00
2.915223253915370627e+00
2.942237874747697379e+00
2.969057347228698518e+00
2.995705809263069064e+00
3.022209131858311970e+00
3.048593268669984813e+00
3.074882897909083646e+00
3.101100369113862776e+00
3.127265210368216586e+00
3.153394510551633445e+00
3.179504185124421678e+00
3.205610640952849533e+00
3.231732099480832066e+00
3.257889061861011903e+00
3.284103909041517610e+00
3.310399973749020841e+00
3.336800359523615978e+00
3.363326489951500520e+00
3.389996215120502754e+00
3.416821434230089771e+00
3.443805482764916714e+00
3.470940795285932357e+00
3.498207420933826750e+00
3.525572676437082276e+00
3.552991700012025689e+00
3.580408421466119595e+00
3.607756793816693452e+00
3.634962545498928943e+00
3.661945486695241225e+00
3.688621949111923648e+00
3.714907175660067118e+00
3.740718086158221656e+00
3.765976602944939078e+00
3.790612669661117096e+00
3.814565722999581521e+00
3.837784376882396931e+00
3.860225391283570673e+00
3.881853271211651801e+00
3.902640912253616978e+00
3.922570585190343184e+00
3.941634234291678140e+00
3.959832613630368758e+00
3.977173575482263246e+00
3.993670233138680192e+00
4.009339578884323352e+00
4.024201705437520538e+00
4.038279418673374366e+00
4.051597917008320060e+00
4.064184318824443309e+00
4.076066994213256578e+00
4.087274796178327563e+00
4.097836329246614007e+00
4.107779361609318336e+00
4.117130430288136189e+00
4.125914629236752340e+00
4.134155541667902334e+00
4.141875262890375886e+00
4.149094468070574138e+00
4.155832489758579662e+00
4.162107385765054346e+00
4.167935987475321014e+00
4.173333927604791604e+00
4.178315651190527724e+00
4.182894414754498413e+00
4.187082278153418713e+00
4.190890092885568130e+00
4.194327491332747293e+00
4.197402876640967229e+00
4.200123414645540620e+00
4.202495027128163585e+00
4.204522387003157391e+00
4.206208914210316507e+00
4.207556771190724909e+00
4.208566856611382967e+00
4.209238797737524074e+00
4.209570940436488939e+00
4.209560336029130490e+00
4.209202724986315758e+00
4.208492517302025782e+00
4.207422769638213822e+00
4.205985159187735967e+00
4.204169954758510741e+00
4.201965986289831534e+00
4.199360612351943800e+00
4.196339686938574509e+00
4.192887526992273628e+00
4.188986882132097023e+00
4.184618906669373750e+00
4.179763135401421970e+00
4.174397463423654031e+00
4.168498131499910109e+00
4.162039714077044650e+00
4.154995108776437185e+00
4.147335524633316339e+00
4.139030465082559118e+00
4.130047704596863767e+00
4.120353264597314435e+00
4.109911406218909491e+00
4.098684684321043825e+00
