5.627530041213628653e-01
5.626739604494795932e-01
5.622436822738097195e-01
5.614574405936980650e-01
5.603096954171410404e-01
5.587941071406785642e-01
5.569035533613680977e-01
5.546301518870182523e-01
5.519652914277966005e-01
5.488996716809884102e-01
5.454233549024178895e-01
5.415258308960158029e-01
5.371960973035466713e-01
5.324227571886863686e-01
5.271941360172894830e-01
5.214984196577467923e-01
5.153238121001839644e-01
5.086587116045219181e-01
5.014919017144017221e-01
4.938127476845812214e-01
4.856113893146324356e-01
4.768789138666451599e-01
4.676074936204613897e-01
4.577904720879426015e-01
4.474223891033944911e-01
4.364989463418484372e-01
4.250169317005703107e-01
4.129741395742191901e-01
4.003693378187544449e-01
3.872023308255564955e-01
3.734741415583913149e-01
3.591872877225498195e-01
3.443460557917030762e-01
3.289566297754767388e-01
3.130269236060856941e-01
2.965660298311923460e-01
2.795833271858157998e-01
2.620874308249623308e-01
2.440852446100845174e-01
2.255813333862312364e-01
2.065776720360367191e-01
1.870736529469077536e-01
1.670661804444483201e-01
1.465497844907747982e-01
1.255168400942979490e-01
1.039579944841003689e-01
8.186270309951393376e-02
5.921950776605556382e-02
3.601560955925223184e-02
1.223561076324149177e-02
-1.214017822033662541e-02
-3.713726978195062978e-02
-6.278817178952973699e-02
-8.913354705622136831e-02
-1.162236436991618549e-01
-1.441195854874202098e-01
-1.728936320498919987e-01
-2.026279781611775022e-01
-2.334124936008196149e-01
-2.653416333877950395e-01
-2.985093885323963359e-01
-3.330005706014558253e-01
-3.688787826372406098e-01
-4.061745434568729274e-01
-4.448768127088558177e-01
-4.849264754534514665e-01
-5.262071233176696117e-01
-5.685341626711537533e-01
-6.116548213837893488e-01
-6.552666812141716424e-01
-6.990374684300116881e-01
-7.426127586589323926e-01
-7.856283240863072281e-01
-8.277367148157570576e-01
-8.686344097143969822e-01
-9.080736575253162135e-01
-9.458579190325784314e-01
-9.818420565683039225e-01
-1.015938997570090541e+00
-1.048115426033775943e+00
-1.078380618372050348e+00
-1.106776975701690313e+00
-1.133371063986880811e+00
-1.158245120438564424e+00
-1.181490558962135617e+00
-1.203203285898620800e+00
-1.223480098608864530e+00
-1.242415974128013856e+00
-1.260102217314424511e+00
-1.276625302062004863e+00
-1.292066168987795916e+00
-1.306499806964045440e+00
-1.319995046648259729e+00
-1.332614553362374110e+00
-1.344415015736208696e+00
-1.355447508288647240e+00
-1.365757982868372356e+00
-1.375387829393195149e+00
-1.384374451365314229e+00
-1.392751809844311017e+00
-1.400550910030362584e+00
-1.407800216646661662e+00
-1.414525995555843796e+00
-1.420752587450666571e+00
-1.426502622300325873e+00
-1.431797185139005890e+00
-1.436655943130416890e+00
-1.441097243149995100e+00
-1.445138187133131247e+00
-1.448794691703463089e+00
-1.452081535990017880e+00
-1.455012401564790281e+00
-1.457599906680582036e+00
-1.459855636333804885e+00
-1.461790169136230499e+00
-1.463413102019505363e+00
-1.464733072796812641e+00
-1.465757780761236528e+00
-1.466494005574346282e+00
-1.466947624259298699e+00
-1.467123626362696109e+00
-1.467026127216847442e+00
-1.466658379208873209e+00
-1.466022780994517438e+00
-1.465120884647021615e+00
-1.463953400637814095e+00
-1.462520200612809740e+00
-1.460820317944695912e+00
-1.458851946005071953e+00
-1.456612433935202677e+00
-1.454098280064116011e+00
-1.451305122562434491e+00
-1.448227727118673203e+00
-1.444859971664365306e+00
-1.441194827429175040e+00
-1.437224335814903053e+00
-1.432939580186877615e+00
-1.428330652237145726e+00
-1.423386611142962499e+00
-1.418095434098563645e+00
-1.412443957012686990e+00
-1.406417802679866602e+00
-1.400001294572891242e+00
-1.393177353470203883e+00
-1.385927374450629079e+00
-1.378231081508182188e+00
-1.370066357358345366e+00
-1.361409046182989968e+00
-1.352232727964685743e+00
-1.342508463423250475e+00
-1.332204509539898662e+00
-1.321286008926973121e+00
-1.309714660905043848e+00
-1.297448390006091135e+00
-1.284441039068004997e+00
-1.270642128798464165e+00
-1.255996739270283102e+00
-1.240445573507753307e+00
-1.223925250299445766e+00
-1.206368839068684196e+00
-1.187706621531836149e+00
-1.167867064430640367e+00
-1.146778048269180283e+00
-1.124368519340343431e+00
-1.100570787109541593e+00
-1.075323487259348232e+00
-1.048574813529530303e+00
-1.020285814761795917e+00
-9.904350272426407642e-01
-9.590262137065016512e-01
-9.260967266206417969e-01
-8.917198375147691314e-01
-8.560010441375872636e-01
-8.190775827652929664e-01
-7.811238600325410841e-01
-7.423543630233433444e-01
-7.030161008941629985e-01
-6.633703090910324507e-01
-6.236750153877433922e-01
-5.841794791434287148e-01
-5.451217649759697581e-01
-5.067167164069291685e-01
-4.691403616744662664e-01
-4.325226198611271111e-01
-3.969490189112836465e-01
-3.624659264643185219e-01
-3.290852304930644845e-01
-2.967882039616602796e-01
-2.655310905719321379e-01
-2.352532516942537344e-01
-2.058854756562309429e-01
-1.773561613782827784e-01
-1.495954787483555481e-01
-1.225386668207093799e-01
-9.612873176220658455e-02
-7.031791216132668443e-02
-4.506755931825127959e-02
-2.034688516037629069e-02
3.868626477237874228e-03
2.759862424732559272e-02
5.085904051613984733e-02
7.366314175297125622e-02
9.602253063443576264e-02
1.179479599041350357e-01
1.394497643560611011e-01
1.605378597459825307e-01
1.812214322782312870e-01
2.015084876966304339e-01
2.214053241774358860e-01
2.409159299673462040e-01
2.600413732905850206e-01
2.787793720317434665e-01
2.971242741690278688e-01
3.150675634320582175e-01
3.325987926480606371e-01
3.497066715267006520e-01
3.663799957437528509e-01
3.826082109895441175e-01
3.983815907856234628e-01
4.136911662409831214e-01
4.285286081335540898e-01
4.428862190484716965e-01
4.567570924608613803e-01
4.701353986823511022e-01
4.830167061913550053e-01
4.953982475482581194e-01
5.072790734992439488e-01
5.186600805774213008e-01
5.295439281464630055e-01
5.399348750155590348e-01
5.498385663203424478e-01
5.592617961989794217e-01
5.682122651908678712e-01
5.766983443529678510e-01
5.847288547771726241e-01
5.923128668197632507e-01
5.994595220975603711e-01
6.061778784331680603e-01
6.124767775792978597e-01
6.183647337048776560e-01
6.238498403471404163e-01
6.289396934870766787e-01
6.336413277351317097e-01
6.379611634328108405e-01
6.419049625465640396e-01
6.454777915404069644e-01
6.486839897098051200e-01
6.515271420821839854e-01
6.540100558904722305e-01
6.561347400762412851e-01
6.579023872757021607e-01
6.593133581049129832e-01
6.603671675809865693e-01
6.610624735901855509e-01
6.613970674196105737e-01
6.613678664689740527e-01
6.609709093367869270e-01
6.602013535768179731e-01
6.590534764773852139e-01
6.575206792617453999e-01
6.555954952544466030e-01
6.532696025859665578e-01
6.505338421266650961e-01
6.473782414444678723e-01
6.437920455375246709e-01
6.397637552481062473e-01
6.352811746690830708e-01
6.303314687487779899e-01
6.249012329295396961e-01
6.189765770339541451e-01
6.125432268059726182e-01
6.055866468274447856e-01
5.980921906059459836e-01
5.900452842886030336e-01
5.814316512645144597e-01
5.722375848092441375e-01
5.624502724330925352e-01
5.520581707370443292e-01
5.410514188319991424e-01
5.294222665472476663e-01
5.171654800433416188e-01
5.042786794783989945e-01
4.907625631367489860e-01
4.766209892646678381e-01
4.618609145440623620e-01
4.464922183288981827e-01
4.305274619766792377e-01
4.139816318203579093e-01
3.968718886306018545e-01
3.792173083093171027e-01
3.610385617749010678e-01
3.423574627045070651e-01
3.231963086466276280e-01
3.035769646844499459e-01
2.835197011309795734e-01
2.630419088572753528e-01
2.421569460752785174e-01
2.208734413874620106e-01
1.991952822904712872e-01
1.771222383757788399e-01
1.546508523637820653e-01
1.317751115487322544e-01
1.084866623423459547e-01
8.477473439480467943e-02
6.062608590033376210e-02
3.602501692338115624e-02
1.095316683227576943e-02
-1.461116265680882653e-02
-4.069411056052807396e-02
-6.732751377318819952e-02
-9.455013909281292928e-02
-1.224088853887230072e-01
-1.509597325031247494e-01
-1.802676228796510904e-01
-2.104043675229007038e-01
-2.414446587361051555e-01
-2.734612676715975077e-01
-3.065197691167758087e-01
-3.406714692370635400e-01
-3.759440315956159573e-01
-4.123328557062483912e-01
-4.497962416120865337e-01
-4.882509351668344877e-01
-5.275635543569233699e-01
-5.675450147084923902e-01
-6.079602640053050067e-01
-6.485492684168938649e-01
-6.890397629447712058e-01
-7.291470717830389470e-01
-7.685812305486077189e-01
-8.070709984130450820e-01
-8.443853516492210165e-01
-8.803383743691844954e-01
-9.147856165815083651e-01
-9.476196998493063850e-01
-9.787691200177468520e-01
-1.008201586411815232e+00
-1.035923199593335564e+00
-1.061968455441155035e+00
-1.086388696595474102e+00
-1.109245768234316420e+00
-1.130609477882957403e+00
-1.150555425184611069e+00
-1.169162290601761800e+00
-1.186509269707604286e+00
-1.202674166309802173e+00
-1.217732125904603890e+00
-1.231754800863820609e+00
-1.244809790595776677e+00
-1.256960292015936620e+00
-1.268264934426336144e+00
-1.278777778133984855e+00
-1.288548447147874976e+00
-1.297622359784492474e+00
-1.306041020335098501e+00
-1.313842339441532392e+00
-1.321060958165760635e+00
-1.327728558527496716e+00
-1.333874149582584323e+00
-1.339524323619458723e+00
-1.344703480999064338e+00
-1.349434024859488268e+00
-1.353736528057738697e+00
-1.357629875766377392e+00
-1.361131386689227174e+00
-1.364256916555584898e+00
-1.367020946367498491e+00
-1.369436657762240772e+00
-1.371515997832764677e+00
-1.373269734969561062e+00
-1.374707506842892890e+00
-1.375837861859512401e+00
-1.376668294631592904e+00
-1.377205276290505376e+00
-1.377454280097495376e+00
-1.377419802643935931e+00
-1.377105380879986907e+00
-1.376513605133703688e+00
-1.375646128206912344e+00
-1.374503670565522917e+00
-1.373086021543639346e+00
-1.371392036489794242e+00
-1.369419629680125539e+00
-1.367165762784393390e+00
-1.364626428515386625e+00
-1.361796629034447870e+00
-1.358670348810283812e+00
-1.355240521078846960e+00
-1.351498987745843872e+00
-1.347436451773178723e+00
-1.343042421267715003e+00
-1.338305144601653174e+00
-1.333211536148014575e+00
-1.327747091605466778e+00
-1.321895792668335456e+00
-1.315640000911342922e+00
-1.308960340558428914e+00
-1.301835570697348787e+00
-1.294242447076976443e+00
-1.286155574096119247e+00
-1.277547247220782056e+00
-1.268387285901470207e+00
-1.258642857007044258e+00
-1.248278290125565348e+00
-1.237254889387016554e+00
-1.225530754176536785e+00
-1.213060634959619355e+00
-1.199795872966963328e+00
-1.185684499593868679e+00
-1.170671592196537381e+00
-1.154699971445289464e+00
-1.137711249728921903e+00
-1.119647081125221044e+00
-1.100450280132913239e+00
-1.080065453064741332e+00
-1.058439201841225641e+00
-1.035520800081784376e+00
-1.011264796140816324e+00
-9.856361533963876598e-01
-9.586164246421869928e-01
-9.302083331452817294e-01
-9.004377253940152315e-01
-8.693538896925971926e-01
-8.370291893049025544e-01
-8.035594486284528548e-01
-7.690678560830545019e-01
-7.337103560273103842e-01
-6.976734557925974300e-01
-6.611610087345558551e-01
-6.243795480172044110e-01
-5.875319117726713891e-01
-5.508168510269094709e-01
-5.144251619216437810e-01
-4.785282985063294969e-01
-4.432659580846233238e-01
-4.087415080600430017e-01
-3.750249467820420679e-01
-3.421562049061190880e-01
-3.101465737166086423e-01
-2.789819451261492111e-01
-2.486291353365086554e-01
-2.190425137787949672e-01
-1.901689304399256097e-01
-1.619516020038460347e-01
-1.343340448615372162e-01
-1.072638372240522775e-01
-8.069529653924897850e-02
-5.459059262691981496e-02
-2.891945445336672332e-02
-3.657895522537236987e-03
2.121354548768120130e-02
4.571150526766163541e-02
6.985098056558590451e-02
9.364585627274862878e-02
1.171089923660043053e-01
1.402521955867127301e-01
1.630862375299932110e-01
1.856208193235376336e-01
2.078642431949791758e-01
2.298226463131174402e-01
2.514989104307240320e-01
2.728915916490152194e-01
2.939942528120280674e-01
3.147954090824393036e-01
3.352790643963391437e-01
3.554256491194341949e-01
3.752131188961397301e-01
3.946180048183017264e-01
4.136162691964082039e-01
4.321839182077205077e-01
4.502974218131271522e-01
4.679340737934294947e-01
4.850724412265147723e-01
5.016929776701022359e-01
5.177787395541776361e-01
5.333160392112404891e-01
5.482948543558641141e-01
5.627088961390329658e-01
5.765553527072359019e-01
5.898344214637496474e-01
6.025487621872263055e-01
6.147029829171413162e-01
6.263032180603481658e-01
6.373568130669100551e-01
6.478720981896517461e-01
6.578582210238208550e-01
6.673250084349244826e-01
6.762828362916185609e-01
6.847424952661786968e-01
6.927150490152980122e-01
7.002116871786523422e-01
7.072435767055839095e-01
7.138217179994149619e-01
7.199568092937924657e-01
7.256591229360207507e-01
7.309383960352733300e-01
7.358037349018471396e-01
7.402635336321133908e-01
7.443254060733525135e-01
7.479961288698180333e-01
