3.271048669970382683e+00
3.248206623040341690e+00
3.224907523076411930e+00
3.201138666392193688e+00
3.176885097545285586e+00
3.152129122530858751e+00
3.126849316598545148e+00
3.101019305022422845e+00
3.074606607017421833e+00
3.047571507695586490e+00
3.019865786426753296e+00
2.991431583308558295e+00
2.962201360397008543e+00
2.932099819561948983e+00
2.901047549290280081e+00
2.868965483246933790e+00
2.835780310919062241e+00
2.801432323147859282e+00
2.765885669394314128e+00
2.729137515509904688e+00
2.691223423822934446e+00
2.652222664246678629e+00
2.612267615577939850e+00
2.571550384681751567e+00
2.530314331337911948e+00
2.488833017430677863e+00
2.447396127055857296e+00
2.406308199663390379e+00
2.365879365528670952e+00
2.326399657736824000e+00
2.288117175615264731e+00
2.251231978271772238e+00
2.215899722700660490e+00
2.182236872343825240e+00
2.150318724683607297e+00
2.120174975425422215e+00
2.091795619579470689e+00
2.065143818744795468e+00
2.040165172984391262e+00
2.016792383633601915e+00
1.994949039372249544e+00
1.974553557765265310e+00
1.955522440065780909e+00
1.937772493524138717e+00
1.921222346631952904e+00
1.905793609443249936e+00
1.891411796865902106e+00
1.878006998485262535e+00
1.865514269489035648e+00
1.853873759236844165e+00
1.843030627603416960e+00
1.832934807830844059e+00
1.823540674594937405e+00
1.814806664609465603e+00
1.806694885720511845e+00
1.799170739324218005e+00
1.792202571590085336e+00
1.785761361790229707e+00
1.779820450326862424e+00
1.774355305072696121e+00
1.769343323210919028e+00
1.764763664320518677e+00
1.760597110433599122e+00
1.756825948466188114e+00
1.753433871512095621e+00
1.750405895596389261e+00
1.747728288734301527e+00
1.745388510421845396e+00
1.743375159744581238e+00
1.741677930418097153e+00
1.740287571618158946e+00
1.739195854184466095e+00
1.738395541227197194e+00
1.737880362797828093e+00
1.737644994336724036e+00
1.737685038579529717e+00
1.737997010782635687e+00
1.738578327172980220e+00
1.739427296561393943e+00
1.740543115117664463e+00
1.741925864312669825e+00
1.743576512070424078e+00
1.745496917269907744e+00
1.747689837828406922e+00
1.750158942304608667e+00
1.752908825656417591e+00
1.755945029359962772e+00
1.759274066148106996e+00
1.762903450234426295e+00
1.766841733735513342e+00
1.771098550274816885e+00
1.775684666426652347e+00
1.780612042739137424e+00
1.785893905742536703e+00
1.791544832036700230e+00
1.797580846575717484e+00
1.804019536361403553e+00
1.810880180624294677e+00
1.818183898332258241e+00
1.825953812447075997e+00
1.834215229503145750e+00
1.842995831325889400e+00
1.852325874333071942e+00
1.862238389409161199e+00
1.872769374036959311e+00
1.883957968041335418e+00
1.895846604049792550e+00
1.908481122977979894e+00
1.921910840626944061e+00
1.936188539452897928e+00
1.951370334742102530e+00
1.967515326742307558e+00
1.984684918376296681e+00
2.002941693993553152e+00
2.022347896914163723e+00
2.042963810133650249e+00
2.064846533814721941e+00
2.088049312471425445e+00
2.112620477729016510e+00
2.138600106256070887e+00
2.166013548329894789e+00
2.194864208552514295e+00
2.225129539292315162e+00
2.256761014986070180e+00
2.289685091340625256e+00
2.323802731472470740e+00
2.358986435002526694e+00
2.395075225611043912e+00
2.431874504381624558e+00
2.469167970330221173e+00
2.506734725846947676e+00
2.544358286181373163e+00
2.581827439005913494e+00
2.618939819339550112e+00
2.655513225473457695e+00
2.691398599036966655e+00
2.726485980825284816e+00
2.760702074584134635e+00
2.794005740720291620e+00
2.826385578515596908e+00
2.857856973916006460e+00
2.888456032578753163e+00
2.918232295819124467e+00
2.947242935707519607e+00
2.975548514494621433e+00
3.003209071351931936e+00
3.030280319097377717e+00
3.056810820170015486e+00
3.082840813667437896e+00
3.108402566434866454e+00
3.133521677408508843e+00
3.158218764453935012e+00
3.182511085692013797e+00
3.206413765199562338e+00
3.229940488394253073e+00
3.253103782248415676e+00
3.275915113204056706e+00
3.298384964638302996e+00
3.320522872773088441e+00
3.342337244773574412e+00
3.363834785186855747e+00
3.385019543188052982e+00
3.405891847850889498e+00
3.426447538361412803e+00
3.446677797771358076e+00
3.466569636847383062e+00
3.486106824233705215e+00
3.505270959998080471e+00
3.524042446436411069e+00
3.542401241179139237e+00
3.560327399193913500e+00
3.577801470538587214e+00
3.594804830187163347e+00
3.611320007175490510e+00
3.627331063823885593e+00
3.642824037909084378e+00
3.657787406849680067e+00
3.672212485528965953e+00
3.686093661049061776e+00
3.699428403568567170e+00
3.712217058250226298e+00
3.724462476405137501e+00
3.736169567975631267e+00
3.747344852022086670e+00
3.757996057277579016e+00
3.768131797128517313e+00
3.777761319466182766e+00
3.786894318407649340e+00
3.795540789382890967e+00
3.803710910719675820e+00
3.811414938763795668e+00
3.818663108381763482e+00
3.825465535383288262e+00
3.831832119542059711e+00
3.837772450167430627e+00
3.843295714509333383e+00
3.848410611855545671e+00
3.853125274713651294e+00
3.857447197233530023e+00
3.861383171655090152e+00
3.864939233323358980e+00
3.868120612760151733e+00
3.870931694711430282e+00
3.873375983092570252e+00
3.875456071311210060e+00
3.877173617122748883e+00
3.878529321217309089e+00
3.879522908865624231e+00
3.880153114153571892e+00
3.880417666801200038e+00
3.880313281181252183e+00
3.879835647602767779e+00
3.878979426101003103e+00
3.877738243130684825e+00
3.876104691706615757e+00
3.874070336105758905e+00
3.871625721925183949e+00
3.868760392705744788e+00
3.865462914754704826e+00
3.861720912085300661e+00
3.857521113466134022e+00
3.852849413193260464e+00
3.847690947920912485e+00
3.842030191226560643e+00
3.835851068486710425e+00
3.829137092081497773e+00
3.821871517640591076e+00
3.814037521647542839e+00
3.805618397720153645e+00
3.796597770455772292e+00
3.786959824588335355e+00
3.776689549202704832e+00
3.765773000879466093e+00
3.754197594574154806e+00
3.741952439425829446e+00
3.729028739927805258e+00
3.715420284613390578e+00
3.701124029838843477e+00
3.686140757627682341e+00
3.670475736448458814e+00
3.654139263549508243e+00
3.637146930961533631e+00
3.619519473004776611e+00
3.601282149502938790e+00
3.582463774400367562e+00
3.563095641387783896e+00
3.543210616530043211e+00
3.522842501904917434e+00
3.502025506341861494e+00
3.480793491406655615e+00
3.459178758134360709e+00
3.437210445061245068e+00
3.414912910656465961e+00
3.392304557164609768e+00
3.369397377977452201e+00
3.346197232910061103e+00
3.322704632080712539e+00
3.298915718480833537e+00
3.274823144556592958e+00
3.250416630225359427e+00
3.225683196074508263e+00
3.200607281465169152e+00
3.175170952344865682e+00
3.149354109017633352e+00
3.123134275655746972e+00
3.096485640919886873e+00
3.069377528898519003e+00
3.041772900881423602e+00
3.013627430323778889e+00
2.984889428381642951e+00
2.955500915622861324e+00
2.925400274628463748e+00
2.894526483822307927e+00
2.862824062997822772e+00
2.830247933279038453e+00
2.796768868965419763e+00
2.762380629665266429e+00
2.727107153393705463e+00
2.691006456503257649e+00
2.654172564839733184e+00
2.616740159518523789e+00
2.578887298705140108e+00
2.540824935501682980e+00
2.502777492253556613e+00
2.464972911434198277e+00
2.427645035960776632e+00
2.391030416469366759e+00
2.355350430412197493e+00
2.320792140009010129e+00
2.287503100290733116e+00
2.255597260914603552e+00
2.225159621507769803e+00
2.196246492058421484e+00
2.168885902726075177e+00
2.143079413630024188e+00
2.118804574537213270e+00
2.096019355547503960e+00
2.074668938766711879e+00
2.054692350127823808e+00
2.036026445082995018e+00
2.018607178409925762e+00
2.002369689745527204e+00
1.987248530282294867e+00
1.973178442381551712e+00
1.960095467933219426e+00
1.947938025706132281e+00
1.936647725759375271e+00
1.926169855822957633e+00
1.916453579410768659e+00
1.907451923774521330e+00
1.899121635708993283e+00
1.891422966252506166e+00
1.884319425676969750e+00
1.877777534085427247e+00
1.871766582147938562e+00
1.866258409091353876e+00
1.861227200916382163e+00
1.856649309259245761e+00
1.852503089969373518e+00
1.848768759874995782e+00
1.845428270188996134e+00
1.842465194614979485e+00
1.839864630748460295e+00
1.837613113364843009e+00
1.835698538225810639e+00
1.834110095275399033e+00
1.832838210516853916e+00
1.831874495537390457e+00
1.831211704156910480e+00
1.830843695617961675e+00
1.830765403811913217e+00
1.830972812160112095e+00
1.831462933880321442e+00
1.832233797398975295e+00
1.833284436741808188e+00
1.834614886798935141e+00
1.836226183405436529e+00
1.838120368270441007e+00
1.840300498918752137e+00
1.842770663908186668e+00
1.845536003482469933e+00
1.848602736376799172e+00
1.851978193232428849e+00
1.855670857429074116e+00
1.859690414532830349e+00
1.864047811577004943e+00
1.868755327562007906e+00
1.873826656707520355e+00
1.879277006149245199e+00
1.885123209109416997e+00
1.891383854042852919e+00
1.898079428746279662e+00
1.905232476190117374e+00
1.912867755421852278e+00
1.921012396414820245e+00
1.929696032519084836e+00
1.938950888865377697e+00
1.948811801497409402e+00
1.959316143385744668e+00
1.970503642680952794e+00
1.982416098785860559e+00
1.995097032209924848e+00
2.008591337677347433e+00
2.022945025532734586e+00
2.038205108847725988e+00
2.054419596659245340e+00
2.071637413946956663e+00
2.089907952461767859e+00
2.109279986038657295e+00
2.129799888163330657e+00
2.151509307127659198e+00
2.174442429514258368e+00
2.198622740308737722e+00
2.224059386204692235e+00
2.250744213610007982e+00
2.278651061644829223e+00
2.307737026175407546e+00
2.337942564634071463e+00
2.369187931129529190e+00
2.401368009262672576e+00
2.434350613069606428e+00
2.467981499772615273e+00
2.502094566463710201e+00
2.536521202106471140e+00
2.571093484078700087e+00
2.605643804294611066e+00
2.640009278766837664e+00
2.674042771527042728e+00
2.707622270943670806e+00
2.740652835967304579e+00
2.773065267777057752e+00
2.804816250018269841e+00
2.835888126538788967e+00
2.866285490278057235e+00
2.896029775174967735e+00
2.925154365087227148e+00
2.953700754710296472e+00
2.981714981231480266e+00
3.009244029941337217e+00
3.036332613390472002e+00
3.063020741087648879e+00
3.089342287595135961e+00
3.115324703909738258e+00
3.140989888207467828e+00
3.166355865253299040e+00
3.191438579938829179e+00
3.216253159083286572e+00
3.240814425442848368e+00
3.265136876729480164e+00
3.289234442216841803e+00
3.313120147796991599e+00
3.336805625559313260e+00
3.360300355824040519e+00
3.383610609129518387e+00
3.406738193156043426e+00
3.429679246496676548e+00
3.452423409276213384e+00
3.474953668360675874e+00
3.497246977845342997e+00
3.519275466490455528e+00
3.541007800296932295e+00
3.562410266565185335e+00
3.583447436754029880e+00
3.604082655230011589e+00
3.624278778200524798e+00
3.643999395752522741e+00
3.663210384957009236e+00
3.681881379466816817e+00
3.699986756632897222e+00
3.717505977151056129e+00
3.734423383683933562e+00
3.750727706416558060e+00
3.766411522940541268e+00
3.781470818264978107e+00
3.795904673718194733e+00
3.809715036936251131e+00
3.822906504098366742e+00
3.835486067154897594e+00
3.847462813183459840e+00
3.858847588865843559e+00
3.869652654129592584e+00
3.879891348468007539e+00
3.889577785788795872e+00
3.898726584054541533e+00
3.907352628830709662e+00
3.915470867893927398e+00
3.923096130370713919e+00
3.930242968144738835e+00
3.936925514578971885e+00
3.943157360005678402e+00
3.948951442593688022e+00
3.954319953414656030e+00
3.959274256028591843e+00
3.963824818914781556e+00
3.967981160412581421e+00
3.971751804376694839e+00
3.975144245601633042e+00
3.978164922729806818e+00
3.980819198003828774e+00
3.983111341862160426e+00
3.985044520533967294e+00
3.986620785588651295e+00
3.987841064432955385e+00
3.988705150971893598e+00
3.989211695474878638e+00
3.989358192499939726e+00
3.989140967271916693e+00
3.988555160044798598e+00
3.987594708429357038e+00
3.986252328293101499e+00
3.984519493431079251e+00
3.982386414871120994e+00
3.979842021922070483e+00
3.976873946786415814e+00
3.973468515280839775e+00
3.969610746936440560e+00
3.965284368928562397e+00
3.960471849878572925e+00
3.955154457843607751e+00
3.949312349631920682e+00
3.942924697172761395e+00
3.935969854852491512e+00
3.928425570410047030e+00
3.920269238790351274e+00
3.911478190422680523e+00
3.902030006728227196e+00
3.891902844850378962e+00
3.881075761495538234e+00
3.869529026401453464e+00
3.857244434153106027e+00
3.844205639895775573e+00
3.830398565491411222e+00
3.815811927392409153e+00
3.800437922137298141e+00
3.784273056100911692e+00
3.767319042817685482e+00
3.749583641117389732e+00
3.731081300373388920e+00
3.711833544267937324e+00
3.691869101551602750e+00
