4.506986634439020811e-01
4.596920216965483807e-01
4.692878905511992382e-01
4.795180514685729034e-01
4.904157444062933746e-01
5.020155387298164129e-01
5.143532246210867909e-01
5.274657343957166455e-01
5.413910671469230884e-01
5.561681332969415914e-01
5.718363774271856270e-01
5.884350259907286107e-01
6.060018714701742581e-01
6.245716558799091489e-01
6.441742553707323626e-01
6.648328938434654445e-01
6.865625049703799609e-01
7.093682784647088457e-01
7.332445180968547582e-01
7.581740084224408704e-01
7.841276005852616526e-01
8.110629072408213069e-01
8.389213540114649481e-01
8.676251944627476620e-01
8.970779549442839951e-01
9.271695023053895257e-01
9.577820726936803197e-01
9.887927788903507764e-01
1.020073449408617217e+00
1.051492976235156362e+00
1.082924073948026811e+00
1.114250348350066755e+00
1.145369910969458838e+00
1.176196865736257369e+00
1.206663292475599780e+00
1.236721307654502056e+00
1.266343368553114912e+00
1.295520442566766572e+00
1.324258947960932131e+00
1.352577285480425440e+00
1.380502343946596655e+00
1.408066255974111058e+00
1.435303607523651603e+00
1.462249087893380928e+00
1.488935472863609499e+00
1.515392016988386548e+00
1.541643562344147789e+00
1.567710649382386245e+00
1.593610597375634930e+00
1.619359124143395334e+00
1.644971870870330033e+00
1.670465314892655817e+00
1.695856896786061219e+00
1.721164527929834431e+00
1.746405777135356718e+00
1.771596913747515156e+00
1.796751743393512513e+00
1.821880056101448986e+00
1.846985691919064809e+00
1.872064618390036017e+00
1.897103659588543989e+00
1.922080315068369627e+00
1.946963555707009075e+00
1.971715015839965446e+00
1.996290029247485442e+00
2.020638411121749467e+00
2.044705344785437973e+00
2.068432804965977478e+00
2.091761597600656053e+00
2.114633668098866437e+00
2.136994179561509277e+00
2.158793077395982252e+00
2.179986175325719255e+00
2.200535897656419770e+00
2.220411688536461092e+00
2.239589987573328944e+00
2.258053736308755610e+00
2.275791561105386052e+00
2.292796926548647640e+00
2.309067516599858649e+00
2.324604946134789074e+00
2.339414719235383799e+00
2.353506242569804563e+00
2.366892701624698780e+00
2.379590687584155706e+00
2.391619572624778645e+00
2.403000719051540557e+00
2.413756639446601682e+00
2.423910219827003942e+00
2.433484083166447487e+00
2.442500126119706128e+00
2.450979225255782712e+00
2.458941083513826786e+00
2.466404178876596909e+00
2.473385774525495684e+00
2.479901960597688415e+00
2.485967701586906387e+00
2.491596878243228286e+00
2.496802316066023764e+00
2.501595799329507042e+00
2.505988073221904422e+00
2.509988836671684709e+00
2.513606728883872155e+00
2.516849313178735503e+00
2.519723059773419926e+00
2.522233328902750760e+00
2.524384355008185477e+00
2.526179232028534560e+00
2.527619899530261005e+00
2.528707129271709153e+00
2.529440511651068757e+00
2.529818441379203531e+00
2.529838101880029111e+00
2.529495448018086012e+00
2.528785186828206299e+00
2.527700756076720179e+00
2.526234300699591540e+00
2.524376647282178698e+00
2.522117276927033913e+00
2.519444297487829498e+00
2.516344416197545897e+00
2.512802914016619482e+00
2.508803623412476647e+00
2.504328912228946269e+00
2.499359676159305987e+00
2.493875343034373415e+00
2.487853890610344898e+00
2.481271880742790259e+00
2.474104511470055279e+00
2.466325686622996560e+00
2.457908103276110978e+00
2.448823359590738047e+00
2.439042089508362210e+00
2.428534145728316940e+00
2.417268868013620065e+00
2.405215496573642753e+00
2.392343804738937596e+00
2.378625012528801097e+00
2.364032991743300727e+00
2.348545673230256092e+00
2.332146444402316110e+00
2.314825248878858766e+00
2.296579159309525942e+00
2.277412432133655962e+00
2.257336394255834211e+00
2.236369713023053318e+00
2.214539439000823950e+00
2.191882623487355630e+00
2.168447651557305900e+00
2.144294289080554972e+00
2.119492103724851972e+00
2.094117929098043174e+00
2.068253346282401317e+00
2.041982447232054909e+00
2.015389394769118159e+00
1.988555544401578778e+00
1.961556617618662735e+00
1.934460423421811237e+00
1.907325042687862959e+00
1.880197229540077064e+00
1.853111182916033606e+00
1.826088099934865872e+00
1.799136754764705692e+00
1.772255069553031914e+00
1.745432416897014338e+00
1.718652121780578801e+00
1.691893576968159119e+00
1.665133776976106539e+00
1.638348515851771880e+00
1.611513445632900110e+00
1.584604768782435835e+00
1.557599156610722790e+00
1.530472818037712512e+00
1.503200154019290302e+00
1.475752693037176932e+00
1.448098869403263267e+00
1.420204818900162813e+00
1.392035982704845409e+00
1.363559165887094249e+00
1.334744864748773852e+00
1.305569980500953742e+00
1.276021076647362973e+00
1.246097970190382709e+00
1.215817038654497528e+00
1.185213703613591019e+00
1.154343923844570963e+00
1.123284347813612971e+00
1.092130431279302094e+00
1.060992957606996079e+00
1.029994753352764691e+00
9.992675302115957559e-01
9.689464109805371317e-01
9.391625581195631733e-01
9.100382948252379034e-01
8.816864533598474107e-01
8.542100806395349633e-01
8.276988066720321058e-01
8.022236095629619035e-01
7.778346134340534679e-01
7.545635815777683719e-01
7.324284043037879721e-01
7.114361418958602412e-01
6.915837608978140372e-01
6.728579835194878900e-01
6.552358128578908980e-01
6.386861673533540396e-01
6.231721366887932323e-01
6.086532062604533833e-01
5.950870610884800849e-01
5.824308811493446036e-01
5.706422082332787138e-01
5.596795072345132072e-01
5.495025283663239613e-01
5.400725415008810204e-01
5.313524883313054392e-01
5.233070806029762601e-01
5.159028605487065988e-01
5.091082351058823230e-01
5.028934903107379339e-01
4.972307908672890520e-01
4.920941679376150679e-01
4.874594968278562757e-01
4.833044679654061038e-01
4.796085509067104513e-01
4.763529534838646384e-01
4.735205779554541028e-01
4.710959756077231497e-01
4.690653002761925316e-01
4.674162622877362505e-01
4.661380846738393258e-01
4.652214618604760821e-01
4.646585214415633880e-01
4.644427901245785084e-01
4.645691639457466549e-01
4.650338831081397006e-01
4.658345116468934344e-01
4.669699220049247645e-01
4.684402845198928356e-01
4.702470617084556492e-01
4.723930074289021119e-01
4.748821703938446159e-01
4.777199015170925378e-01
4.809128654016033289e-01
4.844690547427155103e-01
4.883978063668851233e-01
4.927098184411561332e-01
4.974171670509540677e-01
5.025333209481794849e-01
5.080731505763569356e-01
5.140529298034393069e-01
5.204903283735062836e-01
5.274043912244769094e-01
5.348155048521360255e-01
5.427453526500053416e-01
5.512168624688209562e-01
5.602541570683783334e-01
5.698825176236278489e-01
5.801283720470704619e-01
5.910193100967015001e-01
6.025841076972413557e-01
6.148527100856718830e-01
6.278560836734210504e-01
6.416258152845479845e-01
6.561933497719585340e-01
6.715888394432215636e-01
6.878397385669343667e-01
7.049694502585333034e-01
7.229963840755339044e-01
7.419335741013122210e-01
7.617885578007405067e-01
7.825628310168556423e-01
8.042503169272869901e-01
8.268350610085773988e-01
8.502892529203582850e-01
8.745727894365434851e-01
8.996345439939920086e-01
9.254140883453713107e-01
9.518423449339282749e-01
9.788410901165682798e-01
1.006322978006309876e+00
1.034193779088814269e+00
1.062356548328155625e+00
1.090715799622087090e+00
1.119180466448729927e+00
1.147666196077901768e+00
1.176097796000758144e+00
1.204411592482581783e+00
1.232557134084474537e+00
1.260498181650978822e+00
1.288213012073100572e+00
1.315693749178740601e+00
1.342944535715958621e+00
1.369978878107491527e+00
1.396816793557688952e+00
1.423482244193028601e+00
1.450001041307252381e+00
1.476399170044401910e+00
1.502701409314459724e+00
1.528930253428232744e+00
1.555105380802855874e+00
1.581243987533975437e+00
1.607362014765846059e+00
1.633475809108477783e+00
1.659603478587077907e+00
1.685765406339385208e+00
1.711983888438964208e+00
1.738282222386265063e+00
1.764683531301520114e+00
1.791209325818385434e+00
1.817877635842441331e+00
1.844700656658297300e+00
1.871682135031891958e+00
1.898814999521549973e+00
1.926079824112147509e+00
1.953444431536637715e+00
1.980864417752637774e+00
2.008284110764387176e+00
2.035637791726355506e+00
2.062851426660985421e+00
2.089844957039319606e+00
2.116534740788705182e+00
2.142835939019009484e+00
2.168665257064301688e+00
2.193944258312049644e+00
2.218602429857729152e+00
2.242578747644992543e+00
2.265821428776289892e+00
2.288286897665882780e+00
2.309939329250846995e+00
2.330751242808733359e+00
2.350704484594936083e+00
2.369790573218536700e+00
2.388009894846049086e+00
2.405370025429933278e+00
2.421883888666034323e+00
2.437568341613154388e+00
2.452443360080899026e+00
2.466531630907502937e+00
2.479858231961080239e+00
2.492450172895837923e+00
2.504335741580199226e+00
2.515543743784794284e+00
2.526102770867676650e+00
2.536040603489849055e+00
2.545383804334648392e+00
2.554157493450849525e+00
2.562385270340792331e+00
2.570089229855464730e+00
2.577290026235532494e+00
2.584006949760030647e+00
2.590257995371200384e+00
2.596059912623298160e+00
2.601428235574153369e+00
2.606377295415654327e+00
2.610920221111558970e+00
2.615068932355247178e+00
2.618834128093584734e+00
2.622225275766047581e+00
2.625250600626827246e+00
2.627917077262715395e+00
2.630230421965928489e+00
2.632195086609484758e+00
2.633814253261009153e+00
2.635089828430406733e+00
2.636022436028558680e+00
2.636611408304133430e+00
2.636854774231199627e+00
2.636749245438018807e+00
2.636290198949753361e+00
2.635471656481700453e+00
2.634286260728518236e+00
2.632725249077364271e+00
2.630778424684865335e+00
2.628434125604171889e+00
2.625679192776792181e+00
2.622498938098180687e+00
2.618877114001203044e+00
2.614795884714124607e+00
2.610235800723067712e+00
2.605175776639602869e+00
2.599593074256657754e+00
2.593463288721334248e+00
2.586760336486321421e+00
2.579456443053853576e+00
2.571522126334508496e+00
2.562926173524473494e+00
2.553635612643363029e+00
2.543615691443898541e+00
2.532829893233257135e+00
2.521240049067482225e+00
2.508806637733290934e+00
2.495489387883507604e+00
2.481248288171603367e+00
2.466045030902815238e+00
2.449844756156873693e+00
2.432617765396843268e+00
2.414340778024152812e+00
2.394997490178627064e+00
2.374578717485801960e+00
2.353082977584924684e+00
2.330518402984977921e+00
2.306905924503278804e+00
2.282282250958148406e+00
2.256700708438652558e+00
2.230229466338359945e+00
2.202948982529821187e+00
2.174950903515705303e+00
2.146338217620479494e+00
2.117223974517865148e+00
2.087726900854776968e+00
2.057965685071137862e+00
2.028054617049817931e+00
1.998100519629081528e+00
1.968199358905516894e+00
1.938432658457984514e+00
1.908865019024182041e+00
1.879543056103521570e+00
1.850495447212017863e+00
1.821734130219518688e+00
1.793256665811592709e+00
1.765049309467429994e+00
1.737090162816405936e+00
1.709351988330763072e+00
1.681804578282311891e+00
1.654416764756908131e+00
1.627158120631511107e+00
1.600000174094344141e+00
1.572916824828264337e+00
1.545883811227377835e+00
1.518877496014449546e+00
1.491873615477688597e+00
1.464846658428990533e+00
1.437770148060167896e+00
1.410617614707921019e+00
1.383363898181184659e+00
1.355986708372274974e+00
1.328468645688932304e+00
1.300799727192881505e+00
1.272980085586188137e+00
1.245022359624948782e+00
1.216953363430393731e+00
1.188814690467894453e+00
1.160662165929291723e+00
1.132564524059571642e+00
1.104601623749600137e+00
1.076861987214188687e+00
1.049439621210543683e+00
1.022430848744300791e+00
9.959316367504369438e-01
9.700347684275539839e-01
9.448262417445276729e-01
9.203817473195117227e-01
8.967647952295864089e-01
8.740269480853293249e-01
8.522090577241213660e-01
8.313420928885951744e-01
8.114470777187454686e-01
7.925347034571512683e-01
7.746054627043362784e-01
7.576507015273341583e-01
7.416543664379462442e-01
7.265949050687601218e-01
7.124468616675210253e-01
6.991819942785911790e-01
6.867699988001519928e-01
6.751790335035440238e-01
6.643762051666509683e-01
6.543280856578121973e-01
6.450012553126170944e-01
6.363628226197504123e-01
6.283808746104386778e-01
6.210248262089261839e-01
6.142656631887464247e-01
6.080760870701186205e-01
6.024305820801453271e-01
5.973054261868909753e-01
5.926786642140240424e-01
5.885300601965551826e-01
5.848410397271657235e-01
5.815946288753337523e-01
5.787753947604226124e-01
5.763693904826260317e-01
5.743641052568974059e-01
5.727484193476334307e-01
5.715125643091485408e-01
5.706480882174040925e-01
5.701478253829639353e-01
5.700058702681621847e-01
5.702175554465455098e-01
5.707794335197605706e-01
5.716892629685890181e-01
5.729459979876539988e-01
5.745497823845580054e-01
5.765019476124140230e-01
5.788050149286653179e-01
5.814627016782599744e-01
5.844799316670004075e-01
5.878628486322914348e-01
5.916188319339530377e-01
5.957565132252765627e-01
