2.767568113530518570e+00
2.729452524026254601e+00
2.689545486076887926e+00
2.647884549024870360e+00
2.604574623358464347e+00
2.559802883783769190e+00
2.513845890177838438e+00
2.467058192624700386e+00
2.419849050880187757e+00
2.372660882746494337e+00
2.325949941013603528e+00
2.280153658375044134e+00
2.235658351085883844e+00
2.192783863992203930e+00
2.151774107144928561e+00
2.112794463890026453e+00
2.075935452643145940e+00
2.041222249593754867e+00
2.008626444033069003e+00
1.978077078851176562e+00
1.949473866064802996e+00
1.922700945727359390e+00
1.897636923374328877e+00
1.874160565846728854e+00
1.852154049455023044e+00
1.831505252963901320e+00
1.812109569418035360e+00
1.793871224871919079e+00
1.776704024117452096e+00
1.760531512767978368e+00
1.745286615884232839e+00
1.730910860073882285e+00
1.717353318972970833e+00
1.704569432117881256e+00
1.692519831533427555e+00
1.681169275766950966e+00
1.670485751538490327e+00
1.660439763210778130e+00
1.651003801857446218e+00
1.642151969951989976e+00
1.633859729754161494e+00
1.626103741906193001e+00
1.618861767149753605e+00
1.612112608402248792e+00
1.605836076881071772e+00
1.600012971486056035e+00
1.594625064375954082e+00
1.589655088636935387e+00
1.585086725934552021e+00
1.580904593392900015e+00
1.577094229375614720e+00
1.573642078436923830e+00
1.570535475693795702e+00
1.567762630895457976e+00
1.565312612618821708e+00
1.563175332733683920e+00
1.561341531356214674e+00
1.559802762398347253e+00
1.558551379934108194e+00
1.557580525418825301e+00
1.556884115805597490e+00
1.556456832663804635e+00
1.556294112356007675e+00
1.556392137298178824e+00
1.556747828315196980e+00
1.557358838172296256e+00
1.558223546287166972e+00
1.559341054657357617e+00
1.560711185018029745e+00
1.562334477248269460e+00
1.564212189040270040e+00
1.566346296828897922e+00
1.568739498012308387e+00
1.571395214422306230e+00
1.574317597065723939e+00
1.577511532165644770e+00
1.580982648447377681e+00
1.584737325667417096e+00
1.588782704313710159e+00
1.593126696623019312e+00
1.597777998829275070e+00
1.602746104593089749e+00
1.608041319825223914e+00
1.613674779115958469e+00
1.619658463813318683e+00
1.626005222820605445e+00
1.632728796727574982e+00
1.639843847231193141e+00
1.647365994035201675e+00
1.655311863307506126e+00
1.663699152693721706e+00
1.672546720196578462e+00
1.681874705784750290e+00
1.691704697024241533e+00
1.702059950950850498e+00
1.712965685257678672e+00
1.724449450149993623e+00
1.736541588709589856e+00
1.749275786949907596e+00
1.762689704266943824e+00
1.776825660481369251e+00
1.791731333360567779e+00
1.807460389830014114e+00
1.824072946554795793e+00
1.841635743524665969e+00
1.860221938354387206e+00
1.879910506191080799e+00
1.900785324992313674e+00
1.922934046431754584e+00
1.946446697141354765e+00
1.971413667551226379e+00
1.997922528357721106e+00
2.026053337889207384e+00
2.055872773785457408e+00
2.087427664928033888e+00
2.120737712068358594e+00
2.155787072320705100e+00
2.192516464428265532e+00
2.230818059991916513e+00
2.270534066573027587e+00
2.311458700492007967e+00
2.353338751165250375e+00
2.395875739710288332e+00
2.438743626554166433e+00
2.481613329512907473e+00
2.524166004958837917e+00
2.566101116728169984e+00
2.607151259881262284e+00
2.647101189823812373e+00
2.685797143569447432e+00
2.723141085033767173e+00
2.759081958967294579e+00
2.793612329362725077e+00
2.826764723092192622e+00
2.858602645896394456e+00
2.889208770435335971e+00
2.918674277649706994e+00
2.947091012404404964e+00
2.974546451233993416e+00
3.001120811189808446e+00
3.026885404063575979e+00
3.051901604835255188e+00
3.076220340490475103e+00
3.099882303445216092e+00
3.122918957101731063e+00
3.145354134039293648e+00
3.167205882092157587e+00
3.188488281909939381e+00
3.209213088718934515e+00
3.229391120036782414e+00
3.249033291591126638e+00
3.268151168655282213e+00
3.286756941542276156e+00
3.304862880468903086e+00
3.322480492991974899e+00
3.339619705213985768e+00
3.356288356622585844e+00
3.372492146626716369e+00
3.388234984283039708e+00
3.403519557166281739e+00
3.418347906929223079e+00
3.432721858935927184e+00
3.446643257892286538e+00
3.460114045944005401e+00
3.473136268225993639e+00
3.485712077409925502e+00
3.497843778050599983e+00
3.509533912478437045e+00
3.520785363327020079e+00
3.531601439451931501e+00
3.541985917059303546e+00
3.551943025340081217e+00
3.561477383941446639e+00
3.570593911170166557e+00
3.579297725913295647e+00
3.587594061856436145e+00
3.595488205106343926e+00
3.602985457448079742e+00
3.610091120355581662e+00
3.616810490629157826e+00
3.623148858002653849e+00
3.629111496242540813e+00
3.634703642855285466e+00
3.639930464038935831e+00
3.644797007237988051e+00
3.649308142392546639e+00
3.653468495145719253e+00
3.657282377793108719e+00
3.660753719712813492e+00
3.663886000483562722e+00
3.666682187370174706e+00
3.669144679973356915e+00
3.671275261829974657e+00
3.673075058181169972e+00
3.674544501468460123e+00
3.675683303016255454e+00
3.676490430818905253e+00
3.676964093188775262e+00
3.677101727897027938e+00
3.676899996588980368e+00
3.676354784505428075e+00
3.675461205734258385e+00
3.674213614467536804e+00
3.672605622978222684e+00
3.670630127286385935e+00
3.668279341591832221e+00
3.665544842075448173e+00
3.662417622678263207e+00
3.658888162489083662e+00
3.654946506458255584e+00
3.650582360951629912e+00
3.645785202220189536e+00
3.640544396637344970e+00
3.634849330047523974e+00
3.628689542094732268e+00
3.622054857082399604e+00
3.614935504472615690e+00
3.607322219332666613e+00
3.599206314251191419e+00
3.590579717598594733e+00
3.581434978662408231e+00
3.571765249372092832e+00
3.561564262499657740e+00
3.550826334633518488e+00
3.539546427002924212e+00
3.527720288079725819e+00
3.515344682179252001e+00
3.502417674528790492e+00
3.488938903598360675e+00
3.474909743282264429e+00
3.460333257549366159e+00
3.445213891192784317e+00
3.429556913949518115e+00
3.413367717756459641e+00
3.396651114124288107e+00
3.379410757294373457e+00
3.361648731215114427e+00
3.343365245911352091e+00
3.324558361925781469e+00
3.305223748481995738e+00
3.285354628365726004e+00
3.264942097245843833e+00
3.243975829318173076e+00
3.222444854033018835e+00
3.200337866684699772e+00
3.177642649279306397e+00
3.154344609942604905e+00
3.130424934186680108e+00
3.105858927271516468e+00
3.080614690351940244e+00
3.054651789917561810e+00
3.027919709182533836e+00
3.000356551162365992e+00
2.971888775083874723e+00
2.942432161698477433e+00
2.911893523237370385e+00
2.880173137911782533e+00
2.847169278284410687e+00
2.812786640641353308e+00
2.776948630665045492e+00
2.739610584489397649e+00
2.700770205687677894e+00
2.660474710023694733e+00
2.618829190403290763e+00
2.576008716796727160e+00
2.532262935895692291e+00
2.487900844383737819e+00
2.443269171063683576e+00
2.398740662446504412e+00
2.354701021159204544e+00
2.311523211267607181e+00
2.269537196753059316e+00
2.229015186450035380e+00
2.190174365064749828e+00
2.153173697846208157e+00
2.118109330429486459e+00
2.085020921160047003e+00
2.053901252672208244e+00
2.024706158190685557e+00
1.997365091112077495e+00
1.971790161530933450e+00
1.947883312923954335e+00
1.925542217657267186e+00
1.904664657031695629e+00
1.885151213270118697e+00
1.866906756357599839e+00
1.849841369969059901e+00
1.833871075208348467e+00
1.818918406943534904e+00
1.804912758895009128e+00
1.791790423640500896e+00
1.779494324440159314e+00
1.767973498736483462e+00
1.757182427077849551e+00
1.747080304474053047e+00
1.737630331682721740e+00
1.728799076473815033e+00
1.720555930559398261e+00
1.712872667414312655e+00
1.705723094744753476e+00
1.699082789096303614e+00
1.692928897177377046e+00
1.687239989492504977e+00
1.681995952795662275e+00
1.677177910848584919e+00
1.672768164630940912e+00
1.668750146179415639e+00
1.665108380836974655e+00
1.661828455321713083e+00
1.658896989478428008e+00
1.656301610107276723e+00
1.654030926592086947e+00
1.652074507881466703e+00
1.650422860603552255e+00
1.649067408326947870e+00
1.648000472182886922e+00
1.647215252970104737e+00
1.646705814753536057e+00
1.646467070212337402e+00
1.646494767729474562e+00
1.646785480366394383e+00
1.647336596766100447e+00
1.648146314036420979e+00
1.649213632636252314e+00
1.650538353270948777e+00
1.652121075791180393e+00
1.653963200094151542e+00
1.656066928952383499e+00
1.658435272747255995e+00
1.661072056209145886e+00
1.663981926989620996e+00
1.667170366054075537e+00
1.670643700229806017e+00
1.674409116800410713e+00
1.678474680776804728e+00
1.682849354845972423e+00
1.687543023224588934e+00
1.692566520408888664e+00
1.697931665894321762e+00
1.703651307526768743e+00
1.709739375680075391e+00
1.716210951366070603e+00
1.723082352451837274e+00
1.730371241635865642e+00
1.738096761035455851e+00
1.746279697184684343e+00
1.754942679839618602e+00
1.764110416471138088e+00
1.773809962662641349e+00
1.784071026309706820e+00
1.794926300878400660e+00
1.806411819993194889e+00
1.818567321942551551e+00
1.831436607779842296e+00
1.845067868328357230e+00
1.859513943263796820e+00
1.874832460796713063e+00
1.891085798812503604e+00
1.908340810268077004e+00
1.926668263040023366e+00
1.946141962511013901e+00
1.966837551454986066e+00
1.988830987343806811e+00
2.012196659468114657e+00
2.037004972148745985e+00
2.063319100289376262e+00
2.091190848598081242e+00
2.120655996712446978e+00
2.151728980536895541e+00
2.184395581906239059e+00
2.218604842330872184e+00
2.254266470480923434e+00
2.291254752950154572e+00
2.329408823248048765e+00
2.368526754862805284e+00
2.408365741735426724e+00
2.448655635274586739e+00
2.489119487313049550e+00
2.529487650883257999e+00
2.569501305269798141e+00
2.608919062829404112e+00
2.647533489696763276e+00
2.685184471335950285e+00
2.721760610620767906e+00
2.757194405976448603e+00
2.791457265864990323e+00
2.824555187666278222e+00
2.856523704636418248e+00
2.887420562274378266e+00
2.917316703840588499e+00
2.946288106673999874e+00
2.974410140467183883e+00
3.001753976150506986e+00
3.028383926559746087e+00
3.054355494964815065e+00
3.079714607293671413e+00
3.104498180222620807e+00
3.128735506334046956e+00
3.152449758931713308e+00
3.175659271956363217e+00
3.198378680255308915e+00
3.220620104531146666e+00
3.242394349847422141e+00
3.263711846029787367e+00
3.284583046922912253e+00
3.305018238061082414e+00
3.325026971629529093e+00
3.344617430024528382e+00
3.363795894390426255e+00
3.382566343973012479e+00
3.400930156705161966e+00
3.418885946401209797e+00
3.436429648224359923e+00
3.453554948036265060e+00
3.470254036928284602e+00
3.486518530084994349e+00
3.502340312542906009e+00
3.517712104781334670e+00
3.532627666683220369e+00
3.547081703390064789e+00
3.561069632979407817e+00
3.574587389464265907e+00
3.587631376678195760e+00
3.600198598170811337e+00
3.612286910993209421e+00
3.623895312740001984e+00
3.635024175005669544e+00
3.645675369163697166e+00
3.655852267962761637e+00
3.665559638588388403e+00
3.674803459701003749e+00
3.683590696580780310e+00
3.691929064821444229e+00
3.699826802207578869e+00
3.707292461005635253e+00
3.714334724776467755e+00
3.720962251253373321e+00
3.727183538238445504e+00
3.733006810884827331e+00
3.738439926697651572e+00
3.743490295716152882e+00
3.748164813606738921e+00
3.752469805495102673e+00
3.756410978657267030e+00
3.759993382769224013e+00
3.763221376317916533e+00
3.766098598296689470e+00
3.768627944158749798e+00
3.770811545264816544e+00
3.772650751373600286e+00
3.774146115752480934e+00
3.775297382425789827e+00
3.776103475441658031e+00
3.776562490040856979e+00
3.776671685660700994e+00
3.776427480844614326e+00
3.775825450234781666e+00
3.774860323891444214e+00
3.773525989317424667e+00
3.771815496656539590e+00
3.769721067637910483e+00
3.767234108951297955e+00
3.764345230947094834e+00
3.761044272803876432e+00
3.757320335395772037e+00
3.753161823407858755e+00
3.748556498818322869e+00
3.743491547989329593e+00
3.737953665446023255e+00
3.731929157466840952e+00
3.725404069592147316e+00
3.718364342063414263e+00
3.710795997023938142e+00
3.702685360209804877e+00
3.694019318146238628e+00
3.684785607733140456e+00
3.674973130714285219e+00
3.664572278786428772e+00
3.653575249911014122e+00
3.641976331863368443e+00
3.629772129376713785e+00
3.616961715246300724e+00
3.603546693397643441e+00
3.589531174840980388e+00
3.574921676360919509e+00
3.559726962929176342e+00
3.543957861775194118e+00
3.527627077978340076e+00
3.510749027237299202e+00
3.493339664563781088e+00
3.475416227116510992e+00
3.456996760416705783e+00
3.438099312095176607e+00
3.418740780634706766e+00
3.398935590968332754e+00
3.378694540783893974e+00
3.358024179646749374e+00
3.336926893440701036e+00
3.315401536490842016e+00
3.293444192808581139e+00
