1.238856790429142318e+00
1.258770258101287176e+00
1.277542668242496848e+00
1.295253289062033186e+00
1.311976619628922425e+00
1.327781702670161046e+00
1.342731688967101267e+00
1.356883703711352585e+00
1.370289005677135297e+00
1.382993379652482924e+00
1.395037675259480192e+00
1.406458410185843944e+00
1.417288375088780361e+00
1.427557196420724761e+00
1.437291831660683750e+00
1.446516985107002107e+00
1.455255443637005763e+00
1.463528339144572810e+00
1.471355348405160690e+00
1.478754842579532713e+00
1.485743997378412562e+00
1.492338874829636453e+00
1.498554484373173068e+00
1.504404830031236040e+00
1.509902947844089738e+00
1.515060937066230240e+00
1.519889986723818698e+00
1.524400399308335263e+00
1.528601611868024790e+00
1.532502215186497985e+00
1.536109971228383442e+00
1.539431828729465268e+00
1.542473937165440123e+00
1.545241659019300551e+00
1.547739580392436531e+00
1.549971519835814604e+00
1.551940535502007057e+00
1.553648930684249585e+00
1.555098257613142021e+00
1.556289319650049574e+00
1.557222171854782289e+00
1.557896119959366166e+00
1.558309717779681858e+00
1.558460763091847001e+00
1.558346291990940546e+00
1.557962571770417304e+00
1.557305092383246992e+00
1.556368556503744394e+00
1.555146868252197168e+00
1.553633120649168475e+00
1.551819581915797164e+00
1.549697680673516764e+00
1.547257990247619786e+00
1.544490212220094083e+00
1.541383159392229363e+00
1.537924738461720509e+00
1.534101932695780102e+00
1.529900784809969938e+00
1.525306380272112960e+00
1.520302831100609486e+00
1.514873259827317353e+00
1.508999782850900528e+00
1.502663491379001792e+00
1.495844426826925311e+00
1.488521545442632599e+00
1.480672664233293023e+00
1.472274377273702362e+00
1.463301926844224221e+00
1.453729010301668456e+00
1.443527499952812487e+00
1.432667052189743329e+00
1.421114583495706185e+00
1.408833598720765856e+00
1.395783370572179383e+00
1.381917992101867165e+00
1.367185352450379643e+00
1.351526117294647111e+00
1.334872828515518028e+00
1.317149261429259255e+00
1.298270190914772471e+00
1.278141694357418423e+00
1.256662044870117345e+00
1.233723088549992575e+00
1.209211869329754441e+00
1.183012472867923881e+00
1.155008882308565132e+00
1.125090653983276123e+00
1.093162700955087496e+00
1.059157469483498204e+00
1.023046402423241075e+00
9.848512724729305834e-01
9.446558976874998015e-01
9.026142692414790281e-01
8.589544123377118590e-01
8.139751632449810925e-01
7.680391727810458313e-01
7.215619463142164403e-01
6.749810033863574699e-01
6.287236774198161626e-01
5.831881445594879754e-01
5.387250907549911982e-01
4.956152666896056491e-01
4.540542822112555443e-01
4.141569513489279375e-01
3.759718329770463940e-01
3.394910023535560040e-01
3.046577473459969321e-01
2.713794556709729910e-01
2.395438206543679671e-01
2.090328476608514507e-01
1.797321138187242817e-01
1.515357501453932221e-01
1.243487477250899975e-01
9.808811082117370461e-02
7.268358030937104031e-02
4.807776315326793559e-02
2.422530348744390827e-02
1.091215419136731812e-03
-2.135110993331613971e-02
-4.312186446964609565e-02
-6.423670906767073308e-02
-8.470861574937454952e-02
-1.045495122404256211e-01
-1.237714073501017392e-01
-1.423867347318975296e-01
-1.604079149239887592e-01
-1.778464474552455266e-01
-1.947120013458647769e-01
-2.110119012979001230e-01
-2.267511737502618252e-01
-2.419330670861283283e-01
-2.565598121732109993e-01
-2.706333710735006615e-01
-2.841560007615528960e-01
-2.971305752572087067e-01
-3.095607034541877356e-01
-3.214507227657681376e-01
-3.328056466088992749e-01
-3.436311145738208395e-01
-3.539333622652055533e-01
-3.637192049876943889e-01
-3.729960233930366686e-01
-3.817717392360639450e-01
-3.900547753800051032e-01
-3.978539989105094321e-01
-4.051786504459988225e-01
-4.120382654508443210e-01
-4.184425910719655195e-01
-4.244015036763011395e-01
-4.299249286524579050e-01
-4.350227646083806299e-01
-4.397048122825248373e-01
-4.439807084885667443e-01
-4.478598650015833682e-01
-4.513514121095029696e-01
-4.544641466647361683e-01
-4.572064845298272617e-01
-4.595864171887479310e-01
-4.616114729518929205e-01
-4.632886825927058916e-01
-4.646245491243025660e-01
-4.656250218726581958e-01
-4.662954748922182868e-01
-4.666406892385840388e-01
-4.666648391046568367e-01
-4.663714816002433317e-01
-4.657635499433981363e-01
-4.648433499446276151e-01
-4.636125596329799259e-01
-4.620722319630758412e-01
-4.602228006181576792e-01
-4.580640887479586754e-01
-4.555953215332143591e-01
-4.528151424576929984e-01
-4.497216336683394489e-01
-4.463123413600703082e-01
-4.425843069662071527e-01
-4.385341039804607766e-01
-4.341578810579483916e-01
-4.294514109441379124e-01
-4.244101451392546243e-01
-4.190292716639830162e-01
-4.133037732999199076e-01
-4.072284824193307395e-01
-4.007981271643251131e-01
-3.940073631524142472e-01
-3.868507852101136790e-01
-3.793229154703803840e-01
-3.714181664296774543e-01
-3.631307830994799923e-01
-3.544547734612950030e-01
-3.453838426048757015e-01
-3.359113496793432185e-01
-3.260303076896516883e-01
-3.157334414989442228e-01
-3.050133076963699730e-01
-2.938624649267531086e-01
-2.822736631283861430e-01
-2.702400043954070741e-01
-2.577550211963131055e-01
-2.448126259892409451e-01
-2.314069117200137637e-01
-2.175318209142566017e-01
-2.031807420268025854e-01
-1.883461224741907192e-01
-1.730191924377849078e-01
-1.571898667079745793e-01
-1.408468424507305361e-01
-1.239778558878877612e-01
-1.065700244656090367e-01
-8.861020129475530305e-02
-7.008528159534452295e-02
-5.098240338301468499e-02
-3.128895946500015457e-02
-1.099229499469642213e-02
9.921062787217271861e-03
3.146675293690609498e-02
5.366448348864970297e-02
7.654027277574509958e-02
1.001286548947399324e-01
1.244744605673499260e-01
1.496338966406373649e-01
1.756747962335065139e-01
2.026760093220335568e-01
2.307259863664190558e-01
2.599207096706394049e-01
2.903610125513327311e-01
3.221485259437357751e-01
3.553783186996340437e-01
3.901267789680855080e-01
4.264373172783311738e-01
4.643102586825783584e-01
5.036988304767928692e-01
5.445044940329025751e-01
5.865677943341092160e-01
6.296618514042984227e-01
6.734983687708169242e-01
7.177478384305007175e-01
7.620591866699178984e-01
8.060691827476904603e-01
8.494189758336310181e-01
8.917807008644310640e-01
9.328749956655888464e-01
9.724771395700263499e-01
1.010419266312678754e+00
1.046591589193977434e+00
1.080939276033921592e+00
1.113454323509575739e+00
1.144166849250131346e+00
1.173136806572459223e+00
1.200445091280525567e+00
1.226185043481288872e+00
1.250455830364181509e+00
1.273357880966374367e+00
1.294989738708951954e+00
1.315445755724340637e+00
1.334814359631313785e+00
1.353176828174446289e+00
1.370606573730394517e+00
1.387168925805990716e+00
1.402921363864083171e+00
1.417914105271770309e+00
1.432190928955139553e+00
1.445790114375188562e+00
1.458745391239690603e+00
1.471086820035541809e+00
1.482841550922990193e+00
1.494034438176886193e+00
1.504688509921177086e+00
1.514825307245522668e+00
1.524465118625655480e+00
1.533627135522923401e+00
1.542329553599637748e+00
1.550589638911205492e+00
1.558423773017630909e+00
1.565847486142351475e+00
1.572875483804308194e+00
1.579521669559861952e+00
1.585799165170658664e+00
1.591720328489026892e+00
1.597296769020586371e+00
1.602539361153762609e+00
1.607458255041648743e+00
1.612062885270347801e+00
1.616361977587218890e+00
1.620363553876186025e+00
1.624074935762992888e+00
1.627502747053192644e+00
1.630652915294683813e+00
1.633530672685811425e+00
1.636140556437016169e+00
1.638486408630613678e+00
1.640571375725009107e+00
1.642397907709007399e+00
1.643967756802863223e+00
1.645281975782989736e+00
1.646340915820443396e+00
1.647144223800865781e+00
1.647690839130390605e+00
1.647978989989068888e+00
1.648006189022234835e+00
1.647769228471614111e+00
1.647264174767063549e+00
1.646486362637865630e+00
1.645430388812916700e+00
1.644090105423646087e+00
1.642458613225681097e+00
1.640528254742608771e+00
1.638290607583825054e+00
1.635736478049316656e+00
1.632855895311735583e+00
1.629638106405472575e+00
1.626071572179005331e+00
1.622143964481959078e+00
1.617842164803951377e+00
1.613152264407174075e+00
1.608059566053796408e+00
1.602548587120112389e+00
1.596603063755551943e+00
1.590205955474637278e+00
1.583339449131260457e+00
1.575984960788768374e+00
1.568123133416564841e+00
1.559733827538013484e+00
1.550796101567954111e+00
1.541288176360133377e+00
1.531187376964366020e+00
1.520470040630128583e+00
1.509111374745699008e+00
1.497085240689634666e+00
1.484363829799027812e+00
1.470917187233151902e+00
1.456712531381369802e+00
1.441713316830702807e+00
1.425877999644055816e+00
1.409158505110293724e+00
1.391498482810517912e+00
1.372831552472023153e+00
1.353079865451972230e+00
1.332153352790935052e+00
1.309949910162488962e+00
1.286356488209198234e+00
1.261250779741314165e+00
1.234503248614718496e+00
1.205979861007321796e+00
1.175546740896312281e+00
1.143078270665984553e+00
1.108469524967861108e+00
1.071652366337904061e+00
1.032611597362945721e+00
9.913967647583734610e-01
9.481327188487075341e-01
9.030321224349621145e-01
8.563990969820998167e-01
8.086209993737870638e-01
7.601511288963644919e-01
7.114810308224950308e-01
6.631049409307621101e-01
6.154892197646388841e-01
5.690493475520174149e-01
5.241222001538632380e-01
4.809481599984672395e-01
4.396730448292087146e-01
4.003606034916381562e-01
3.630064345184851327e-01
3.275497706512805474e-01
2.938871013006032484e-01
2.618899951906202839e-01
2.314219935914753057e-01
2.023497068513494812e-01
1.745485313099717217e-01
1.479056735082890928e-01
1.223220946101649248e-01
9.771361667211592161e-02
7.401102618591445803e-02
5.115916496545347414e-02
2.911520603687388353e-02
7.846386375989375384e-03
-1.267250957322339777e-02
-3.246160116843249677e-02
-5.153800107423036486e-02
-6.991734958149835311e-02
-8.761476105927180902e-02
-1.046452667097180211e-01
-1.210238891782484949e-01
-1.367654903826792112e-01
-1.518845168468189177e-01
-1.663947449551455293e-01
-1.803090965354670894e-01
-1.936395592937736887e-01
-2.063972259672885168e-01
-2.185924451579299155e-01
-2.302350575726208048e-01
-2.413346770789391582e-01
-2.519009661355576801e-01
-2.619438622542001327e-01
-2.714737257275485205e-01
-2.805013977094745203e-01
-2.890381804926652753e-01
-2.970957561602285968e-01
-3.046860687638594523e-01
-3.118211916517730220e-01
-3.185131972472186046e-01
-3.247740404266639125e-01
-3.306154614836508410e-01
-3.360489099883844921e-01
-3.410854878724336459e-01
-3.457359093353958857e-01
-3.500104728350546535e-01
-3.539190425432193754e-01
-3.574710359786964498e-01
-3.606754145489527996e-01
-3.635406763813970321e-01
-3.660748500536618599e-01
-3.682854881683943482e-01
-3.701796604321499484e-01
-3.717639471093864834e-01
-3.730444321617596426e-01
-3.740266966325991871e-01
-3.747158124500383214e-01
-3.751163367434440787e-01
-3.752323068547817608e-01
-3.750672362045814889e-01
-3.746241110230363325e-01
-3.739053879610035880e-01
-3.729129925642187815e-01
-3.716483185108992449e-01
-3.701122275727501965e-01
-3.683050502252216973e-01
-3.662265868187563056e-01
-3.638761093444520811e-01
-3.612523638112443147e-01
-3.583535731062084673e-01
-3.551774409560155554e-01
-3.517211567322004462e-01
-3.479814011483272074e-01
-3.439543536973536098e-01
-3.396357016665195183e-01
-3.350206512454693142e-01
-3.301039401278639263e-01
-3.248798522847045067e-01
-3.193422343476940428e-01
-3.134845122778547322e-01
-3.072997084064961193e-01
-3.007804567233774984e-01
-2.939190155019049677e-01
-2.867072762186763657e-01
-2.791367677596288122e-01
-2.711986565192962551e-01
-2.628837434955488828e-01
-2.541824612292211683e-01
-2.450848734838746712e-01
-2.355806806499102790e-01
-2.256592331259037743e-01
-2.153095522822507657e-01
-2.045203557348531653e-01
-1.932800810558941151e-01
-1.815769002907590968e-01
-1.693987203602148606e-01
-1.567331677316056715e-01
-1.435675608178595131e-01
-1.298888749258414743e-01
-1.156837060492024172e-01
-1.009382451671606423e-01
-8.563827469533817627e-02
-6.976919755082772179e-02
-5.331610103517737953e-02
-3.626383600698829951e-02
-1.859705244093923238e-02
-3.000911521528759618e-04
1.864339228670675030e-02
3.825120266160274285e-02
5.854388792301234989e-02
7.954657521598394732e-02
1.012912799762355348e-01
1.238194131670793674e-01
1.471839907071056663e-01
1.714509322403783287e-01
1.966989933486782971e-01
2.230183585197874352e-01
2.505084896243085502e-01
2.792759031370258826e-01
3.094317048403247838e-01
3.410872992256596126e-01
3.743462036766742607e-01
4.092916935817753066e-01
4.459729221580496228e-01
4.843931588954058509e-01
5.245023472663679076e-01
5.661925257875908279e-01
6.092897651266182546e-01
6.535447027356927618e-01
6.986400376636073828e-01
7.442147930109771492e-01
7.898821129093837046e-01
8.352422611023357923e-01
8.799065177393322612e-01
9.235244185013858909e-01
9.657986353672218804e-01
1.006493731156473004e+00
