7.512815944813957536e-01
7.541867724952356911e-01
7.567156779888027929e-01
7.588713451335551419e-01
7.606558050169118790e-01
7.620700669717379583e-01
7.631141024202225953e-01
7.637868307859377870e-01
7.640861071181314079e-01
7.640087112675653103e-01
7.635503386556277139e-01
7.627055928682678898e-01
7.614679805197458462e-01
7.598299090430372660e-01
7.577826882730550606e-01
7.553165370074600427e-01
7.524205957547552837e-01
7.490829474443251312e-01
7.452906480675249856e-01
7.410297688038472996e-01
7.362854528583613334e-01
7.310419893156143711e-01
7.252829063450773051e-01
7.189910861987853785e-01
7.121489057847478765e-01
7.047384038078038371e-01
6.967414764443806696e-01
6.881401029456587493e-01
6.789165998181430073e-01
6.690539024941455359e-01
6.585358712342667120e-01
6.473476182031714377e-01
6.354758532849997810e-01
6.229092504245087314e-01
6.096388418814233656e-01
5.956584546675931513e-01
5.809652087463600401e-01
5.655600889487968352e-01
5.494485787675394972e-01
5.326412959630471011e-01
5.151545052775622358e-01
4.970103323332044631e-01
4.782365015911687611e-01
4.588655188150775333e-01
4.389334065952622543e-01
4.184782945557797285e-01
3.975392204745909486e-01
3.761553040955098459e-01
3.543651047881167804e-01
3.322057462561935903e-01
3.097115136701589222e-01
2.869120697432132050e-01
2.638308348170588791e-01
2.404841033925098626e-01
2.168811055400370336e-01
1.930247778546820281e-01
1.689128283822133314e-01
1.445387637200898079e-01
1.198926916985181279e-01
9.496183053970594368e-02
6.973079603592077791e-02
4.418187154819389062e-02
1.829533680971062032e-02
-7.950437360460679836e-03
-3.457958799053569010e-02
-6.162014035372267301e-02
-8.910564629971842732e-02
-1.170763277668850078e-01
-1.455792758532434283e-01
-1.746675752732858578e-01
-2.043981925976027514e-01
-2.348284518634345119e-01
-2.660114434965337171e-01
-2.979912377314369865e-01
-3.307981322921317857e-01
-3.644429015129179716e-01
-3.989098678752958649e-01
-4.341515561271088175e-01
-4.700869392299926730e-01
-5.065996962197342190e-01
-5.435346309520027175e-01
-5.807011564449187091e-01
-6.178894736781480601e-01
-6.548861706976716324e-01
-6.914760113391449359e-01
-7.274395502077652953e-01
-7.625628984485516293e-01
-7.966566674502352230e-01
-8.295681588688293973e-01
-8.611800377055011113e-01
-8.914033223036887943e-01
-9.201742528067848870e-01
-9.474550947355182551e-01
-9.732337555171736154e-01
-9.975209080353470981e-01
-1.020346369783545093e+00
-1.041755115059078030e+00
-1.061802408760610827e+00
-1.080548786254464044e+00
-1.098056338258598164e+00
-1.114386919138806054e+00
-1.129601735681981856e+00
-1.143761377190602113e+00
-1.156925665222895194e+00
-1.169153178746266120e+00
-1.180500594174672457e+00
-1.191022039514354480e+00
-1.200768595857828913e+00
-1.209787996472240446e+00
-1.218124512257942937e+00
-1.225818982627497222e+00
-1.232908944302957943e+00
-1.239428816834577951e+00
-1.245410114117311728e+00
-1.250881660962811059e+00
-1.255869801828548571e+00
-1.260398594630472102e+00
-1.264489986693698276e+00
-1.268163971907211307e+00
-1.271438729932070411e+00
-1.274330748665920998e+00
-1.276854931568175200e+00
-1.279024691521279511e+00
-1.280852032651437655e+00
-1.282347621434101415e+00
-1.283520848192005515e+00
-1.284379880015855013e+00
-1.284931705849690742e+00
-1.285182174414305711e+00
-1.285136025412487060e+00
-1.284796914407895896e+00
-1.284167431639103407e+00
-1.283249114916974021e+00
-1.282042456648675444e+00
-1.280546904919018791e+00
-1.278760858462372196e+00
-1.276681655228121048e+00
-1.274305554139130381e+00
-1.271627709569197906e+00
-1.268642137865307440e+00
-1.265341675195159388e+00
-1.261717926023378622e+00
-1.257761201460551259e+00
-1.253460446914082871e+00
-1.248803158665203528e+00
-1.243775289666359862e+00
-1.238361145567905997e+00
-1.232543273046730059e+00
-1.226302344423030766e+00
-1.219617044112704551e+00
-1.212463964860082788e+00
-1.204817523948615188e+00
-1.196649910405778172e+00
-1.187931074954785560e+00
-1.178628770549448257e+00
-1.168708645772798205e+00
-1.158134381604138508e+00
-1.146867849829048769e+00
-1.134869261258803830e+00
-1.122097273259246020e+00
-1.108509046802043096e+00
-1.094060287450492108e+00
-1.078705359678016062e+00
-1.062397597902829949e+00
-1.045089916478183945e+00
-1.026735746669291682e+00
-1.007290277783369881e+00
-9.867120547374150785e-01
-9.649651768988385392e-01
-9.420223487635945858e-01
-9.178684650172281856e-01
-8.925034843211344660e-01
-8.659432606916462882e-01
-8.382187015824916765e-01
-8.093756504542911623e-01
-7.794774018958520179e-01
-7.486089707285950023e-01
-7.168801463106173610e-01
-6.844241311353994606e-01
-6.513903930946816079e-01
-6.179350309143938347e-01
-5.842151724134270196e-01
-5.503889445054465090e-01
-5.166141252911059523e-01
-4.830398746588960845e-01
-4.497962896309228853e-01
-4.169895690186302684e-01
-3.847021637791728232e-01
-3.529925824659762013e-01
-3.218944164564622734e-01
-2.914177689100461155e-01
-2.615535415597884383e-01
-2.322783208413265188e-01
-2.035584652321263677e-01
-1.753536654546155593e-01
-1.476204133382035544e-01
-1.203152476989332587e-01
-9.339747694658134813e-02
-6.683118941478294328e-02
-4.058634236163600334e-02
-1.463870194878089809e-02
1.103131709906782568e-02
3.644040762100235475e-02
6.160399717542880405e-02
8.653724076364099904e-02
1.112553173289477226e-01
1.357732605725541219e-01
1.601055546064846791e-01
1.842655805322020168e-01
2.082648807170276728e-01
2.321121691549847543e-01
2.558120680366228195e-01
2.793637037440745985e-01
3.027594884897797378e-01
3.259845122644014492e-01
3.490168131665152274e-01
3.718284343658826430e-01
3.943868131570376634e-01
4.166559627395640675e-01
4.385972100482508629e-01
4.601697269336994522e-01
4.813313355752795175e-01
5.020398786518791567e-01
5.222550000005110604e-01
5.419398715439549541e-01
5.610624224674914950e-01
5.795958844273247923e-01
5.975187602397048492e-01
6.148144793775786043e-01
6.314709850311214234e-01
6.474803808940406968e-01
6.628386455420940404e-01
6.775453576492442842e-01
6.916033768196330200e-01
7.050184650061660507e-01
7.177988716689738258e-01
7.299549202536727011e-01
7.414986279698925209e-01
7.524433727667717564e-01
7.628036059624458964e-01
7.725945979048012280e-01
7.818322038028105991e-01
7.905326388591773501e-01
7.987122590164142943e-01
8.063873480366210433e-01
8.135739148907944474e-01
8.202875067063658543e-01
8.265430428250013506e-01
8.323546721647528956e-01
8.377356561154002401e-01
8.426982759912253762e-01
8.472537642008551861e-01
8.514122546304111472e-01
8.551827501507086593e-01
8.585731032211900704e-01
8.615900072885744887e-01
8.642389938520135262e-01
8.665244334054759134e-01
8.684495394707852922e-01
8.700163717514768358e-01
8.712258385162776619e-01
8.720776969602238582e-01
8.725705503807467123e-01
8.727018417683438667e-01
8.724678435178810920e-01
8.718636430887085620e-01
8.708831245578776414e-01
8.695189461439500889e-01
8.677625139354719908e-01
8.656039522188618829e-01
8.630320714267143423e-01
8.600343361875769643e-01
8.565968331070357156e-01
8.527042442769584563e-01
8.483398293087206499e-01
8.434854207502316958e-01
8.381214428478849232e-01
8.322269620096193199e-01
8.257797798793208299e-01
8.187565806050616235e-01
8.111331434622174319e-01
8.028846290798612451e-01
7.939859402513873565e-01
7.844121490243702866e-01
7.741389704162484620e-01
7.631432486065071741e-01
7.514034166623090316e-01
7.388998934667875274e-01
7.256154057731972751e-01
7.115352644416271799e-01
6.966476731374446896e-01
6.809441858321374497e-01
6.644204157094911745e-01
6.470770198944790774e-01
6.289208466435486367e-01
6.099660049835673448e-01
5.902345871715675152e-01
5.697568914147750352e-01
5.485711820987664300e-01
5.267231324675560877e-01
5.042650134545992868e-01
4.812545126713725363e-01
4.577530350402204129e-01
4.338235467412472901e-01
4.095282996669580289e-01
3.849268338087541430e-01
3.600744279293467409e-01
3.350208237463196403e-01
3.098088681788900289e-01
2.844729435645079185e-01
2.590375890130068304e-01
2.335170016394211012e-01
2.079157739765365442e-01
1.822305712123185872e-01
1.564520763409295578e-01
1.305666263741640520e-01
1.045573578347345489e-01
7.840506100782285159e-02
5.208898242488661789e-02
2.558753101753682632e-02
-1.121452899137752313e-03
-2.806119417489121720e-02
-5.525721264156046447e-02
-8.273878828144190511e-02
-1.105399182978777095e-01
-1.386991873851609325e-01
-1.672584647816281467e-01
-1.962607754667320681e-01
-2.257476837046932250e-01
-2.557561713398949221e-01
-2.863148765694823461e-01
-3.174399385043988886e-01
-3.491308750026039798e-01
-3.813664565111620774e-01
-4.141007069041256483e-01
-4.472607205712086920e-01
-4.807477907501472858e-01
-5.144397431562728329e-01
-5.481923359295500786e-01
-5.818438128581098212e-01
-6.152259675504971881e-01
-6.481743682989172806e-01
-6.805298495673783865e-01
-7.121369144824800657e-01
-7.428493643801897806e-01
-7.725417453473448770e-01
-8.011164665051855316e-01
-8.285022865777457168e-01
-8.546489405368647985e-01
-8.795233251789565943e-01
-9.031081945417107626e-01
-9.254018656751773486e-01
-9.464175865636322849e-01
-9.661818692730107516e-01
-9.847317151731711515e-01
-1.002111301471273697e+00
-1.018368945694663408e+00
-1.033554865435293513e+00
-1.047719771880010420e+00
-1.060914041325938362e+00
-1.073187182502734371e+00
-1.084587428479112381e+00
-1.095161391317878374e+00
-1.104953778838799527e+00
-1.114007181953514003e+00
-1.122361935438766389e+00
-1.130056043425497148e+00
-1.137125155872808380e+00
-1.143602582474654517e+00
-1.149519331758648510e+00
-1.154904167661897407e+00
-1.159783677230218801e+00
-1.164182345064763702e+00
-1.168122632566256591e+00
-1.171625058636544425e+00
-1.174708280173187402e+00
-1.177389171338218965e+00
-1.179682899574358013e+00
-1.181602997499543450e+00
-1.183161429804490128e+00
-1.184368654464409421e+00
-1.185233677836029731e+00
-1.185764103247600731e+00
-1.185966172854617584e+00
-1.185844802648837959e+00
-1.185403610604992108e+00
-1.184644937982204604e+00
-1.183569863782978127e+00
-1.182178212451543642e+00
-1.180468554866794140e+00
-1.178438202703543380e+00
-1.176083196275912179e+00
-1.173398286024466941e+00
-1.170376907898583507e+00
-1.167011152814042330e+00
-1.163291730939729485e+00
-1.159207931187118401e+00
-1.154747577381466161e+00
-1.149896982761513087e+00
-1.144640904782665336e+00
-1.138962502949359523e+00
-1.132843303978874117e+00
-1.126263177607363053e+00
-1.119200327435140530e+00
-1.111631300910963294e+00
-1.103531018955552279e+00
-1.094872825152713114e+00
-1.085628547370628860e+00
-1.075768562819823915e+00
-1.065261853224285016e+00
-1.054076042394690660e+00
-1.042177420256004128e+00
-1.029530982615816326e+00
-1.016100545922425935e+00
-1.001849017547530307e+00
-9.867388992166875594e-01
-9.707330610088817924e-01
-9.537957632126058405e-01
-9.358938650649021307e-01
-9.169981902723876033e-01
-8.970850917912527311e-01
-8.761382223756881693e-01
-8.541502580873249206e-01
-8.311240447453622782e-01
-8.070728800905894174e-01
-7.820206251401500275e-01
-7.560030951677481070e-01
-7.290711803402825097e-01
-7.012936539969167882e-01
-6.727565783221682860e-01
-6.435588712302710013e-01
-6.138075162093431514e-01
-5.836158208105753920e-01
-5.531034645254567783e-01
-5.223940318571396180e-01
-4.916088346973374046e-01
-4.608606033355243659e-01
-4.302500150776450427e-01
-3.998638917876073395e-01
-3.697729879519082163e-01
-3.400297381015163767e-01
-3.106674363711148801e-01
-2.817012546809816720e-01
-2.531305873782302429e-01
-2.249421578354519058e-01
-1.971134176117046166e-01
-1.696157903959047142e-01
-1.424174566977320922e-01
-1.154856664096653440e-01
-8.878872158472220222e-02
-6.229764086139227830e-02
-3.598727276082035187e-02
-9.836537977468466643e-03
1.617232152742622761e-02
4.205522451176702675e-02
6.782787554581598544e-02
9.350691072553803107e-02
1.191102304422961972e-01
1.446565986398187231e-01
1.701648283323096145e-01
1.956527967640906696e-01
2.211362644851610215e-01
2.466272995980595961e-01
2.721322534231431778e-01
2.976496264407788583e-01
3.231684642652014605e-01
3.486678048451363754e-01
3.741171863218644145e-01
3.994777167492859493e-01
4.247031350500440339e-01
4.497406875728807707e-01
4.745321074087547886e-01
4.990151109460288503e-01
5.231255105507872649e-01
5.467996047658488790e-01
5.699763775180625158e-01
5.925992937077494416e-01
6.146177616870850402e-01
6.359882956136231336e-01
6.566751851137748730e-01
6.766504492270662974e-01
6.958931150350795569e-01
7.143881914009821976e-01
7.321258134128711959e-01
7.491008455053977944e-01
7.653129120695316701e-01
7.807665860958339366e-01
7.954714169883461139e-01
8.094415880566038224e-01
8.226951766721002368e-01
8.352531413868918841e-01
8.471382318286909685e-01
8.583739979814630772e-01
8.689840126021203259e-01
8.789913442900626483e-01
8.884182553946707861e-01
8.972860685414399962e-01
9.056151339420819291e-01
9.134248427359737965e-01
9.207336462947025568e-01
