1.254813551093576951e+00
1.247577675966852873e+00
1.240785713586646022e+00
1.234425929790706311e+00
1.228486842317277006e+00
1.222957281630264958e+00
1.217826431840411727e+00
1.213083855579722536e+00
1.208719509047680329e+00
1.204723751556334710e+00
1.201087351622406540e+00
1.197801493181789967e+00
1.194857782637713139e+00
1.192248256866872413e+00
1.189965392362474672e+00
1.188002115537932113e+00
1.186351813790236243e+00
1.185008346365200582e+00
1.183966054700776427e+00
1.183219772089407096e+00
1.182764832099234997e+00
1.182597075679291176e+00
1.182712856838150861e+00
1.183109046755208782e+00
1.183783036467181082e+00
1.184732738224538506e+00
1.185956585717802714e+00
1.187453533350864676e+00
1.189223054780500499e+00
1.191265140929681277e+00
1.193580297785330480e+00
1.196169544242316807e+00
1.199034409750397989e+00
1.202176932089389361e+00
1.205599655390985347e+00
1.209305627896079427e+00
1.213298399310025477e+00
1.217582016811162626e+00
1.222161019774242741e+00
1.227040432334061126e+00
1.232225752548357312e+00
1.237722938046840415e+00
1.243538388208784484e+00
1.249678921777010565e+00
1.256151752066140492e+00
1.262964459982456544e+00
1.270124967390358517e+00
1.277641512999142304e+00
1.285522633106931600e+00
1.293777149372910662e+00
1.302414163914779932e+00
1.311443061327966175e+00
1.320873515351818961e+00
1.330715496649433005e+00
1.340979278183254353e+00
1.351675435487877497e+00
1.362814842312582320e+00
1.374408664823018045e+00
1.386468359682529794e+00
1.399005680599968660e+00
1.412032695819382511e+00
1.425561816192437714e+00
1.439605833150847225e+00
1.454177958432595341e+00
1.469291851278331063e+00
1.484961615849496708e+00
1.501201751110454508e+00
1.518027050684269685e+00
1.535452486082165002e+00
1.553493160100329895e+00
1.572164456736874438e+00
1.591482525199519493e+00
1.611465222378023254e+00
1.632133584441864738e+00
1.653513819242854899e+00
1.675639679094744317e+00
1.698554896712954454e+00
1.722315177003196363e+00
1.746989167760096162e+00
1.772658034133129057e+00
1.799413782154546837e+00
1.827357007464858629e+00
1.856594672519200628e+00
1.887237426881656077e+00
1.919394478971134133e+00
1.953163980841718272e+00
1.988619577309881814e+00
2.025796907161878657e+00
2.064683554655882602e+00
2.105212987737427266e+00
2.147259405845309388e+00
2.190628537866968983e+00
2.235051343532389989e+00
2.280197690929456567e+00
2.325701059728319198e+00
2.371173164340777184e+00
2.416218364253070128e+00
2.460459848849382070e+00
2.503564563419082845e+00
2.545255040193001417e+00
2.585316984231639026e+00
2.623604590744511356e+00
2.660036355581095968e+00
2.694585492406149196e+00
2.727270847788637820e+00
2.758148415967394573e+00
2.787301819329856656e+00
2.814831857313120356e+00
2.840847198737661117e+00
2.865457887665763259e+00
2.888771430728778178e+00
2.910890219970252435e+00
2.931909421104708979e+00
2.951915223481489825e+00
2.970983741452703608e+00
2.989180785988544198e+00
3.006562467618346002e+00
3.023176375934398141e+00
3.039063017704807024e+00
3.054257249147897646e+00
3.068789537673693779e+00
3.082686985325589379e+00
3.095974114966435042e+00
3.108673459827788754e+00
3.120806004913240894e+00
3.132391521442945415e+00
3.143448822306180723e+00
3.153995955223377834e+00
3.164050340865781408e+00
3.173628861151636560e+00
3.182747904509642289e+00
3.191423376998777872e+00
3.199670689446877603e+00
3.207504730161344852e+00
3.214939831449159069e+00
3.221989735981615866e+00
3.228667567103437275e+00
3.234985805151194604e+00
3.240956270358067659e+00
3.246590111988771454e+00
3.251897802528072035e+00
3.256889135975353344e+00
3.261573228885884745e+00
3.265958523221834220e+00
3.270052790189146297e+00
3.273863134325775803e+00
3.277395997582646547e+00
3.280657162975589181e+00
3.283651757576256269e+00
3.286384254894503254e+00
3.288858476660919461e+00
3.291077593838480642e+00
3.293044127045269054e+00
3.294759946276115237e+00
3.296226270117254664e+00
3.297443664442512912e+00
3.298412040579440596e+00
3.299130653001139724e+00
3.299598096558422622e+00
3.299812303313720996e+00
3.299770539052369500e+00
3.299469399536958392e+00
3.298904806599056716e+00
3.298072004184469108e+00
3.296965554476369853e+00
3.295579334263994742e+00
3.293906531754678735e+00
3.291939644066923076e+00
3.289670475692222151e+00
3.287090138106066650e+00
3.284189050740431881e+00
3.280956943508218426e+00
3.277382861065967656e+00
3.273455168930673675e+00
3.269161561149550810e+00
3.264489069263332155e+00
3.259424072292225638e+00
3.253952306638077552e+00
3.248058875323135641e+00
3.241728255383049540e+00
3.234944302621953316e+00
3.227690253396849229e+00
3.219948723600689178e+00
3.211701706347676044e+00
3.202930571060453868e+00
3.193616068074522918e+00
3.183738343424728612e+00
3.173276968043939217e+00
3.162210982070169596e+00
3.150518948152702947e+00
3.138178994026131985e+00
3.125168807793310854e+00
3.111465525412253186e+00
3.097045429487362167e+00
3.081883374775632678e+00
3.065951880758823744e+00
3.049219883514311835e+00
3.031651195462597315e+00
3.013202755987794301e+00
2.993822749425941954e+00
2.973448654423302973e+00
2.952005341476226619e+00
2.929403478734230237e+00
2.905538716486268935e+00
2.880292225649078830e+00
2.853532913691537498e+00
2.825120994969241739e+00
2.794912193999113281e+00
2.762762931834896296e+00
2.728539175886084411e+00
2.692131660036939156e+00
2.653475228751327464e+00
2.612566261919128330e+00
2.569475557697039392e+00
2.524359241359877881e+00
2.477471844584299809e+00
2.429171832906194428e+00
2.379903931860766875e+00
2.330171132500322706e+00
2.280502199627123971e+00
2.231417397926260815e+00
2.183397440303083581e+00
2.136852206977792878e+00
2.092094793072146075e+00
2.049333526079982981e+00
2.008681519169135399e+00
1.970169107404177833e+00
1.933757093243273273e+00
1.899353955096501290e+00
1.866834256714746676e+00
1.836055340351658627e+00
1.806870776981073234e+00
1.779139485377626784e+00
1.752730852332042399e+00
1.727527452196576885e+00
1.703426771817258434e+00
1.680342259792198645e+00
1.658203314463333466e+00
1.636953959873007847e+00
1.616550471816930790e+00
1.596958536800597406e+00
1.578150503847391750e+00
1.560103080933656239e+00
1.542795608636558180e+00
1.526208889757771248e+00
1.510324476026186691e+00
1.495124300536762707e+00
1.480590552892267819e+00
1.466705698953815196e+00
1.453452557300450865e+00
1.440814365530652896e+00
1.428774801434236297e+00
1.417317955253537098e+00
1.406428270581367101e+00
1.396090474862522246e+00
1.386289515647307846e+00
1.377010513558324378e+00
1.368238735619980551e+00
1.359959589746757569e+00
1.352158637866204938e+00
1.344821623595288340e+00
1.337934510631908269e+00
1.331483527083346718e+00
1.325455211376756814e+00
1.319836456733801011e+00
1.314614551818316990e+00
1.309777216287332013e+00
1.305312630825933073e+00
1.301209461646962495e+00
1.297456880115041677e+00
1.294044577946863672e+00
1.290962778607350314e+00
1.288202245948261160e+00
1.285754290340788808e+00
1.283610773070264610e+00
1.281764109086501069e+00
1.280207268856185410e+00
1.278933779495921907e+00
1.277937725164328020e+00
1.277213746846956210e+00
1.276757042029043943e+00
1.276563363963907349e+00
1.276629020762342526e+00
1.276950874382240420e+00
1.277526339570578484e+00
1.278353382782392522e+00
1.279430521173537505e+00
1.280756821710276050e+00
1.282331900424453774e+00
1.284155921779288168e+00
1.286229598463543233e+00
1.288554191334261523e+00
1.291131509568613778e+00
1.293963911164608627e+00
1.297054303836323585e+00
1.300406146110517192e+00
1.304023448621333348e+00
1.307910775470586096e+00
1.312073245909359143e+00
1.316516536197583687e+00
1.321246881383512317e+00
1.326271077184865144e+00
1.331596482095950051e+00
1.337231019361954987e+00
1.343183179010932982e+00
1.349462019773496557e+00
1.356077170344444527e+00
1.363038829527630780e+00
1.370357763923001571e+00
1.378045301828980884e+00
1.386113321044408986e+00
1.394574228150808670e+00
1.403440926909274022e+00
1.412726774090302007e+00
1.422445523039098880e+00
1.432611258054119041e+00
1.443238325710807679e+00
1.454341273589183636e+00
1.465934808627935793e+00
1.478033786662309446e+00
1.490653240080257236e+00
1.503808442891983121e+00
1.517515000924854141e+00
1.531788945534430013e+00
1.546646807696438142e+00
1.562105660944177021e+00
1.578183156564236800e+00
1.594897627146734997e+00
1.612268397814290655e+00
1.630316479748914915e+00
1.649065789372844204e+00
1.668544919224715484e+00
1.688789308468114037e+00
1.709843483653065155e+00
1.731762955126950443e+00
1.754615400481084997e+00
1.778480924942504204e+00
1.803451382355757637e+00
1.829628836785157198e+00
1.857123212310355376e+00
1.886049101743983769e+00
1.916521570743739966e+00
1.948650298138072223e+00
1.982530529974801059e+00
2.018229769309240584e+00
2.055773166060154811e+00
2.095134179876465552e+00
2.136230371885976531e+00
2.178914617322346370e+00
2.222963224971814533e+00
2.268078348764819285e+00
2.313906941307476650e+00
2.360059022112682037e+00
2.406122850651645440e+00
2.451690595762485714e+00
2.496384028965512591e+00
2.539869509587140417e+00
2.581874820480290378e+00
2.622203217814060405e+00
2.660731669530794097e+00
2.697398926059203728e+00
2.732196810485147065e+00
2.765164822298095793e+00
2.796380144011035629e+00
2.825943333265204860e+00
2.853966013006732361e+00
2.880563241041142586e+00
2.905848843414858163e+00
2.929931703364724527e+00
2.952912526747163646e+00
2.974881453936960352e+00
2.995916804743613326e+00
3.016084912657670980e+00
3.035440818409034236e+00
3.054029565792312439e+00
3.071887874161431498e+00
3.089045978513803803e+00
3.105529421985037786e+00
3.121360605420845147e+00
3.136559968611388527e+00
3.151146769717742657e+00
3.165139522781422521e+00
3.178556191600771630e+00
3.191414250541585673e+00
3.203730690571350515e+00
3.215522019830266753e+00
3.226804282675858282e+00
3.237593099044458800e+00
3.247903714992843582e+00
3.257751052378470291e+00
3.267149745514786208e+00
3.276114156367468500e+00
3.284658365674526515e+00
3.292796142381834379e+00
3.300540897025261877e+00
3.307905626499649809e+00
3.314902857289820481e+00
3.321544592605551127e+00
3.327842267368987805e+00
3.333806712886746126e+00
3.339448131745479387e+00
3.344776082262813865e+00
3.349799471023992670e+00
3.354526551829495329e+00
3.358964929394413268e+00
3.363121566167714960e+00
3.367002790948733004e+00
3.370614308302003703e+00
3.373961208004074397e+00
3.377047973824847116e+00
3.379878491451878020e+00
3.382456055330099520e+00
3.384783374397594802e+00
3.386862576537507774e+00
3.388695211924592332e+00
3.390282255445916437e+00
3.391624108088461043e+00
3.392720597551214912e+00
3.393570978158368057e+00
3.394173930141575202e+00
3.394527558393057198e+00
3.394629390758180154e+00
3.394476375985278516e+00
3.394064881394747157e+00
3.393390690333150328e+00
3.392448999502546414e+00
3.391234416248456007e+00
3.389740955900409247e+00
3.387962039301050332e+00
3.385890490770023575e+00
3.383518536435525803e+00
3.380837803420220666e+00
3.377839320017836489e+00
3.374513517075459657e+00
3.370850231182739076e+00
3.366838709937027385e+00
3.362467619825498577e+00
3.357725057071516694e+00
3.352598561949903910e+00
3.347075137065347317e+00
3.341141269607338593e+00
3.334782957837624018e+00
3.327985741372116557e+00
3.320734734782984532e+00
3.313014663398032855e+00
3.304809899967709796e+00
3.296104500115540681e+00
3.286882234285632531e+00
3.277126613229432994e+00
3.266820903670594856e+00
3.255948131224471798e+00
3.244491068812855872e+00
3.232432211890761575e+00
3.219753744031816467e+00
3.206437499442123862e+00
3.192464929033613341e+00
3.177817072144956789e+00
3.162474521284885487e+00
3.146417346718179964e+00
3.129624912714019658e+00
3.112075465591573220e+00
3.093745325709134075e+00
3.074607508553994784e+00
3.054629680415839488e+00
3.033771541047295628e+00
3.011981970104892437e+00
2.989196461065492638e+00
2.965335357544340855e+00
2.940303148316737669e+00
2.913988727325854011e+00
2.886266445273760084e+00
2.856998234518874025e+00
2.826037655646850055e+00
2.793236618614191702e+00
2.758455026428845436e+00
2.721574094136114397e+00
2.682514479216632441e+00
2.641256541697326821e+00
2.597856153657679634e+00
2.552456444838736793e+00
2.505300555652680394e+00
2.456737777301018166e+00
2.407210601514534698e+00
2.357223698285984881e+00
2.307311116516580274e+00
2.258004177116117450e+00
2.209797834377953407e+00
2.163118832737316755e+00
2.118295890329406905e+00
2.075551593026789376e+00
2.035012339997427588e+00
1.996720671379544676e+00
1.960646800644041621e+00
1.926703943369627359e+00
1.894768704016833283e+00
1.864699664980341121e+00
1.836349470621059243e+00
1.809572356798434756e+00
1.784229931283374926e+00
1.760195639863507244e+00
