3.387181776051495508e-01
3.519682705410794310e-01
3.660575259704403894e-01
3.810413304154122160e-01
3.969780811973789847e-01
4.139285079512052823e-01
4.319545658883204298e-01
4.511179531421855571e-01
4.714785651895399554e-01
4.930933638784831263e-01
5.160157953978975476e-01
5.402948388744909236e-01
5.659718469448504763e-01
5.930743206371226206e-01
6.216087866956909735e-01
6.515565564405646493e-01
6.828733124315630176e-01
7.154899349806587150e-01
7.493123040221338904e-01
7.842188025161556109e-01
8.200552420945476095e-01
8.566333506027038469e-01
8.937409759705855494e-01
9.311591565052239616e-01
9.686725647056710908e-01
1.006070929008979986e+00
1.043151476660602706e+00
1.079729101444684369e+00
1.115649741180850807e+00
1.150797776946703710e+00
1.185094541024326320e+00
1.218493777087703567e+00
1.250979127122411549e+00
1.282561575591159686e+00
1.313273800779501066e+00
1.343162907272844819e+00
1.372284434246867191e+00
1.400698030410680195e+00
1.428463548144425888e+00
1.455637161723456696e+00
1.482268318117329287e+00
1.508398281379325301e+00
1.534060255621029656e+00
1.559280569975642239e+00
1.584080351888458305e+00
1.608477204870505162e+00
1.632486512511676757e+00
1.656122192188537179e+00
1.679396993597868981e+00
1.702322585456847559e+00
1.724909620481870132e+00
1.747167782135045089e+00
1.769105639900312665e+00
1.790730120093759536e+00
1.812045575408738340e+00
1.833052699782699468e+00
1.853747695635530990e+00
1.874122021917804748e+00
1.894162797146109245e+00
1.913853680270152458e+00
1.933175938839810204e+00
1.952109454157016755e+00
1.970633529239590676e+00
1.988727483914701555e+00
2.006371084083544698e+00
2.023544883955954887e+00
2.040230558343457901e+00
2.056411291361926796e+00
2.072072243072786701e+00
2.087201049375684292e+00
2.101788255824053930e+00
2.115827576499117679e+00
2.129315911711921139e+00
2.142253132428113105e+00
2.154641695787032685e+00
2.166486181068272732e+00
2.177792827995387981e+00
2.188569130011381425e+00
2.198823507843663982e+00
2.208565060000338587e+00
2.217803375853005132e+00
2.226548391104001823e+00
2.234810267798446937e+00
2.242599285756747385e+00
2.249925737931405489e+00
2.256799826308268475e+00
2.263231558157303702e+00
2.269230644440089595e+00
2.274806401772317965e+00
2.279967661005749768e+00
2.284722683296678714e+00
2.289079084407499298e+00
2.293043768282680084e+00
2.296622869400817279e+00
2.299821703008143814e+00
2.302644722666755239e+00
2.305095484283545382e+00
2.307176615868481218e+00
2.308889791964703786e+00
2.310235711739518916e+00
2.311214080458073195e+00
2.311823593845636182e+00
2.312061924846846583e+00
2.311925712730093618e+00
2.311410554572766785e+00
2.310510999369959961e+00
2.309220545188992890e+00
2.307531640056462940e+00
2.305435687312607396e+00
2.302923056795290968e+00
2.299983103189664480e+00
2.296604192706958703e+00
2.292773740283949646e+00
2.288478259630526868e+00
2.283703427792665330e+00
2.278434166571479569e+00
2.272654742362618663e+00
2.266348887345971175e+00
2.259499942299114217e+00
2.252091021323116671e+00
2.244105198957851321e+00
2.235525717125537160e+00
2.226336210296961493e+00
2.216520946624802590e+00
2.206065084772631302e+00
2.194954950009833095e+00
2.183178338473729330e+00
2.170724866914070184e+00
2.157586387856470722e+00
2.143757492628972194e+00
2.129236107115906940e+00
2.114024155192419041e+00
2.098128213762045391e+00
2.081560030411285567e+00
2.064336740847415808e+00
2.046480646041656470e+00
2.028018515426363244e+00
2.008980544959496406e+00
1.989399243945771056e+00
1.969308521334973472e+00
1.948743052652292640e+00
1.927737726280703168e+00
1.906326821292385620e+00
1.884542703301496092e+00
1.862414162771793169e+00
1.839964822247711629e+00
1.817212076974335844e+00
1.794166810547968227e+00
1.770833820179911200e+00
1.747212682972121289e+00
1.723298745678640609e+00
1.699083957427629743e+00
1.674557373080423739e+00
1.649705363275032921e+00
1.624511751651860569e+00
1.598958056044908815e+00
1.573023665556777306e+00
1.546685500720454076e+00
1.519916897635965158e+00
1.492686016937884608e+00
1.464954431040736971e+00
1.436676390390424718e+00
1.407799006360746397e+00
1.378263659876564295e+00
1.348009021783896699e+00
1.316975518091108244e+00
1.285110276634262805e+00
1.252371977291951266e+00
1.218736545777862723e+00
1.184204464679595947e+00
1.148807442644323773e+00
1.112611508582451059e+00
1.075719103186860037e+00
1.038273968294470384e+00
1.000461761759240398e+00
9.624966383108569667e-01
9.246024495931324250e-01
8.870061264557792535e-01
8.499406569507553799e-01
8.136389411798277127e-01
7.783143118503508262e-01
7.441436339022516888e-01
7.112652058482316075e-01
6.797853667010442802e-01
6.497822258841948750e-01
6.213054972152781685e-01
5.943771537241537839e-01
5.689935335968077101e-01
5.451281257979180284e-01
5.227362561567031607e-01
5.017617569734899030e-01
4.821431648779662127e-01
4.638173039018733124e-01
4.467203676310343985e-01
4.307879663994183539e-01
4.159553403588983622e-01
4.021580965519088169e-01
3.893332520768420513e-01
3.774202480561006379e-01
3.663617174785614439e-01
3.561039435771042871e-01
3.465970438210428939e-01
3.377949524830861638e-01
3.296552752506159978e-01
3.221390747242690589e-01
3.152106273819623161e-01
3.088371767223688780e-01
3.029886970665051082e-01
2.976376747986594351e-01
2.927589101358261114e-01
2.883293396028412947e-01
2.843278782865975018e-01
2.807352801596462721e-01
2.775340149764664033e-01
2.747081597001821973e-01
2.722433029827771578e-01
2.701264612626766981e-01
2.683460053504828080e-01
2.668915962426275934e-01
2.657541293007036343e-01
2.649256861126534912e-01
2.643994933880028930e-01
2.641698882071468746e-01
2.642322893591424471e-01
2.645831743529084568e-01
2.652200618262459675e-01
2.661414991646162687e-01
2.673470551752243352e-01
2.688373178202630998e-01
2.706138970475676642e-01
2.726794327114316907e-01
2.750376079510195582e-01
2.776931683402948936e-01
2.806519472347347999e-01
2.839208979119882126e-01
2.875081334857667592e-01
2.914229755542294131e-01
2.956760128083010253e-01
3.002791708900486856e-01
3.052457950941884213e-01
3.105907472051001039e-01
3.163305173927346559e-01
3.224833514132131040e-01
3.290693916940528596e-01
3.361108288920219289e-01
3.436320569117111701e-01
3.516598205444897429e-01
3.602233397602455645e-01
3.693543901913718397e-01
3.790873163819507563e-01
3.894589566423475313e-01
4.005084672489933051e-01
4.122770540543935214e-01
4.248076471112429142e-01
4.381445841443725175e-01
4.523333795266416546e-01
4.674206266062678194e-01
4.834539895585494573e-01
5.004821117170797917e-01
5.185541688316778197e-01
5.377188290922011449e-01
5.580225678429440173e-01
5.795074715093291307e-01
6.022086177714452981e-01
6.261509101918162346e-01
6.513454392189069742e-01
6.777863947013011980e-01
7.054501361238457724e-01
7.342963581654582406e-01
7.642684220800857187e-01
7.952901768808058325e-01
8.272608234689171613e-01
8.600525966321853621e-01
8.935148209338645842e-01
9.274835874194552465e-01
9.617915190587890129e-01
9.962717332915927981e-01
1.030757428880869853e+00
1.065085351510213885e+00
1.099106294929174998e+00
1.132695113735780801e+00
1.165753496717299775e+00
1.198208744847745644e+00
1.230013815457481785e+00
1.261147427084821082e+00
1.291611102058443761e+00
1.321423891418655128e+00
1.350617371879447859e+00
1.379231723824342781e+00
1.407312176233628254e+00
1.434905423645083999e+00
1.462056350380450231e+00
1.488805486200892370e+00
1.515187418062214020e+00
1.541230323030288618e+00
1.566956682823433589e+00
1.592384885626471069e+00
1.617531044754028535e+00
1.642410353823900326e+00
1.667037697176019018e+00
1.691427681381851622e+00
1.715594399818145099e+00
1.739551091403969796e+00
1.763309657449907863e+00
1.786879928706955889e+00
1.810268633851515707e+00
1.833478149758486442e+00
1.856505256867947429e+00
1.879340231916005299e+00
1.901966594489840068e+00
1.924361646002334947e+00
1.946497642281792340e+00
1.968343172915057337e+00
1.989864287610885629e+00
2.011025189691103332e+00
2.031788727204862255e+00
2.052117114681611287e+00
2.071973147712768526e+00
2.091321776995052950e+00
2.110131627636764762e+00
2.128376047326501652e+00
2.146033501135631738e+00
2.163087407681839380e+00
2.179525666482405200e+00
2.195340127638295336e+00
2.210526154011772437e+00
2.225082308006452347e+00
2.239010115007401769e+00
2.252313835181187329e+00
2.265000198379067076e+00
2.277078090886018646e+00
2.288558208793732174e+00
2.299452703673178444e+00
2.309774843942574929e+00
2.319538706737077849e+00
2.328758905706681315e+00
2.337450352707434842e+00
2.345628049852043429e+00
2.353306904913647024e+00
2.360501567903722453e+00
2.367226284320814944e+00
2.373494765042642562e+00
2.379320071482227572e+00
2.384714515325891071e+00
2.389689573634090181e+00
2.394255817401218955e+00
2.398422853488020312e+00
2.402199278036952101e+00
2.405592640299354823e+00
2.408609414462182130e+00
2.411254979008613297e+00
2.413533600865491735e+00
2.415448422815262841e+00
2.417001453030137359e+00
2.418193555753500590e+00
2.419024442188699275e+00
2.419492659737930929e+00
2.419595580117823719e+00
2.419329385594157333e+00
2.418689053078006523e+00
2.417668336143969476e+00
2.416259745384584878e+00
2.414454528121261045e+00
2.412242647662182549e+00
2.409612764378474381e+00
2.406552221014520043e+00
2.403047034811318206e+00
2.399081899971394538e+00
2.394640205176771452e+00
2.389704072721227313e+00
2.384254423857974814e+00
2.378271077874599460e+00
2.371732890657808124e+00
2.364617936587034563e+00
2.356903735962849744e+00
2.348567525856494864e+00
2.339586565076742897e+00
2.329938463484597211e+00
2.319601516398191787e+00
2.308555033251287636e+00
2.296779652206513589e+00
2.284257653314534231e+00
2.270973302413099137e+00
2.256913277673001872e+00
2.242067234174929258e+00
2.226428536367796696e+00
2.209995132650703464e+00
2.192770475159669719e+00
2.174764340873056589e+00
2.155993423329394254e+00
2.136481639867719995e+00
2.116260179894732474e+00
2.095367323637215229e+00
2.073847971343784735e+00
2.051752726068911681e+00
2.029136409925287321e+00
2.006056097417807660e+00
1.982568989626317002e+00
1.958730534897833220e+00
1.934593015720462272e+00
1.910204441689365984e+00
1.885607315926437266e+00
1.860837025852255744e+00
1.835920207220957279e+00
1.810873849318606954e+00
1.785705636810442254e+00
1.760415322552103312e+00
1.734996468834959726e+00
1.709437988569121103e+00
1.683725272439768217e+00
1.657840999817614680e+00
1.631765844866832849e+00
1.605479146723784112e+00
1.578959339669189887e+00
1.552183776085201528e+00
1.525127746579991062e+00
1.497762974348758158e+00
1.470056295439450267e+00
1.441969262070043278e+00
1.413458973979092592e+00
1.384479927839998403e+00
1.354986549238964999e+00
1.324936340090801856e+00
1.294293701090588611e+00
1.263034176346023330e+00
1.231148722828379505e+00
1.198648169808861352e+00
1.165568005868360846e+00
1.131971828847778694e+00
1.097951349044385738e+00
1.063624667039276162e+00
1.029135699443311625e+00
9.946507262200138255e-01
9.603469115678653356e-01
9.263999210273227147e-01
8.929812197912861960e-01
8.602604538546048119e-01
8.284003095372518555e-01
7.975436531949330332e-01
7.678042102488445986e-01
7.392667409505840892e-01
7.119924114665360237e-01
6.860233283205214860e-01
6.613842296874099524e-01
6.380824181214834745e-01
6.161079637498042549e-01
5.954356031814987960e-01
5.760282496252333573e-01
5.578409020372842031e-01
5.408238447268367555e-01
5.249248229253801190e-01
5.100904642504494602e-01
4.962673083147218223e-01
4.834026350048680754e-01
4.714451249711810177e-01
4.603453374110946239e-01
4.500560105063353689e-01
4.405322214439706952e-01
4.317314536297732208e-01
4.236136119459132932e-01
4.161410115502122142e-01
4.092783534528242062e-01
4.029926899132716955e-01
3.972533800047287067e-01
3.920320345155664521e-01
3.873024509079719957e-01
3.830405388034788805e-01
3.792242389930379209e-01
3.758334383361559561e-01
3.728498830085233973e-01
3.702570930090348655e-01
3.680402796178574576e-01
3.661862675718590698e-01
3.646834230344870309e-01
3.635215882061977877e-01
3.626920230363777087e-01
3.621873543848851407e-01
3.620015326122321131e-01
3.621297956149958641e-01
3.625686402030527389e-01
3.633158006566984399e-01
3.643702342752821455e-01
3.657321136971276587e-01
3.674028258341427433e-01
3.693849771557925488e-01
3.716824051405568374e-01
3.743001957938000279e-01
3.772447069246943618e-01
3.805235969825869202e-01
3.841458592912844194e-01
3.881218614268316380e-01
3.924633893728211032e-01
3.971836961988849946e-01
4.022975541680313682e-01
4.078213095645487063e-01
4.137729387583679586e-01
4.201721022576406228e-01
4.270401938735184921e-01
4.344003795450438465e-01
4.422776189685322379e-01
