1.310123422553673223e+01
1.325803175568556114e+01
1.341034864615645184e+01
1.355756287578666175e+01
1.369918672242953406e+01
1.383485231194691600e+01
1.396429832933924331e+01
1.408735748441331914e+01
1.420394444954549229e+01
1.431404419928419358e+01
1.441770083522065526e+01
1.451500705817305814e+01
1.460609444347441155e+01
1.469112462807278163e+01
1.477028146255251073e+01
1.484376412963100833e+01
1.491178118951404308e+01
1.497454549013764513e+01
1.503226985942390925e+01
1.508516349542959212e+01
1.513342896859593800e+01
1.517725974840847236e+01
1.521683818338766336e+01
1.525233385842768108e+01
1.528390226450691713e+01
1.531168372511062437e+01
1.533580252805932176e+01
1.535636621437384441e+01
1.537346498684006235e+01
1.538717120323429910e+01
1.539753892723406459e+01
1.540460351348535006e+01
1.540838120809759282e+01
1.540886875178590465e+01
1.540604297804700629e+01
1.539986040413849899e+01
1.539025681797784451e+01
1.537714687074370623e+01
1.536042369116165496e+01
1.533995854511983836e+01
1.531560057258851693e+01
1.528717664287869837e+01
1.525449138009187955e+01
1.521732741949068313e+01
1.517544596595020856e+01
1.512858774080343238e+01
1.507647441151847190e+01
1.501881061550222896e+01
1.495528668780243287e+01
1.488558221599727460e+01
1.480937055395306068e+01
1.472632441412261528e+01
1.463612266259027805e+01
1.453845842845864667e+01
1.443304862671838507e+01
1.431964497964362515e+01
1.419804660297223187e+01
1.406811420465307982e+01
1.392978592381271241e+01
1.378309482037066758e+01
1.362818794718895887e+01
1.346534684837017437e+01
1.329500909593315683e+01
1.311779016414640964e+01
1.293450456043839303e+01
1.274618479096790935e+01
1.255409671394385818e+01
1.235975030831592214e+01
1.216490546337765721e+01
1.197157203501682687e+01
1.178200137602043007e+01
1.159866531846738447e+01
1.142422519150329663e+01
1.126150746652347756e+01
1.111349930313182099e+01
1.098333703758764024e+01
1.087423929424766023e+01
1.078939481247895493e+01
1.073186200221167930e+01
1.070450144333464770e+01
1.070992699944872228e+01
1.075042540750900066e+01
1.082781081608445284e+01
1.094329963405844452e+01
1.109746946995797501e+01
1.129020564195556808e+01
1.152057539209948622e+01
1.178676159343167029e+01
1.208614548689253532e+01
1.241539478937946228e+01
1.277044640282997001e+01
1.314650075502014026e+01
1.353812613995190617e+01
1.393940439422995681e+01
1.434405264993161566e+01
1.474554547662089909e+01
1.513726489106566397e+01
1.551266825957975293e+01
1.586546472724872459e+01
1.618980505691215654e+01
1.648048137750811648e+01
1.673311778675893180e+01
1.694433257593700759e+01
1.711186118186049399e+01
1.723463099963305112e+01
1.731277662592542299e+01
1.734758822452350913e+01
1.734139765742990846e+01
1.729741678070604394e+01
1.721954367294267740e+01
1.711215097181641553e+01
1.697987213682020879e+01
1.682740325644397572e+01
1.665933460821345236e+01
1.648001795958491655e+01
1.629346793320517506e+01
1.610329258853034062e+01
1.591264921376157382e+01
1.572422322327266642e+01
1.554022856644688844e+01
1.536242710825399627e+01
1.519216295931219385e+01
1.503040680758504344e+01
1.487780518028782950e+01
1.473473025858213603e+01
1.460132706771727484e+01
1.447755622182685720e+01
1.436323160796382581e+01
1.425805316496409780e+01
1.416163528780951708e+01
1.407353141501345206e+01
1.399325519483092073e+01
1.392029846895010614e+01
1.385414616557089751e+01
1.379428825223054567e+01
1.374022893548864843e+01
1.369149340041263763e+01
1.364763244457130931e+01
1.360822538822423056e+01
1.357288163178865759e+01
1.354124118972506352e+01
1.351297448360995901e+01
1.348778161318903379e+01
1.346539128077390934e+01
1.344555950377549891e+01
1.342806820960623959e+01
1.341272378692859135e+01
1.339935564950635616e+01
1.338781484702895597e+01
1.337797275051997481e+01
1.336971983466329128e+01
1.336296456660318377e+01
1.335763241293121339e+01
1.335366496854408780e+01
1.335101921037755623e+01
1.334966687712541678e+01
1.334959397421005178e+01
1.335080040271151169e+01
1.335329971052159692e+01
1.335711896231691576e+01
1.336229872529563956e+01
1.336889316696394658e+01
1.337697026042715365e+01
1.338661209120725637e+01
1.339791526153445744e+01
1.341099138049185946e+01
1.342596763220966771e+01
1.344298740926728719e+01
1.346221099061352788e+01
1.348381624293054415e+01
1.350799931409205890e+01
1.353497528337456934e+01
1.356497871289511181e+01
1.359826404064018135e+01
1.363510573928508762e+01
1.367579813867058469e+01
1.372065480295146500e+01
1.377000731817867596e+01
1.382420333126981049e+01
1.388360364078072884e+01
1.394857812520018570e+01
1.401950026664389704e+01
1.409674003593272218e+01
1.418065494181714747e+01
1.427157913572101222e+01
1.436981059805433780e+01
1.447559655707214787e+01
1.458911732884655166e+01
1.471046858621995135e+01
1.483964165616617947e+01
1.497650090816222601e+01
1.512075696861545282e+01
1.527193487275456185e+01
1.542933754290062787e+01
1.559200693624020317e+01
1.575868700851522952e+01
1.592779328867802136e+01
1.609739283787848052e+01
1.626519627535580170e+01
1.642856186830380594e+01
1.658451195487478813e+01
1.672976386556247874e+01
1.686077930671173775e+01
1.697383604448357275e+01
1.706512339609502504e+01
1.713086035000733887e+01
1.716743363468054895e+01
1.717155203240594830e+01
1.714041066262468860e+01
1.707185385070418704e+01
1.696452005541960872e+01
1.681795212694190056e+01
1.663266157471163353e+01
1.641014255007872080e+01
1.615283605548451717e+01
1.586404848645138799e+01
1.554783422190211262e+01
1.520885770991009345e+01
1.485224880125234392e+01
1.448345578101629449e+01
1.410809521633333929e+01
1.373180481107009143e+01
1.336011395799420498e+01
1.299833933419257725e+01
1.265149569959810272e+01
1.232420982920557506e+01
1.202063938235431806e+01
1.174440152662272041e+01
1.149850948655645588e+01
1.128532726954872700e+01
1.110655708040522782e+01
1.096324362932974594e+01
1.085577526857061237e+01
1.078389745343037731e+01
1.074676019243333158e+01
1.074299870553867819e+01
1.077082870585962660e+01
1.082812776416788836e+01
1.091249340113352950e+01
1.102128965862538834e+01
1.115170768921904632e+01
1.130086376373675705e+01
1.146589926375663104e+01
1.164402940860732549e+01
1.183255529432503472e+01
1.202888362547399304e+01
1.223056133086008934e+01
1.243530793047668581e+01
1.264103776437845106e+01
1.284587483292771459e+01
1.304816235456521767e+01
1.324646618368318762e+01
1.343957132144706890e+01
1.362647255183030914e+01
1.380636119080402047e+01
1.397860990835971151e+01
1.414275670342293445e+01
1.429848859143842787e+01
1.444562526969607674e+01
1.458410292683775644e+01
1.471395836496170517e+01
1.483531364401915020e+01
1.494836146672621346e+01
1.505335149632075087e+01
1.515057776080831076e+01
1.524036724292981404e+01
1.532306970723674766e+01
1.539904877364450364e+01
1.546867421604149584e+01
1.553231542497382200e+01
1.559033595913565229e+01
1.564308908975057122e+01
1.569091423578010414e+01
1.573413417804406222e+01
1.577305295091909798e+01
1.580795429805099950e+01
1.583910059539919146e+01
1.586673215082620736e+01
1.589106679064902394e+01
1.591229965874369334e+01
1.593060316383250807e+01
1.594612701550522260e+01
1.595899829750189447e+01
1.596932153872270099e+01
1.597717874532039950e+01
1.598262936634378839e+01
1.598571016947859569e+01
1.598643500931724226e+01
1.598479447568293565e+01
1.598075541427478363e+01
1.597426031721992779e+01
1.596522658656915361e+01
1.595354568026337283e+01
1.593908215691180708e+01
1.592167264463293996e+01
1.590112476937543029e+01
1.587721608918646155e+01
1.584969309557046913e+01
1.581827036006864873e+01
1.578262991892436240e+01
1.574242101677157102e+01
1.569726034191386077e+01
1.564673291033327196e+01
1.559039377764007916e+01
1.552777077069950096e+01
1.545836843367814772e+01
1.538167339027106628e+01
1.529716129668847913e+01
1.520430553853044664e+01
1.510258776848096574e+01
1.499151033450938719e+01
1.487061057891714633e+01
1.473947694536579078e+01
1.459776680098534207e+01
1.444522588886226799e+01
1.428170936729496887e+01
1.410720444743816238e+01
1.392185465181277593e+01
1.372598558025744531e+01
1.352013169695838535e+01
1.330506299591212382e+01
1.308180950734381653e+01
1.285168090144829556e+01
1.261627872245367854e+01
1.237750041803870893e+01
1.213753654872937204e+01
1.189886323793974832e+01
1.166422888101271305e+01
1.143663121165767826e+01
1.121928483173380364e+01
1.101558684103254215e+01
1.082908315386012355e+01
1.066342373891617612e+01
1.052229603884540055e+01
1.040932218399700915e+01
1.032791710025722587e+01
1.028117985550530378e+01
1.027184111258672061e+01
1.030216460278913537e+01
1.037379269945915006e+01
1.048762536232607623e+01
1.064377239837349798e+01
1.084152692139168650e+01
1.107930088494627441e+01
1.135461378287404166e+01
1.166421074203741881e+01
1.200417580150385355e+01
1.236994183585525597e+01
1.275631037050286665e+01
1.315758125841707127e+01
1.356772525432158893e+01
1.398051322148672782e+01
1.438961675820004515e+01
1.478873024148187021e+01
1.517172247555536124e+01
1.553279965662321871e+01
1.586667059272229885e+01
1.616871048108518849e+01
1.643510926906620995e+01
1.666298704232301731e+01
1.685047014225608208e+01
1.699673027762042565e+01
1.710198391649733551e+01
1.716744183284344061e+01
1.719520343133380891e+01
1.718810446294284944e+01
1.714953792697854595e+01
1.708326930517316455e+01
1.699326153434359910e+01
1.688351838952389627e+01
1.675795109123037818e+01
1.662027169925661596e+01
1.647391477418429773e+01
1.632198527926607312e+01
1.616722795175058636e+01
1.601201311887585987e+01
1.585833587920654075e+01
1.570782743868232423e+01
1.556177774024097182e+01
1.542116763036536220e+01
1.528670743940839571e+01
1.515887809975825640e+01
1.503797118397537247e+01
1.492412526994813504e+01
1.481735734245517833e+01
1.471758904479098717e+01
1.462466832354808766e+01
1.453838726186678265e+01
1.445849690140057042e+01
1.438471967174511157e+01
1.431675985838909959e+01
1.425431239026701036e+01
1.419707013107933413e+01
1.414472981584689570e+01
1.409699677498181813e+01
1.405358856222630948e+01
1.401423764385401860e+01
1.397869328535939282e+01
1.394672277227381763e+01
1.391811210382052444e+01
1.389266627786297903e+01
1.387020925727591703e+01
1.385058372098131052e+01
1.383365066116273212e+01
1.381928889306315433e+01
1.380739451900232950e+01
1.379788038314953269e+01
1.379067554567595444e+01
1.378572479722413391e+01
1.378298822827880876e+01
1.378244086291705983e+01
1.378407236263258717e+01
1.378788680252367804e+01
1.379390251800722389e+01
1.380215201803829039e+01
1.381268195698609524e+01
1.382555315330447243e+01
1.384084063898129813e+01
1.385863371745320904e+01
1.387903600136751514e+01
1.390216540445301519e+01
1.392815403798585017e+01
1.395714798062256534e+01
1.398930685375667338e+01
1.402480315805063427e+01
1.406382132673043017e+01
1.410655643911074009e+01
1.415321255351859264e+01
1.420400065116354504e+01
1.425913616116253557e+01
1.431883606570002598e+01
1.438331556640962816e+01
1.445278424321525357e+01
1.452744158185166512e+01
1.460747163080710287e+01
1.469303644378814155e+01
1.478426786003212534e+01
1.488125714830012924e+01
1.498404209227563122e+01
1.509259131543304377e+01
1.520678590229113780e+01
1.532639868377565939e+01
1.545107174931613336e+01
1.558029278543926921e+01
1.571337072442324967e+01
1.584941107488959133e+01
1.598729140297540674e+01
1.612563797956159206e+01
1.626280569143198562e+01
1.639686450430148668e+01
1.652559624457348875e+01
1.664650490789744808e+01
1.675684204691284052e+01
1.685364695686136116e+01
1.693380070352286282e+01
1.699409424190570306e+01
1.703131279092037431e+01
1.704233896900991496e+01
1.702427483275900855e+01
1.697457812148067902e+01
1.689120288629365163e+01
1.677273168328351005e+01
1.661848636503767551e+01
1.642860635947794989e+01
1.620408635932356134e+01
1.594676988141263685e+01
1.565930167208249557e+01
1.534504857342443529e+01
1.500800086529609345e+01
1.465266260116124286e+01
1.428393484606877628e+01
1.390699520395728861e+01
1.352717775167849190e+01
1.314985520908304117e+01
1.278032446916031972e+01
1.242370401261019985e+01
1.208485448969228315e+01
1.176831257188823265e+01
1.147820859757669609e+01
1.121816722978557301e+01
1.099122627453855117e+01
1.079978672092106251e+01
1.064558601113583336e+01
1.052968470448018934e+01
1.045244367465891600e+01
1.041351719306053525e+01
1.041191031185741878e+01
1.044607342219969226e+01
1.051399332336345616e+01
1.061325788451595109e+01
1.074109910799840684e+01
1.089447666983001284e+01
1.107019557367131135e+01
1.126500098563822228e+01
1.147564555764710903e+01
1.169893862860411460e+01
1.193178391033503338e+01
1.217121743070995699e+01
1.241444711972675741e+01
1.265888620353964988e+01
