1.568500249149465731e+01
1.560761216631611781e+01
1.553399779538959180e+01
1.546427462901208116e+01
1.539850528699350463e+01
1.533671076120228349e+01
1.527887964364465390e+01
1.522497578904273574e+01
1.517494464077897298e+01
1.512871843812044403e+01
1.508622047687622292e+01
1.504736859647362834e+01
1.501207802873360109e+01
1.498026371127296841e+01
1.495184216077141848e+01
1.492673298251283498e+01
1.490486007966533855e+01
1.488615260786819938e+01
1.487054571655203894e+01
1.485798111559341272e+01
1.484840749210808752e+01
1.484178080217326823e+01
1.483806445586472478e+01
1.483722940950196900e+01
1.483925417713889772e+01
1.484412476928459945e+01
1.485183456413693293e+01
1.486238411319288311e+01
1.487578088025318301e+01
1.489203890983201894e+01
1.491117841753655959e+01
1.493322529347613070e+01
1.495821049865628005e+01
1.498616933662195372e+01
1.501714057703949301e+01
1.505116539659045394e+01
1.508828609845772739e+01
1.512854456119608670e+01
1.517198036603237021e+01
1.521862854250726116e+01
1.526851685556416527e+01
1.532166256003813132e+01
1.537806855378079618e+01
1.543771883472446760e+01
1.550057319804521683e+01
1.556656109862704618e+01
1.563557461895456235e+01
1.570746050217079137e+01
1.578201121763987480e+01
1.585895505924344562e+01
1.593794529969614793e+01
1.601854846768635454e+01
1.610023186509783599e+01
1.618235053248340449e+01
1.626413400841324020e+01
1.634467340717550599e+01
1.642290957731725243e+01
1.649762333315824137e+01
1.656742896061989256e+01
1.663077233465271121e+01
1.668593503037420334e+01
1.673104568670536452e+01
1.676409961863522113e+01
1.678298750560812636e+01
1.678553382736953026e+01
1.676954556137297558e+01
1.673287140349480140e+01
1.667347132061248516e+01
1.658949540416765345e+01
1.647936957817861980e+01
1.634188415010644135e+01
1.617627962413840237e+01
1.598232251583833907e+01
1.576036283410607020e+01
1.551136531139201935e+01
1.523690964694913319e+01
1.493916142115583412e+01
1.462082311018051328e+01
1.428507873551774310e+01
1.393554163627960030e+01
1.357620346017560564e+01
1.321137255411956524e+01
1.284559313500884770e+01
1.248355262529576137e+01
1.212999554536509272e+01
1.178965285325596390e+01
1.146717831904510021e+01
1.116708117006777812e+01
1.089364369881005778e+01
1.065080639059422651e+01
1.044204590388736342e+01
1.027030368909047731e+01
1.013792857541745107e+01
1.004658754088825212e+01
9.997213955594515866e+00
9.989991727269881494e+00
1.002433352361654606e+01
1.009891440400050655e+01
1.021178692829666801e+01
1.036047176383552504e+01
1.054198490170672464e+01
1.075291066090789016e+01
1.098953803745169999e+01
1.124799649632540621e+01
1.152435090437164078e+01
1.181466033046499398e+01
1.211503150186816669e+01
1.242167643584341263e+01
1.273096567114703781e+01
1.303947609849049982e+01
1.334403658288481864e+01
1.364176777976443411e+01
1.393010944953758745e+01
1.420683386260798819e+01
1.447005027090704132e+01
1.471820652388295159e+01
1.495009057183865764e+01
1.516483019019411316e+01
1.536188714967007840e+01
1.554104268123696642e+01
1.570237330135583420e+01
1.584621834807229668e+01
1.597314192233435293e+01
1.608389228866046494e+01
1.617936136459621110e+01
1.626054620832358921e+01
1.632851372946997515e+01
1.638436932568953353e+01
1.642922979353386737e+01
1.646420062022094299e+01
1.649035758745371183e+01
1.650873247684080880e+01
1.652030255241268364e+01
1.652598340886438066e+01
1.652662471740380212e+01
1.652300838161036722e+01
1.651584862676995158e+01
1.650579358141820308e+01
1.649342795945469575e+01
1.647927650800545152e+01
1.646380794507250656e+01
1.644743916570719833e+01
1.643053954465317190e+01
1.641343520602723061e+01
1.639641316291254824e+01
1.637972525970733884e+01
1.636359187000739723e+01
1.634820531965235091e+01
1.633373301840500602e+01
1.632032029139501006e+01
1.630809290737645156e+01
1.629715930771048349e+01
1.628761253997809888e+01
1.627953190346262957e+01
1.627298431173188931e+01
1.626802537816007899e+01
1.626470022870812571e+01
1.626304404382332436e+01
1.626308232893347139e+01
1.626483090989212954e+01
1.626829564642963888e+01
1.627347185334348723e+01
1.628034341564254106e+01
1.628888158037333511e+01
1.629904340469140678e+01
1.631076983672392444e+01
1.632398340358321676e+01
1.633858547982794107e+01
1.635445310977447164e+01
1.637143535985666176e+01
1.638934918280614639e+01
1.640797478298388512e+01
1.642705048609395746e+01
1.644626713294540465e+01
1.646526204353377310e+01
1.648361262796805349e+01
1.650082975783035621e+01
1.651635106039122647e+01
1.652953435000759086e+01
1.653965147219275522e+01
1.654588290482391244e+01
1.654731353219506218e+01
1.654293008962131495e+01
1.653162086161714939e+01
1.651217830920926488e+01
1.648330540086138285e+01
1.644362651825075972e+01
1.639170388874746109e+01
1.632606051535247360e+01
1.624521047931101947e+01
1.614769718332419757e+01
1.603213954237135042e+01
1.589728523625622003e+01
1.574206899626038592e+01
1.556567278338910043e+01
1.536758394534868088e+01
1.514764741860596331e+01
1.490610885159998134e+01
1.464364688750726273e+01
1.436139407856074257e+01
1.406094640982371935e+01
1.374436167678084431e+01
1.341414783013279965e+01
1.307324438241282749e+01
1.272500104902931639e+01
1.237315422441466417e+01
1.202179327944520892e+01
1.167530431264382607e+01
1.133829299511055488e+01
1.101551213447422484e+01
1.071181334167929222e+01
1.043209478320983585e+01
1.018120080367629576e+01
9.963773111080303835e+00
9.784078546441834945e+00
9.645845243767334765e+00
9.552149540303828346e+00
9.505341324058573349e+00
9.506927625161182505e+00
9.557408182934661767e+00
9.656227268597410429e+00
9.801878432329813151e+00
9.991979644003123440e+00
1.022334859656746531e+01
1.049211061955687541e+01
1.079381107320844180e+01
1.112356232141654289e+01
1.147619339719806675e+01
1.184637313103264411e+01
1.222871917240382267e+01
1.261788600901414803e+01
1.300863327486059973e+01
1.339590038776699821e+01
1.377489827112955822e+01
1.414120115996547433e+01
1.449082040878098887e+01
1.482025994476148156e+01
1.512656363232085255e+01
1.540736042591636590e+01
1.566090319719571511e+01
1.588609161418168547e+01
1.608247033904618206e+01
1.625019853270513792e+01
1.638999222861467686e+01
1.650304548439805785e+01
1.659093864034643673e+01
1.665554214607143990e+01
1.669892315108046432e+01
1.672326015406993349e+01
1.673076888676022733e+01
1.672364074370594622e+01
1.670399377393139417e+01
1.667383541271980718e+01
1.663503572785467455e+01
1.658930988725424882e+01
1.653820855694826975e+01
1.648311495188488252e+01
1.642524728842845150e+01
1.636566543618732794e+01
1.630528064628700591e+01
1.624486732351980933e+01
1.618507595338170546e+01
1.612644645430315649e+01
1.606942138617709759e+01
1.601435860452083304e+01
1.596154307857282539e+01
1.591119770633132013e+01
1.586349304964291385e+01
1.581855597705726524e+01
1.577647725000320733e+01
1.573731811627146726e+01
1.570111599139509728e+01
1.566788932089029451e+01
1.563764171089716015e+01
1.561036541660933530e+01
1.558604426682382105e+01
1.556465610256889498e+01
1.554617479538121572e+01
1.553057190069618798e+01
1.551781799518014893e+01
1.550788374469723152e+01
1.550074073406067043e+01
1.549636208886799871e+01
1.549472291282159198e+01
1.549580055828719871e+01
1.549957474279264069e+01
1.550602752026320097e+01
1.551514311111931477e+01
1.552690759102200957e+01
1.554130843360296765e+01
1.555833390191354049e+01
1.557797227397788475e+01
1.560021088664195155e+01
1.562503497897811933e+01
1.565242631203107848e+01
1.568236153424000001e+01
1.571481026086589772e+01
1.574973282976850086e+01
1.578707769649594184e+01
1.582677842500828902e+01
1.586875022719796036e+01
1.591288600736758418e+01
1.595905186970359857e+01
1.600708204494499398e+01
1.605677320531194496e+01
1.610787814728065825e+01
1.616009883542608350e+01
1.621307883102544878e+01
1.626639515900245669e+01
1.631954971999264004e+01
1.637196041627414900e+01
1.642295224999250536e+01
1.647174875722221543e+01
1.651746426884830399e+01
1.655909762875768010e+01
1.659552813714552855e+01
1.662551459047696767e+01
1.664769834407532301e+01
1.666061129244513950e+01
1.666268954473879305e+01
1.665229338475464260e+01
1.662773389559243853e+01
1.658730649378938438e+01
1.652933156907296564e+01
1.645220240458401051e+01
1.635444038070130901e+01
1.623475686565033627e+01
1.609211988683870942e+01
1.592582170006711983e+01
1.573554138601739361e+01
1.552139568808851244e+01
1.528397248955864285e+01
1.502434467572099841e+01
1.474406645335422006e+01
1.444515697656243525e+01
1.413007604913841142e+01
1.380169435188158822e+01
1.346325847899079520e+01
1.311835075211113377e+01
1.277084364841342534e+01
1.242484660054325651e+01
1.208464173302614064e+01
1.175461219244263766e+01
1.143917725728310941e+01
1.114273831274004856e+01
1.086960839541430879e+01
1.062390664596889778e+01
1.040945617591223638e+01
1.022970122324188225e+01
1.008758799838228448e+01
9.985439163175056976e+00
9.924919962893369529e+00
9.907030144285256412e+00
9.931994543005332687e+00
9.999187944354961388e+00
1.010725620516732448e+01
1.025422974033843815e+01
1.043752046360287089e+01
1.065396251926822302e+01
1.089995103425630241e+01
1.117157833225331665e+01
1.146472162385718363e+01
1.177512949648465401e+01
1.209851375041667865e+01
1.243061651861912509e+01
1.276726196616244735e+01
1.310441733238696393e+01
1.343826056786883605e+01
1.376523714523576913e+01
1.408210001547340440e+01
1.438593970947445655e+01
1.467421238032220998e+01
1.494476726643873477e+01
1.519587033292600786e+01
1.542622010886698547e+01
1.563495284562127274e+01
1.582163521254330441e+01
1.598624352713357233e+01
1.612912958410437980e+01
1.625097477005999380e+01
1.635273581779158292e+01
1.643558660090844370e+01
1.650086030558866668e+01
1.654999550300904332e+01
1.658448827348169274e+01
1.660585133905612309e+01
1.661558026535558596e+01
1.661512629068064228e+01
1.660587516236048344e+01
1.658913136804582678e+01
1.656610718859923637e+01
1.653791602467039823e+01
1.650556944532249304e+01
1.646997738315080184e+01
1.643195088127903958e+01
1.639220679432866490e+01
1.635137387474705406e+01
1.630999973569932138e+01
1.626855825606753214e+01
1.622745708252821828e+01
1.618704496871842125e+01
1.614761876816179864e+01
1.610942996330634358e+01
1.607269066602375673e+01
1.603757906268814537e+01
1.600424430692284261e+01
1.597281088013149208e+01
1.594338245167343793e+01
1.591604527588536122e+01
1.589087116679306178e+01
1.586792008809730525e+01
1.584724239614897279e+01
1.582888076871141259e+01
1.581287185191244049e+01
1.579924765057255875e+01
1.578803668318807318e+01
1.577926492255225632e+01
1.577295653470540593e+01
1.576913442733594017e+01
1.576782061479194041e+01
1.576903640238296767e+01
1.577280238872308082e+01
1.577913828029899435e+01
1.578806250860011318e+01
1.579959163522539178e+01
1.581373952540746153e+01
1.583051626519570476e+01
1.584992679195419463e+01
1.587196920170399395e+01
1.589663269012662994e+01
1.592389508065580372e+01
1.595371988269118724e+01
1.598605282147604889e+01
1.602081777612581703e+01
1.605791205755003404e+01
1.609720096220465635e+01
1.613851154158940560e+01
1.618162553939987447e+01
1.622627146734468795e+01
1.627211582134162171e+01
1.631875348597364095e+01
1.636569743247293474e+01
1.641236789505771654e+01
1.645808130526479474e+01
1.650203937977550694e+01
1.654331888420990637e+01
1.658086273768356378e+01
1.661347326238304589e+01
1.663980851512650361e+01
1.665838273818031823e+01
1.666757204363566558e+01
1.666562647825834631e+01
1.665068959423044959e+01
1.662082657222532944e+01
1.657406180984743926e+01
1.650842666896122779e+01
1.642201771155895074e+01
1.631306510725761427e+01
1.618000992472786237e+01
1.602158752960710686e+01
1.583691231842913183e+01
1.562555695075532824e+01
1.538761784910779085e+01
1.512375927827195277e+01
1.483523178105232887e+01
1.452386669319445289e+01
1.419205436003030130e+01
1.384271552725882870e+01
1.347927051697366174e+01
1.310560197918813863e+01
1.272600227252932825e+01
1.234510299462373162e+01
1.196779648640580085e+01
1.159916149451870382e+01
1.124439247839418243e+01
1.090872386352945789e+01
1.059734816278127845e+01
1.031531877119372353e+01
1.006740902888422617e+01
9.857945900353927371e+00
9.690672171628003539e+00
9.568621352979610251e+00
9.494016789280971480e+00
9.468208110489424456e+00
9.491546981693407048e+00
9.563311659265144371e+00
9.681812768759089138e+00
9.844538389747775398e+00
1.004822712486616076e+01
1.028895873400076155e+01
1.056229753420970496e+01
1.086345041798402633e+01
1.118743318143515886e+01
1.152920902107761414e+01
1.188376860156983561e+01
1.224618763698770252e+01
1.261169944358452710e+01
1.297577394367178982e+01
1.333418435273435421e+01
1.368306045791802283e+01
