1.380085501078068688e+01
1.395269988696215613e+01
1.412048844296910843e+01
1.430422725715819254e+01
1.450356206353282751e+01
1.471771534627077394e+01
1.494542531271660124e+01
1.518488787313287780e+01
1.543370585393907390e+01
1.568885338721972644e+01
1.594666552341283250e+01
1.620286076808082498e+01
1.645259814089513029e+01
1.669056622303806492e+01
1.691110485386538542e+01
1.710836598031572464e+01
1.727651866755927657e+01
1.740999256350183799e+01
1.750374304403936421e+01
1.755351669077135668e+01
1.755609599497590878e+01
1.750950330296929280e+01
1.741314486629849867e+01
1.726787749449122344e+01
1.707598572511594526e+01
1.684106977784400527e+01
1.656786135072080057e+01
1.626199544985214729e+01
1.592976403305051569e+01
1.557786711593912088e+01
1.521317206334256689e+01
1.484249305352101445e+01
1.447239844501000050e+01
1.410904462115908409e+01
1.375803724557759722e+01
1.342432823236886286e+01
1.311214431881532150e+01
1.282493493376857074e+01
1.256535792061363743e+01
1.233531982097108504e+01
1.213601595037539660e+01
1.196792898261719174e+01
1.183085649194498856e+01
1.172402495200250172e+01
1.164622541591755756e+01
1.159589723430066677e+01
1.157117879418805373e+01
1.156997435968268739e+01
1.159004085125983430e+01
1.162906429123075469e+01
1.168470886460671565e+01
1.175465046555446413e+01
1.183661522593342674e+01
1.192842696449552520e+01
1.202804959694315556e+01
1.213361200735535483e+01
1.224341537399210722e+01
1.235593102908403473e+01
1.246979597136670925e+01
1.258380831238488184e+01
1.269692192009882525e+01
1.280823923717108848e+01
1.291700214883728570e+01
1.302258149487298589e+01
1.312446592938755963e+01
1.322225057668054760e+01
1.331562569163306442e+01
1.340436540514402886e+01
1.348831666049945177e+01
1.356738848988502255e+01
1.364154182601196297e+01
1.371078001954242964e+01
1.377514021522859622e+01
1.383468565742543532e+01
1.388949896502558090e+01
1.393967634448327075e+01
1.398532268847295512e+01
1.402654748438966337e+01
1.406346143905473056e+01
1.409617373157236742e+01
1.412478980588095112e+01
1.414940962271002611e+01
1.417012629821801717e+01
1.418702506614379466e+01
1.420018251158733946e+01
1.420966603096541014e+01
1.421553348260224503e+01
1.421783299882743101e+01
1.421660293840149336e+01
1.421187196402288855e+01
1.420365923557118748e+01
1.419197471514172371e+01
1.417681958489049343e+01
1.415818678302034073e+01
1.413606166852186341e+01
1.411042282968908523e+01
1.408124305285951472e+01
1.404849047560446706e+01
1.401212994981428039e+01
1.397212464260032583e+01
1.392843790827703288e+01
1.388103546240413877e+01
1.382988789881805936e+01
1.377497358597185162e+01
1.371628198170187751e+01
1.365381741588814712e+01
1.358760338346828433e+01
1.351768739325539670e+01
1.344414642367538626e+01
1.336709300042940818e+01
1.328668190368118829e+01
1.320311742438505753e+01
1.311666102425995106e+01
1.302763912824326198e+01
1.293645069718180807e+01
1.284357418495719472e+01
1.274957358506353167e+01
1.265510356854933960e+01
1.256091413876634277e+01
1.246785554510732830e+01
1.237688411759135754e+01
1.228906887930879321e+01
1.220559751833383366e+01
1.212777922298837474e+01
1.205704212027211142e+01
1.199492480091784508e+01
1.194306271755654691e+01
1.190316915702432432e+01
1.187700960042270104e+01
1.186637092875694321e+01
1.187302998296455669e+01
1.189872182814601587e+01
1.194509998944508489e+01
1.201368532591092375e+01
1.210581273992126583e+01
1.222258005945106873e+01
1.236478642965410835e+01
1.253285343507780070e+01
1.272674982483404449e+01
1.294594102509734590e+01
1.318935205436804559e+01
1.345532412747514961e+01
1.374157293060193652e+01
1.404517080339431168e+01
1.436255816461995671e+01
1.468957581661787337e+01
1.502151421381778640e+01
1.535318198210709184e+01
1.567899788339248701e+01
1.599311133546691366e+01
1.628955505399120440e+01
1.656242837680620994e+01
1.680610439666476452e+01
1.701545087237163756e+01
1.718605281768887849e+01
1.731442144165866637e+01
1.739817032008187425e+01
1.743613851117327584e+01
1.742844423995508407e+01
1.737646135310709639e+01
1.728272133501220864e+01
1.715075318429122930e+01
1.698487966294101525e+01
1.678999060506326302e+01
1.657131296770995732e+01
1.633419469843012450e+01
1.608391564724336931e+01
1.582553277849744866e+01
1.556375951615858000e+01
1.530287392315727146e+01
1.504665110036022746e+01
1.479832014649437433e+01
1.456054892231192355e+01
1.433545673793069319e+01
1.412464805027728687e+01
1.392925618587234382e+01
1.374998911479487695e+01
1.358717564186739324e+01
1.344081398263892346e+01
1.331062332608570209e+01
1.319609558467983135e+01
1.309654387594918212e+01
1.301114645069863940e+01
1.293898652215897904e+01
1.287908811109641860e+01
1.283044688415304435e+01
1.279205461475586425e+01
1.276291702496803993e+01
1.274206636899322831e+01
1.272857071030039933e+01
1.272154147747574093e+01
1.272014004005529664e+01
1.272358324385848505e+01
1.273114742253315868e+01
1.274217043105340252e+01
1.275605154901933780e+01
1.277224946048834653e+01
1.279027879139351853e+01
1.280970576707329656e+01
1.283014351328337810e+01
1.285124740877310323e+01
1.287271074210650745e+01
1.289426079529047975e+01
1.291565536091555089e+01
1.293667966140294645e+01
1.295714358922002951e+01
1.297687920756940549e+01
1.299573846433503732e+01
1.301359107027182915e+01
1.303032253387797113e+01
1.304583234526428015e+01
1.306003230390934888e+01
1.307284499926188204e+01
1.308420244880355909e+01
1.309404489726826526e+01
1.310231978051975865e+01
1.310898085397786694e+01
1.311398748564412386e+01
1.311730411394577800e+01
1.311889987208898312e+01
1.311874837557509466e+01
1.311682767674546568e+01
1.311312038954722148e+01
1.310761399025480856e+01
1.310030130165848128e+01
1.309118117100035050e+01
1.308025935510705651e+01
1.306754962923014673e+01
1.305307513498459393e+01
1.303686999148334991e+01
1.301898119247618979e+01
1.299947081298022589e+01
1.297841854545648843e+01
1.295592459290373810e+01
1.293211292897787423e+01
1.290713494789736160e+01
1.288117348774653692e+01
1.285444722585271649e+01
1.282721543102966244e+01
1.279978303231572490e+01
1.277250599780358264e+01
1.274579700633526258e+01
1.272013142423821108e+01
1.269605358549051033e+01
1.267418331572645052e+01
1.265522246027364162e+01
1.263996085585429618e+01
1.262928084178837196e+01
1.262415913148795710e+01
1.262566490113268181e+01
1.263495348320035916e+01
1.265325599678820723e+01
1.268186598419762134e+01
1.272212389460228898e+01
1.277539872338209648e+01
1.284306422634459111e+01
1.292646589465691953e+01
1.302687630081669035e+01
1.314544077180666370e+01
1.328311911436219539e+01
1.344062763333432819e+01
1.361837873062633086e+01
1.381641145340332599e+01
1.403431398484291392e+01
1.427114854901526897e+01
1.452538704860212704e+01
1.479485769530009165e+01
1.507670380205810190e+01
1.536736306027307641e+01
1.566257667502983963e+01
1.595743248101603484e+01
1.624644206942490854e+01
1.652365269471555820e+01
1.678279793820353305e+01
1.701749083094239268e+01
1.722145766793734722e+01
1.738880354589353061e+01
1.751429433335222541e+01
1.759363491797795831e+01
1.762372025589427693e+01
1.760283398997817272e+01
1.753077016779993968e+01
1.740885964585712742e+01
1.723989579445111531e+01
1.702797088561886341e+01
1.677824808943008605e+01
1.649669855235119087e+01
1.618982800890955787e+01
1.586440864702729137e+01
1.552722770648409067e+01
1.518486590531687241e+01
1.484351641377084974e+01
1.450884324454894170e+01
1.418587145341767908e+01
1.387891151012867397e+01
1.359152403834147194e+01
1.332651414817948243e+01
1.308594153232358970e+01
1.287115388956383022e+01
1.268284612296666580e+01
1.252112347075728849e+01
1.238556234634025977e+01
1.227529094731820969e+01
1.218909276364125560e+01
1.212550098418573263e+01
1.208286037578972660e+01
1.205937114555052148e+01
1.205314059432982532e+01
1.206224415441325704e+01
1.208477690904227764e+01
1.211888587733592360e+01
1.216279158435557939e+01
1.221480946405468515e+01
1.227337168033561099e+01
1.233704344651176221e+01
1.240452998194140477e+01
1.247467530606551200e+01
1.254645621108989140e+01
1.261897418939933857e+01
1.269144677247410691e+01
1.276319875974629703e+01
1.283365345797336232e+01
1.290232396156811312e+01
1.296880456391955505e+01
1.303276237241576929e+01
1.309392919806977851e+01
1.315209377445907357e+01
1.320709437343257875e+01
1.325881187369279779e+01
1.330716332803341828e+01
1.335209607007072563e+01
1.339358237482804803e+01
1.343161468403148717e+01
1.346620139347571410e+01
1.349736317193722535e+01
1.352512978150597611e+01
1.354953737040215955e+01
1.357062619746157672e+01
1.358843873736561569e+01
1.360301813481648914e+01
1.361440696786346116e+01
1.362264628466501648e+01
1.362777488633983580e+01
1.362982883027043535e+01
1.362884113318954249e+01
1.362484165828678861e+01
1.361785717501972037e+01
1.360791158467642781e+01
1.359502630904072262e+01
1.357922084295358722e+01
1.356051347315945499e+01
1.353892217777886309e+01
1.351446571171359778e+01
1.348716489382848316e+01
1.345704412051809307e+01
1.342413312344021392e+01
1.338846899300289017e+01
1.335009848968732271e+01
1.330908067891969182e+01
1.326548990475125933e+01
1.321941910494416739e+01
1.317098348203484903e+01
1.312032449536502554e+01
1.306761411989458033e+01
1.301305929684570728e+01
1.295690645801291652e+01
1.289944602238344729e+01
1.284101678964217186e+01
1.278201024983709289e+01
1.272287498427983543e+01
1.266412147053227599e+01
1.260632768028423811e+01
1.255014568445735001e+01
1.249630901865228338e+01
1.244563988259594822e+01
1.239905464497861587e+01
1.235756602877052757e+01
1.232228113976750628e+01
1.229439568311310538e+01
1.227518541720033340e+01
1.226599504234364879e+01
1.226822327655879263e+01
1.228330286966641793e+01
1.231267579792958955e+01
1.235776572959998099e+01
1.241994903521886862e+01
1.250052167359407385e+01
1.260065670498141621e+01
1.272135031968765873e+01
1.286336015374129538e+01
1.302714391053478060e+01
1.321280354205024743e+01
1.342003200698064447e+01
1.364805754079424105e+01
1.389558776132285267e+01
1.416076242846192557e+01
1.444112144511082363e+01
1.473358945241413842e+01
1.503448001122049327e+01
1.533952482458262168e+01
1.564393002120293197e+01
1.594245749655759070e+01
1.622953112634009898e+01
1.649937241251833697e+01
1.674617035597806947e+01
1.696428433816814163e+01
1.714847123922972472e+01
1.729412250318095090e+01
1.739749369727806538e+01
1.745590700711776933e+01
1.746790578670496075e+01
1.743334168507146842e+01
1.735338147461927250e+01
1.723043221468959629e+01
1.706799562796980396e+01
1.687047064490702653e+01
1.664292543148425096e+01
1.639085911652388816e+01
1.611997155035783535e+01
1.583595659000153688e+01
1.554432867680312746e+01
1.525028405219541483e+01
1.495859154427602178e+01
1.467350825714611418e+01
1.439872058721964443e+01
1.413731363343931413e+01
1.389176853680610080e+01
1.366398188569699812e+01
1.345530015211432762e+01
1.326656429576711638e+01
1.309816165357511508e+01
1.295008210039093477e+01
1.282197420333619142e+01
1.271319910700820088e+01
1.262288395673614438e+01
1.254997692021357558e+01
1.249330168358329018e+01
1.245160460070274233e+01
1.242358973429351288e+01
1.240794394152831259e+01
1.240335802732269599e+01
1.240854787857320218e+01
1.242227496170073486e+01
1.244336304945389671e+01
1.247070913081541477e+01
1.250328920076053230e+01
1.254016093421576983e+01
1.258046476654219070e+01
1.262342376655606735e+01
1.266834195153162668e+01
1.271460071117444812e+01
1.276165348294090407e+01
1.280901926694193982e+01
1.285627576069539835e+01
1.290305280028279888e+01
1.294902649574174447e+01
1.299391418586920821e+01
1.303747012177532838e+01
1.307948171359176470e+01
1.311976615612113761e+01
1.315816729473750080e+01
1.319455263639862963e+01
1.322881047061596327e+01
1.326084710036084324e+01
1.329058420584335209e+01
1.331795636536401872e+01
1.334290875640327911e+01
1.336539507175636388e+01
1.338537564825342940e+01
1.340281581940763722e+01
1.341768448392259039e+01
1.342995289348274390e+01
1.343959364862818617e+01
1.344657989182891455e+01
1.345088468590945574e+01
1.345248058033592642e+01
1.345133936021250420e+01
1.344743197483314390e+01
1.344072865253604654e+01
1.343119920950843138e+01
1.341881356493002464e+01
1.340354247687034217e+01
1.338535851962109646e+01
1.336423733254736668e+01
1.334015915792376994e+01
1.331311070080321102e+01
1.328308734519144352e+01
1.325009576014593549e+01
1.321415691531626102e+01
1.317530953318398801e+01
1.313361398874940456e+01
1.308915667147340756e+01
1.304205478371184412e+01
1.299246155379738532e+01
1.294057182965110719e+01
1.288662800676668319e+01
1.283092626926432800e+01
1.277382316433069320e+01
1.271574258978620264e+01
1.265718338044314883e+01
