1.290217697793005769e+01
1.314220720590568448e+01
1.337712111623245725e+01
1.360532473557836219e+01
1.382548458377610423e+01
1.403651947452101467e+01
1.423758661949560533e+01
1.442806413791693743e+01
1.460753193754142210e+01
1.477575227756884679e+01
1.493265056086394260e+01
1.507829636119475403e+01
1.521288450791142033e+01
1.533671616571972507e+01
1.545018005540287120e+01
1.555373414249254260e+01
1.564788821493763926e+01
1.573318776569408328e+01
1.581019951884845121e+01
1.587949882168057236e+01
1.594165899073335346e+01
1.599724259552035477e+01
1.604679456481281363e+01
1.609083694488395366e+01
1.612986510474352997e+01
1.616434516878392458e+01
1.619471246310870427e+01
1.622137077333020017e+01
1.624469223494060799e+01
1.626501769723141777e+01
1.628265742568242302e+01
1.629789203051651114e+01
1.631097352691591595e+01
1.632212645059945189e+01
1.633154896700054337e+01
1.633941392427640693e+01
1.634586980989732652e+01
1.635104157888202536e+01
1.635503132864349496e+01
1.635791879912479274e+01
1.635976168207612602e+01
1.636059572569512355e+01
1.636043462345031685e+01
1.635926967809048804e+01
1.635706923381969702e+01
1.635377787143620054e+01
1.634931536415185960e+01
1.634357539457182540e+01
1.633642403736906346e+01
1.632769801744443683e+01
1.631720276025687610e+01
1.630471026081521302e+01
1.628995680792661460e+01
1.627264061743792922e+01
1.625241944504909242e+01
1.622890827264873437e+01
1.620167719045009491e+01
1.617024963030618778e+01
1.613410114141318630e+01
1.609265894266316366e+01
1.604530253165067677e+01
1.599136566983431429e+01
1.593014010466798780e+01
1.586088141176541200e+01
1.578281734451522489e+01
1.569515904270962992e+01
1.559711538151173471e+01
1.548791060209316228e+01
1.536680519000584333e+01
1.523311973268833341e+01
1.508626124958055215e+01
1.492575126524955564e+01
1.475125476735302854e+01
1.456260921750095250e+01
1.435985294590999573e+01
1.414325255016682448e+01
1.391332927066464364e+01
1.367088452144657573e+01
1.341702454401819011e+01
1.315318338786817343e+01
1.288114192083635778e+01
1.260303867987466475e+01
1.232136719996048235e+01
1.203895602419794209e+01
1.175893354004679914e+01
1.148468899443447988e+01
1.121984438202306933e+01
1.096823681654619520e+01
1.073388683665417531e+01
1.052093230008252078e+01
1.033353628706754535e+01
1.017577760969965261e+01
1.005151892922156343e+01
9.964261076074402368e+00
9.917033107815530713e+00
9.912321107416232735e+00
9.951922558632453786e+00
1.003679618969681897e+01
1.016701422395922627e+01
1.034175309923089614e+01
1.055928803658413351e+01
1.081700947142382674e+01
1.111151898972481789e+01
1.143876787255797822e+01
1.179413083650035965e+01
1.217244788785290766e+01
1.256812967800156500e+01
1.297531798925014535e+01
1.338802860574716824e+01
1.380025019493960059e+01
1.420603318106157431e+01
1.459960304297750078e+01
1.497549766308863006e+01
1.532870860935113910e+01
1.565481131452445140e+01
1.595007892069761191e+01
1.621157619996093047e+01
1.643722833380157766e+01
1.662586000545745435e+01
1.677720083939790996e+01
1.689185311618485841e+01
1.697121856468440271e+01
1.701738537983028010e+01
1.703298429448060602e+01
1.702102975874586122e+01
1.698476509975591142e+01
1.692752638277832489e+01
1.685263112530072505e+01
1.676329045679489127e+01
1.666254025000659311e+01
1.655318795019366718e+01
1.643777414258097380e+01
1.631854914031694292e+01
1.619746442916109430e+01
1.607617743759266915e+01
1.595606679136433392e+01
1.583825472745389895e+01
1.572363350870123533e+01
1.561289330305783984e+01
1.550654976815630981e+01
1.540497024453945585e+01
1.530839792751564055e+01
1.521697371430242640e+01
1.513075559887247046e+01
1.504973563838519368e+01
1.497385458518648882e+01
1.490301433157688749e+01
1.483708836046266555e+01
1.477593040718103801e+01
1.471938156239772333e+01
1.466727602963377564e+01
1.461944574191283941e+01
1.457572402745137019e+01
1.453594848414490670e+01
1.449996321060956284e+01
1.446762051162146001e+01
1.443878217823524501e+01
1.441332043057733792e+01
1.439111858991384985e+01
1.437207153636341950e+01
1.435608600088285414e+01
1.434308073268528894e+01
1.433298656652117131e+01
1.432574642033804935e+01
1.432131524153674462e+01
1.431965991623458478e+01
1.432075915324006488e+01
1.432460334878639330e+01
1.433119443552292438e+01
1.434054571542098522e+01
1.435268167166304210e+01
1.436763775345372807e+01
1.438546011844062278e+01
1.440620531349995481e+01
1.442993987684149815e+01
1.445673982985777783e+01
1.448669002222131752e+01
1.451988329560999880e+01
1.455641942465613248e+01
1.459640378939582916e+01
1.463994572803055405e+01
1.468715653187129888e+01
1.473814704504114736e+01
1.479302483124367207e+01
1.485189088446604089e+01
1.491483585570788861e+01
1.498193576630186641e+01
1.505324714669516695e+01
1.512880150449043981e+01
1.520859895808791507e+01
1.529260079508318881e+01
1.538072063634168352e+01
1.547281384247919434e+01
1.556866481162068894e+01
1.566797191646691978e+01
1.577033008170138473e+01
1.587521135738427880e+01
1.598194429508095205e+01
1.608969334967991927e+01
1.619743982155105755e+01
1.630396589969894805e+01
1.640784317653011826e+01
1.650742666959963501e+01
1.660085511991558960e+01
1.668605833933862570e+01
1.676077274209217904e+01
1.682256668447369208e+01
1.686887753079037466e+01
1.689706217060408378e+01
1.690446195728311096e+01
1.688848204486205873e+01
1.684668417145430652e+01
1.677689054643657940e+01
1.667729456553481171e+01
1.654657155793864476e+01
1.638398010936285232e+01
1.618944315601057582e+01
1.596359919866631571e+01
1.570781765328188229e+01
1.542417817306225558e+01
1.511541969978984667e+01
1.478486872172608457e+01
1.443635768245979811e+01
1.407414292101737630e+01
1.370282474463586198e+01
1.332726203976019441e+01
1.295247084955444272e+01
1.258351124088850348e+01
1.222538670836167540e+01
1.188297300690741132e+01
1.156095725802381402e+01
1.126375752435810007e+01
1.099542554871994504e+01
1.075954333342117408e+01
1.055912110989978636e+01
1.039654001470263367e+01
1.027353086820938977e+01
1.019111808836547439e+01
1.014957064929808972e+01
1.014841939672658278e+01
1.018651505485351016e+01
1.026211010374349186e+01
1.037293078675710944e+01
1.051623953926611321e+01
1.068890960647840416e+01
1.088752648399881373e+01
1.110851107808892735e+01
1.134822029513839503e+01
1.160301759525459708e+01
1.186933070179507688e+01
1.214369782031751832e+01
1.242280534183194085e+01
1.270352635695319599e+01
1.298296149369027042e+01
1.325847484259857545e+01
1.352771877983573390e+01
1.378864682150659959e+01
1.403951689223075761e+01
1.427888787674891269e+01
1.450561156080258840e+01
1.471882124843890516e+01
1.491791780559709579e+01
1.510255333588191817e+01
1.527261229514726359e+01
1.542818979406058411e+01
1.556956709697525199e+01
1.569718478589259902e+01
1.581161451811169805e+01
1.591353058454710734e+01
1.600368248792504033e+01
1.608286961129548231e+01
1.615191871613431474e+01
1.621166469329146409e+01
1.626293467906047496e+01
1.630653541548742069e+01
1.634324358141940792e+01
1.637379873758462523e+01
1.639889849910233011e+01
1.641919555781641549e+01
1.643529620458283702e+01
1.644776004078182652e+01
1.645710060962309740e+01
1.646378671843750041e+01
1.646824425925430901e+01
1.647085836765939604e+01
1.647197578887525893e+01
1.647190734350255070e+01
1.647093040639557771e+01
1.646929132985789579e+01
1.646720775637417589e+01
1.646487077898743578e+01
1.646244691685187433e+01
1.646007988153948887e+01
1.645789211522033568e+01
1.645598608718496436e+01
1.645444533779494023e+01
1.645333526091541643e+01
1.645270361752338317e+01
1.645258077294420929e+01
1.645297965030510312e+01
1.645389539222532349e+01
1.645530472202661798e+01
1.645716499511599551e+01
1.645941293046696074e+01
1.646196301258186878e+01
1.646470555503299238e+01
1.646750441869628645e+01
1.647019438159145110e+01
1.647257816250284890e+01
1.647442310899284124e+01
1.647545757179287662e+01
1.647536700257555253e+01
1.647378983202937164e+01
1.647031321003904125e+01
1.646446872072380430e+01
1.645572822187856232e+01
1.644350000271292345e+01
1.642712550345506273e+01
1.640587689645018799e+01
1.637895588733380592e+01
1.634549415647789417e+01
1.630455592088148364e+01
1.625514314762311585e+01
1.619620398684844886e+01
1.612664500971899528e+01
1.604534780963272667e+01
1.595119045833465421e+01
1.584307416185316342e+01
1.571995522171773452e+01
1.558088202772544939e+01
1.542503629931558962e+01
1.525177714104063575e+01
1.506068575692298239e+01
1.485160806942021239e+01
1.462469227398270988e+01
1.438041887701929866e+01
1.411962220982937133e+01
1.384350455913185840e+01
1.355364608325519526e+01
1.325201403552810930e+01
1.294097200184133811e+01
1.262328417088977162e+01
1.230210465598531400e+01
1.198094373258233603e+01
1.166361411283634020e+01
1.135417364924295747e+01
1.105688045721912971e+01
1.077615891417487326e+01
1.051655822801695805e+01
1.028267744897949143e+01
1.007903158428248602e+01
9.909879883090134456e+00
9.779081468476778838e+00
9.689980048096986209e+00
9.645300115633224536e+00
9.647040457226506049e+00
9.696302432203752986e+00
9.793189917118061416e+00
9.936850177217122493e+00
1.012551575604147480e+01
1.035655320208858043e+01
1.062654334354036401e+01
1.093139561622004230e+01
1.126647481953449059e+01
1.162670185355288410e+01
1.200666490965131494e+01
1.240075844898596635e+01
1.280330374364808854e+01
1.320863533967339976e+01
1.361118311072257470e+01
1.400557023891935771e+01
1.438672118210990902e+01
1.474996665237423876e+01
1.509113919349183952e+01
1.540665779813966729e+01
1.569360031662433563e+01
1.594976155148519759e+01
1.617369303715863893e+01
1.636471765443971194e+01
1.652291151916356782e+01
1.664904963701536644e+01
1.674451929113283910e+01
1.681121070270759787e+01
1.685139635484786425e+01
1.686760954727337491e+01
1.686253059570659474e+01
1.683888682209780185e+01
1.679936982392407430e+01
1.674657073718733358e+01
1.668293224715956669e+01
1.661071508543907882e+01
1.653197652091696668e+01
1.644855867978489883e+01
1.636208498455450666e+01
1.627396333770033721e+01
1.618539483860346095e+01
1.609738687446559524e+01
1.601076942526890079e+01
1.592621336564988965e+01
1.584424966406661639e+01
1.576528849458096992e+01
1.568963749542425745e+01
1.561751863013985719e+01
1.554908333098004825e+01
1.548442579129502583e+01
1.542359442022792315e+01
1.536660157163353624e+01
1.531343170392741193e+01
1.526404817274463177e+01
1.521839884030335988e+01
1.517642068134373545e+01
1.513804355958093595e+01
1.510319330326072595e+01
1.507179420221346966e+01
1.504377102928390642e+01
1.501905067236134883e+01
1.499756343530446934e+01
1.497924406995215385e+01
1.496403258381610435e+01
1.495187485934606109e+01
1.494272311651249296e+01
1.493653624272331015e+01
1.493328000891748530e+01
1.493292718660477902e+01
1.493545757681572006e+01
1.494085795805908035e+01
1.494912195705514080e+01
1.496024984284149539e+01
1.497424824063731030e+01
1.499112975912356482e+01
1.501091252014485633e+01
1.503361957552061945e+01
1.505927819454316285e+01
1.508791899282803861e+01
1.511957487596467331e+01
1.515427976673444910e+01
1.519206706814434682e+01
1.523296782097543911e+01
1.527700849747675349e+01
1.532420838341388603e+01
1.537457647982380493e+01
1.542810785786514494e+01
1.548477941035046257e+01
1.554454492436589597e+01
1.560732941374050320e+01
1.567302265050381038e+01
1.574147183236313374e+01
1.581247334385743031e+01
1.588576357066178524e+01
1.596100876258855727e+01
1.603779397863209155e+01
1.611561120879520459e+01
1.619384686264656636e+01
1.627176895491472308e+01
1.634851449909752574e+01
1.642307782557039886e+01
1.649430075492431769e+01
1.656086572820476022e+01
1.662129310010858418e+01
1.667394383849259398e+01
1.671702883264303807e+01
1.674862583789916570e+01
1.676670490853087259e+01
1.676916308574804759e+01
1.675386893797255183e+01
1.671871726996421259e+01
1.666169385303711081e+01
1.658094932938615074e+01
1.647488040592972780e+01
1.634221506073009422e+01
1.618209701767841935e+01
1.599416302532503487e+01
1.577860485718909977e+01
1.553620766915268270e+01
1.526835883027096585e+01
1.497702729588004722e+01
1.466472136833026241e+01
1.433443776911809131e+01
1.398961234701847900e+01
1.363407251783061547e+01
1.327198145944739238e+01
1.290776474253631889e+01
1.254602313380263645e+01
1.219144700467236753e+01
1.184874283582695931e+01
1.152256819445068992e+01
1.121746720281525889e+01
1.093779507325587197e+01
1.068761011775234948e+01
1.047054750227160547e+01
1.028973550264150560e+01
1.014773589215882943e+01
1.004645162107111567e+01
9.987063495513254452e+00
9.970012364745665323e+00
9.994964961064098929e+00
1.006081626463974033e+01
1.016579658594648627e+01
1.030758430920134927e+01
1.048333311812708146e+01
