1.401893446709516589e+01
1.433878001983311457e+01
1.464004173917702545e+01
1.492065501434344377e+01
1.517905787374261450e+01
1.541419537366838632e+01
1.562551368274484354e+01
1.581293945644245902e+01
1.597684177465934496e+01
1.611797762494175146e+01
1.623742551917144539e+01
1.633651371651106032e+01
1.641674931078592437e+01
1.647975286203188361e+01
1.652720127533583394e+01
1.656077993126819692e+01
1.658214394792008051e+01
1.659288788612394328e+01
1.659452300379641443e+01
1.658846113507008724e+01
1.657600430540406222e+01
1.655833923190563794e+01
1.653653589643895572e+01
1.651154940274891203e+01
1.648422436851941342e+01
1.645530117001948511e+01
1.642542342477499773e+01
1.639514619531143325e+01
1.636494448639139776e+01
1.633522170508900118e+01
1.630631783498103715e+01
1.627851715478554340e+01
1.625205539089978046e+01
1.622712624292747563e+01
1.620388726148728509e+01
1.618246508228465075e+01
1.616296003877841159e+01
1.614545018950468602e+01
1.612999480126263663e+01
1.611663733194471604e+01
1.610540795709036388e+01
1.609632568146123077e+01
1.608940007387795745e+01
1.608463265892994443e+01
1.608201799473063787e+01
1.608154446071340260e+01
1.608319477463583524e+01
1.608694625280334023e+01
1.609277082282984850e+01
1.610063479354630545e+01
1.611049838217569530e+01
1.612231499464204276e+01
1.613603025083173392e+01
1.615158074333898597e+01
1.616889251527005200e+01
1.618787923930990047e+01
1.620844008074635667e+01
1.623045722454157058e+01
1.625379304907587397e+01
1.627828693278778260e+01
1.630375168508594186e+01
1.632996959971891471e+01
1.635668814233944701e+01
1.638361529926927673e+01
1.641041463020037128e+01
1.643670009425044043e+01
1.646203074255783960e+01
1.648590540169532659e+01
1.650775750666185004e+01
1.652695027901427949e+01
1.654277249043521536e+01
1.655443510317211420e+01
1.656106913376481771e+01
1.656172515407813961e+01
1.655537491755568524e+01
1.654091567876556113e+01
1.651717784466182337e+01
1.648293663923292840e+01
1.643692844990200186e+01
1.637787241877799360e+01
1.630449762485516629e+01
1.621557587124198108e+01
1.610995966185154771e+01
1.598662446425762873e+01
1.584471390875464714e+01
1.568358617256973275e+01
1.550285942882849177e+01
1.530245388569143472e+01
1.508262760308331707e+01
1.484400315965704031e+01
1.458758278128024521e+01
1.431475127230636701e+01
1.402726882107149109e+01
1.372725842978588062e+01
1.341719306548739432e+01
1.309988378281782317e+01
1.277846340443447382e+01
1.245635660239004139e+01
1.213723271848775553e+01
1.182494981593465333e+01
1.152350195497498397e+01
1.123696749837746545e+01
1.096944586666199939e+01
1.072498755593928799e+01
1.050752830185772879e+01
1.032079973746726331e+01
1.016818876072675870e+01
1.005259150009151092e+01
9.976346953815349750e+00
9.941233974853618705e+00
9.948379650468503144e+00
9.998118901070428777e+00
1.008998931826076983e+01
1.022280033313738912e+01
1.039465585472476405e+01
1.060299014536162332e+01
1.084467096371383832e+01
1.111608812727538620e+01
1.141322660325680793e+01
1.173178107476405430e+01
1.206727366503391075e+01
1.241513327837608749e+01
1.277075642317828574e+01
1.312957200000878188e+01
1.348711259735958912e+01
1.383909034821318329e+01
1.418147318779574206e+01
1.451055295845685222e+01
1.482299956243668326e+01
1.511590422347910234e+01
1.538681971744972721e+01
1.563380118510207062e+01
1.585544230044317793e+01
1.605089604036908568e+01
1.621987082307868633e+01
1.636259920180995664e+01
1.647978309021984700e+01
1.657252344420400902e+01
1.664224273114987085e+01
1.669060672229523945e+01
1.671944988962185974e+01
1.673070700264914379e+01
1.672635244539612032e+01
1.670834814240974353e+01
1.667860055195585645e+01
1.663892675557111289e+01
1.659102926436928982e+01
1.653647881590642044e+01
1.647670424273460199e+01
1.641298839264796783e+01
1.634646900844458628e+01
1.627814349969369090e+01
1.620887660944114117e+01
1.613941007292143226e+01
1.607037347248139980e+01
1.600229561920090404e+01
1.593561593461534187e+01
1.587069544237390062e+01
1.580782709958309518e+01
1.574724531638354641e+01
1.568913458707023523e+01
1.563363721880366874e+01
1.558086018113280424e+01
1.553088113589036467e+01
1.548375371283246160e+01
1.543951210264745200e+01
1.539817504890387490e+01
1.535974929881738760e+01
1.532423257954851969e+01
1.529161616168175541e+01
1.526188705540403845e+01
1.523502988574565897e+01
1.521102848943639074e+01
1.518986727134641512e+01
1.517153234470781520e+01
1.515601248794028599e+01
1.514329993797866258e+01
1.513339104037853389e+01
1.512628677271578326e+01
1.512199315359790575e+01
1.512052154570578821e+01
1.512188885881734812e+01
1.512611765473118375e+01
1.513323615303098713e+01
1.514327813262618960e+01
1.515628272033343116e+01
1.517229405310213330e+01
1.519136079500080783e+01
1.521353548584539972e+01
1.523887369184376261e+01
1.526743292196523427e+01
1.529927126377304880e+01
1.533444568155785426e+01
1.537300991442247522e+01
1.541501189169916941e+01
1.546049058394468467e+01
1.550947217865986971e+01
1.556196545996882818e+01
1.561795627104233652e+01
1.567740092489271042e+01
1.574021842275065275e+01
1.580628136443390730e+01
1.587540545222305788e+01
1.594733753790851871e+01
1.602174223902632022e+01
1.609818723747143210e+01
1.617612750868684302e+01
1.625488886003772038e+01
1.633365132819660914e+01
1.641143313934788139e+01
1.648707611534701201e+01
1.655923357777268734e+01
1.662636193542700269e+01
1.668671727548826667e+01
1.673835840117473950e+01
1.677915787755701515e+01
1.680682272304032310e+01
1.681892640903781100e+01
1.681295391099367009e+01
1.678636135790377537e+01
1.673665114811687360e+01
1.666146224303126999e+01
1.655867341686557381e+01
1.642651469014304766e+01
1.626367965508293167e+01
1.606942905565144741e+01
1.584367467137841956e+01
1.558703433157853624e+01
1.530085381143436685e+01
1.498719763459292231e+01
1.464881506887182105e+01
1.428908829038544503e+01
1.391196876713697073e+01
1.352190565429704883e+01
1.312376536024748930e+01
1.272273810882274425e+01
1.232423381204117163e+01
1.193378347121204897e+01
1.155696015302740776e+01
1.119930289165104753e+01
1.086620886304139333e+01
1.056280054386737355e+01
1.029380542833660606e+01
1.006343601411456135e+01
9.875257517477312064e+00
9.732078729263745842e+00
9.635862638750209541e+00
9.587665152549149639e+00
9.587578566939587432e+00
9.634669512106489364e+00
9.727068314869708132e+00
9.862140030060849938e+00
1.003659769268320900e+01
1.024659635245457068e+01
1.048784229440732396e+01
1.075575039708721725e+01
1.104562134526177353e+01
1.135277622704653844e+01
1.167263871117799567e+01
1.200078104151399216e+01
1.233296055213796727e+01
1.266517293231864727e+01
1.299371963752576598e+01
1.331526515104977548e+01
1.362686840324439252e+01
1.392599234689902765e+01
1.421050447268808092e+01
1.447867701424586251e+01
1.472918746130313394e+01
1.496111505896349669e+01
1.517392872139165405e+01
1.536746407547811977e+01
1.554189005185629036e+01
1.569766729364329727e+01
1.583550142805339966e+01
1.595629428037462816e+01
1.606109571920445944e+01
1.615105824871541174e+01
1.622739587139979989e+01
1.629134819074651119e+01
1.634415022735799639e+01
1.638700800372105704e+01
1.642107964786245589e+01
1.644746153644710418e+01
1.646717886821641486e+01
1.648117999731818983e+01
1.649033385237158811e+01
1.649542980545097492e+01
1.649717941629353390e+01
1.649621955042653454e+01
1.649311644893770890e+01
1.648837040088437078e+01
1.648242073894799020e+01
1.647565093987687490e+01
1.646839366350430112e+01
1.646093560810868084e+01
1.645352209566474855e+01
1.644636132931603711e+01
1.643962828704855994e+01
1.643346823304524307e+01
1.642799984117431933e+01
1.642331793274666651e+01
1.641949583761213916e+01
1.641658739084635599e+01
1.641462857843674783e+01
1.641363884665910433e+01
1.641362208888176610e+01
1.641456732220577663e+01
1.641644906465463905e+01
1.641922742162617510e+01
1.642284788831465647e+01
1.642724087300915059e+01
1.643232094496034179e+01
1.643798580882498328e+01
1.644411500754780064e+01
1.645056835663081074e+01
1.645718411328525121e+01
1.646377688761203828e+01
1.647013530812074222e+01
1.647601945967373638e+01
1.648115812096898836e+01
1.648524584057142661e+01
1.648793990500172768e+01
1.648885726853505318e+01
1.648757153501206218e+01
1.648361010520714132e+01
1.647645162796081308e+01
1.646552392200289461e+01
1.645020256426747807e+01
1.642981037208695483e+01
1.640361803988620082e+01
1.637084622462201011e+01
1.633066941022341823e+01
1.628222191576031719e+01
1.622460644202968894e+01
1.615690556914739773e+01
1.607819660313806054e+01
1.598757010406017365e+01
1.588415227744511782e+01
1.576713115613098104e+01
1.563578611253433337e+01
1.548951976140699394e+01
1.532789082099086464e+01
1.515064613781458469e+01
1.495775004571377309e+01
1.474940962226423835e+01
1.452609522999023284e+01
1.428855672327230941e+01
1.403783638300460268e+01
1.377527952869698069e+01
1.350254279152311732e+01
1.322159870575220708e+01
1.293473423670381806e+01
1.264454084011087076e+01
1.235389448570634485e+01
1.206592516533400250e+01
1.178397690155013322e+01
1.151156202190634481e+01
1.125231575035683029e+01
1.100995409576472106e+01
1.078822710781430771e+01
1.059085489991342044e+01
1.042143905217319322e+01
1.028334405321115064e+01
1.017957307454978277e+01
1.011268498594424159e+01
1.008473377309984542e+01
1.009719363448629004e+01
1.015087538320376659e+01
1.024586343831923152e+01
1.038148765530559992e+01
1.055633125128946759e+01
1.076829614809149582e+01
1.101466038843881456e+01
1.129210787213169098e+01
1.159680698858500669e+01
1.192452677788921100e+01
1.227074107558627070e+01
1.263071747162353553e+01
1.299958931775089077e+01
1.337241640104917728e+01
1.374426094675227716e+01
1.411028941325246322e+01
1.446587964068027254e+01
1.480671133301489384e+01
1.512883905491824521e+01
1.542876076014387898e+01
1.570349023364615348e+01
1.595062947144534604e+01
1.616842925927097596e+01
1.635582583978112581e+01
1.651244559787310706e+01
1.663857530907191062e+01
1.673510126819970978e+01
1.680342462255541491e+01
1.684536240919957706e+01
1.686304384823054647e+01
1.685880970692486258e+01
1.683511990146218906e+01
1.679447221034659066e+01
1.673933325975981390e+01
1.667208210052772444e+01
1.659496637976157274e+01
1.651007063092814775e+01
1.641929559787620008e+01
1.632434705170793521e+01
1.622673237587975947e+01
1.612776326235120905e+01
1.602856313942380950e+01
1.593007827537965326e+01
1.583309168279523327e+01
1.573823899324109554e+01
1.564602546436492680e+01
1.555684328099120606e+01
1.547098836950512712e+01
1.538867608586582314e+01
1.531005533751475767e+01
1.523522090930073603e+01
1.516422395309262150e+01
1.509708076348448280e+01
1.503378002681028036e+01
1.497428880058520484e+01
1.491855744902456848e+01
1.486652376366474471e+01
1.481811643825082747e+01
1.477325803931917747e+01
1.473186757250022083e+01
1.469386271134793098e+01
1.465916174013573503e+01
1.462768524238492063e+01
1.459935756135934071e+01
1.457410805952157418e+01
1.455187218964967144e+01
1.453259240043130163e+01
1.451621889843626612e+01
1.450271028153227704e+01
1.449203406824630846e+01
1.448416713499321773e+01
1.447909607653296327e+01
1.447681750289972946e+01
1.447733828245963039e+01
1.448067573799452035e+01
1.448685779824873521e+01
1.449592310387567196e+01
1.450792106356381872e+01
1.452291185121699790e+01
1.454096633100258984e+01
1.456216589080712076e+01
1.458660215967765872e+01
1.461437657833875647e+01
1.464559978634260595e+01
1.468039078243283413e+01
1.471887579932933221e+01
1.476118683540696708e+01
1.480745976659057384e+01
1.485783195746629382e+01
1.491243927435498051e+01
1.497141239795638867e+01
1.503487231409364178e+01
1.510292484559250070e+01
1.517565408090261947e+01
1.525311451455629275e+01
1.533532171309391323e+01
1.542224127028807423e+01
1.551377580483800855e+01
1.560974972904275937e+01
1.570989155035453422e+01
1.581381353848171578e+01
1.592098878764383407e+01
1.603072605180670251e+01
1.614214320715722550e+01
1.625414081924965615e+01
1.636537794705883897e+01
1.647425282406818425e+01
1.657889118643507231e+01
1.667714456639350118e+01
1.676659996472726277e+01
1.684460137732334672e+01
1.690828318328649615e+01
1.695461616814031203e+01
1.698046876250394988e+01
1.698268776234263910e+01
1.695820247734974373e+01
1.690415234137752165e+01
1.681803126098585466e+01
1.669783567608732611e+01
1.654220075532545664e+01
1.635051126002275268e+01
1.612297799903186046e+01
1.586067543004831393e+01
1.556554091876464518e+01
1.524034025160533545e+01
1.488860628197796565e+01
1.451455653185205819e+01
1.412299229287809688e+01
1.371918032414944832e+01
1.330872220630240221e+01
1.289742511534458203e+01
1.249119131925420589e+01
1.209592890997715386e+01
