1.307805824491573610e+01
1.307607192818990605e+01
1.307455226631496537e+01
1.307342261319864285e+01
1.307261921454880493e+01
1.307209073005981281e+01
1.307179790464640590e+01
1.307171339218739270e+01
1.307182173577503548e+01
1.307211950855180582e+01
1.307261562046347869e+01
1.307333179559381797e+01
1.307430322566847281e+01
1.307557940569938459e+01
1.307722515761524562e+01
1.307932184713352086e+01
1.308196879860869544e+01
1.308528490860459925e+01
1.308941046091497995e+01
1.309450913588178977e+01
1.310077020288800398e+01
1.310841088133167887e+01
1.311767884242259896e+01
1.312885481248664377e+01
1.314225522193024531e+01
1.315823483535050542e+01
1.317718926094030607e+01
1.319955722742018089e+01
1.322582247698830571e+01
1.325651508834153880e+01
1.329221200573036477e+01
1.333353650245620337e+01
1.338115625580757673e+01
1.343577963475825854e+01
1.349814973824953235e+01
1.356903562439227784e+01
1.364922004100828445e+01
1.373948286337221525e+01
1.384057937592005061e+01
1.395321262003769469e+01
1.407799942550486172e+01
1.421543043053357458e+01
1.436582537742783749e+01
1.452928553623760166e+01
1.470564459098899235e+01
1.489441779893358841e+01
1.509474785420915133e+01
1.530534697013057510e+01
1.552443910770474211e+01
1.574971111814627633e+01
1.597828280399539480e+01
1.620670253370707314e+01
1.643096998409640008e+01
1.664658549691151279e+01
1.684862781396261866e+01
1.703186585182606905e+01
1.719091100707348474e+01
1.732041128166874699e+01
1.741527941486663167e+01
1.747093893431784295e+01
1.748356816756550458e+01
1.745032286105087493e+01
1.736952075032351317e+01
1.724077299014654585e+01
1.706504727221359019e+01
1.684465072074498337e+01
1.658313233465016978e+01
1.628512066203994024e+01
1.595612072155718231e+01
1.560229066084248828e+01
1.523021290103586090e+01
1.484667410556914291e+01
1.445846452547677785e+01
1.407219543729002531e+01
1.369413176156416512e+01
1.333005148236193982e+01
1.298513723678270360e+01
1.266387720187673160e+01
1.236997964321925103e+01
1.210636213746742484e+01
1.187520278188000766e+01
1.167793517679426252e+01
1.151519153029385656e+01
1.138684259774034757e+01
1.129214492870806552e+01
1.122985729969755297e+01
1.119829067481419571e+01
1.119537390324649628e+01
1.121876585608936416e+01
1.126595911370269221e+01
1.133433611148728559e+01
1.142120710840399234e+01
1.152386946961529546e+01
1.163967970724613643e+01
1.176611233807522083e+01
1.190080080955252129e+01
1.204156403460164881e+01
1.218641656464300027e+01
1.233356389190755742e+01
1.248139312114579802e+01
1.262846886165474736e+01
1.277353578394764178e+01
1.291552255418173445e+01
1.305354127179765555e+01
1.318687970155326106e+01
1.331498701390750661e+01
1.343745550752422702e+01
1.355400089440139766e+01
1.366444305413753213e+01
1.376868833022247962e+01
1.386671379204244836e+01
1.395855350911319803e+01
1.404428668418269233e+01
1.412402743482803125e+01
1.419791601598002195e+01
1.426611130353773405e+01
1.432878438566836365e+01
1.438611313496892663e+01
1.443827764728076524e+01
1.448545644855756365e+01
1.452782337728711148e+01
1.456554505809974387e+01
1.459877888771485921e+01
1.462767146052205725e+01
1.465235736782428511e+01
1.467295831092867964e+01
1.468958247685912077e+01
1.470232413084058365e+01
1.471126338745148132e+01
1.471646612811190380e+01
1.471798403938090161e+01
1.471585475233485596e+01
1.471010206860177050e+01
1.470073626335072525e+01
1.468775446040179133e+01
1.467114107869733530e+01
1.465086835292644807e+01
1.462689693523973133e+01
1.459917658855740008e+01
1.456764698513219436e+01
1.453223862787816145e+01
1.449287391687672688e+01
1.444946838915018539e+01
1.440193216572722612e+01
1.435017164884662932e+01
1.429409152370821978e+01
1.423359713470183152e+01
1.416859731892743746e+01
1.409900780521738817e+01
1.402475530228220357e+01
1.394578241378420103e+01
1.386205352921611578e+01
1.377356181043083616e+01
1.368033735481081337e+01
1.358245650445764419e+01
1.348005213140831771e+01
1.337332452405016525e+01
1.326255231606544527e+01
1.314810277545980099e+01
1.303044082597622833e+01
1.291013647869925762e+01
1.278787086985354549e+01
1.266444158712791257e+01
1.254076803377112626e+01
1.241789695711953989e+01
1.229700727173585584e+01
1.217941295507204735e+01
1.206656386702500683e+01
1.196004562592660214e+01
1.186157843937129464e+01
1.177301058439539894e+01
1.169629991395678381e+01
1.163348169941943766e+01
1.158662884094762546e+01
1.155781074688001908e+01
1.154905269589642636e+01
1.156229611686677217e+01
1.159935584911857198e+01
1.166186574098322737e+01
1.175121299111738793e+01
1.186847288110415555e+01
1.201434427837910590e+01
1.218907496152754533e+01
1.239238480097058748e+01
1.262341429867914933e+01
1.288070409206798672e+01
1.316217746249193077e+01
1.346511429194138820e+01
1.378614385514481810e+01
1.412127697914575464e+01
1.446596407569040288e+01
1.481516102644047450e+01
1.516340713239907956e+01
1.550492965346596819e+01
1.583378034463810380e+01
1.614399910699769691e+01
1.642979769396714573e+01
1.668575756965466184e+01
1.690703524216932152e+01
1.708956488613599234e+01
1.723024294554994995e+01
1.732707509720209416e+01
1.737926616297998450e+01
1.738724019584392266e+01
1.735258853286060443e+01
1.727795340642262190e+01
1.716686085994323463e+01
1.702351973015887410e+01
1.685260490477847384e+01
1.665904305161988574e+01
1.644781637776432248e+01
1.622379474652032272e+01
1.599160043431956701e+01
1.575550492055867835e+01
1.551935410214077393e+01
1.528651774965796939e+01
1.505986110642592557e+01
1.484173913056016225e+01
1.463401339642896382e+01
1.443808742275118107e+01
1.425495203572235781e+01
1.408523241265969794e+01
1.392923285048415671e+01
1.378697963552991013e+01
1.365826389336771918e+01
1.354268512178607331e+01
1.343969412548269915e+01
1.334863302963413467e+01
1.326877035392180026e+01
1.319933013943542477e+01
1.313951512057527715e+01
1.308852474300332069e+01
1.304556908436466856e+01
1.300987959072655897e+01
1.298071724299294871e+01
1.295737856306535640e+01
1.293919977786324438e+01
1.292555943448940070e+01
1.291587974366985847e+01
1.290962690468171914e+01
1.290631063273191081e+01
1.290548306895425945e+01
1.290673719178276357e+01
1.290970484285772990e+01
1.291405445403854557e+01
1.291948856691771930e+01
1.292574123130174790e+01
1.293257535985318363e+01
1.293978011460221644e+01
1.294716838818139237e+01
1.295457441895259798e+01
1.296185158442334817e+01
1.296887038965467553e+01
1.297551665889861638e+01
1.298168993654780223e+01
1.298730209814673842e+01
1.299227616049724610e+01
1.299654528031852685e+01
1.300005193873890619e+01
1.300274730110573351e+01
1.300459074339705623e+01
1.300554954393127005e+01
1.300559873492733942e+01
1.300472111359612626e+01
1.300290741528301197e+01
1.300015665268743881e+01
1.299647662820737004e+01
1.299188462916832165e+01
1.298640831845079724e+01
1.298008683593209867e+01
1.297297212806637390e+01
1.296513053332703080e+01
1.295664463886032003e+01
1.294761544186822810e+01
1.293816484388729826e+01
1.292843849786494559e+01
1.291860903237729374e+01
1.290887966111402463e+01
1.289948816896760952e+01
1.289071122633953337e+01
1.288286895666085030e+01
1.287632962693238525e+01
1.287151427774494117e+01
1.286890106845235593e+01
1.286902909748571489e+01
1.287250147116835919e+01
1.287998747652241960e+01
1.289222379970109422e+01
1.291001479828640619e+01
1.293423175360626054e+01
1.296581073781989346e+01
1.300574823918332612e+01
1.305509314961441625e+01
1.311493345974878899e+01
1.318637641092994528e+01
1.327052190304275392e+01
1.336843002615300691e+01
1.348108382860480603e+01
1.360934763746373477e+01
1.375391991176774908e+01
1.391527923555210755e+01
1.409362348225984185e+01
1.428880440691399833e+01
1.450026110500646581e+01
1.472695511287909476e+01
1.496730915217938040e+01
1.521915259659465391e+01
1.547967932960022175e+01
1.574542624504667998e+01
1.601228143426973105e+01
1.627552768082001933e+01
1.652992078510848373e+01
1.676980074849851476e+01
1.698923903759002130e+01
1.718222836580433821e+01
1.734291482434965204e+01
1.746586055542528726e+01
1.754631725038947110e+01
1.758048852985784904e+01
1.756575965220719837e+01
1.750087363166884202e+01
1.738603406185967515e+01
1.722291915536965234e+01
1.701460186142392672e+01
1.676538706928029754e+01
1.648059144658412833e+01
1.616629496789967035e+01
1.582908493430264407e+01
1.547580431781725885e+01
1.511331557879751664e+01
1.474829189260169926e+01
1.438704008827830627e+01
1.403535249288556130e+01
1.369839072953056203e+01
1.338060700902498823e+01
1.308569393104882828e+01
1.281655744396207730e+01
1.257533217475690179e+01
1.236343098004820540e+01
1.218157580316494304e+01
1.202981329312789605e+01
1.190758500932481923e+01
1.181385713482756472e+01
1.174723503389468782e+01
1.170602803534263359e+01
1.168830056611253099e+01
1.169194278474196658e+01
1.171475013313359526e+01
1.175448631360504592e+01
1.180892437282627583e+01
1.187587902196212930e+01
1.195324222471084141e+01
1.203902102750821079e+01
1.213136858992167966e+01
1.222860166236024071e+01
1.232920452032384162e+01
1.243182432376480584e+01
1.253526336805087560e+01
1.263847129727546736e+01
1.274053790080152027e+01
1.284068577821929225e+01
1.293826206614200203e+01
1.303272891520595422e+01
1.312365294351227796e+01
1.321069412456450287e+01
1.329359459278408906e+01
1.337216773724700580e+01
1.344628784365043828e+01
1.351588044658415910e+01
1.358091347892784029e+01
1.364138926911268612e+01
1.369733739957051810e+01
1.374880840915517055e+01
1.379586832001914942e+01
1.383859393040343910e+01
1.387706881583392438e+01
1.391137997917947899e+01
1.394161507324434091e+01
1.396786012974983393e+01
1.399019772959343300e+01
1.400870555369917980e+01
1.402345526193217395e+01
1.403451165261866684e+01
1.404193206261309967e+01
1.404576597513828062e+01
1.404605480911376603e+01
1.404283187009260558e+01
1.403612244834136646e+01
1.402594405546347289e+01
1.401230679591000339e+01
1.399521387464069200e+01
1.397466224701462600e+01
1.395064342229440157e+01
1.392314443615114783e+01
1.389214901175702011e+01
1.385763893696658577e+01
1.381959568434573171e+01
1.377800231420575905e+01
1.373284570285497175e+01
1.368411913955828219e+01
1.363182534000069879e+01
1.357597993482139032e+01
1.351661547075564584e+01
1.345378595946255373e+01
1.338757198973361540e+01
1.331808636432712589e+01
1.324548019902341167e+01
1.316994934166079823e+01
1.309174094011507350e+01
1.301115994856593971e+01
1.292857540582027021e+01
1.284442639839501865e+01
1.275922777408582043e+01
1.267357579133620149e+01
1.258815397084976873e+01
1.250373933397052539e+01
1.242120889157537000e+01
1.234154580532684342e+01
1.226584427751138584e+01
1.219531211854648411e+01
1.213127011179803283e+01
1.207514739105870660e+01
1.202847184471332653e+01
1.199285415778163078e+01
1.196996500294019761e+01
1.196150778834705974e+01
1.196919038024914528e+01
1.199469512766687096e+01
1.203964194832874846e+01
1.210554228708390134e+01
1.219374995755184621e+01
1.230541202297642833e+01
1.244140982067426648e+01
1.260228409190390764e+01
1.278816010805873482e+01
1.299869254629459903e+01
1.323302349124547206e+01
1.348973466826809364e+01
1.376679932593968303e+01
1.406155487816963046e+01
1.437070315896983175e+01
1.469033167239436821e+01
1.501595311294565782e+01
1.534256594119125161e+01
1.566473823905266194e+01
1.597671773669520690e+01
1.627257294134885868e+01
1.654636736016744436e+01
1.679236232407927076e+01
1.700523876771003984e+01
1.718032554238016019e+01
1.731381915621526701e+01
1.740297652411341289e+01
1.744626034993895658e+01
1.744341874436942774e+01
1.739548757652982758e+01
1.730471450100226605e+01
1.717441448724450126e+01
1.700877462835079257e+01
1.681262925052178403e+01
1.659122572901981485e+01
1.634999918031187249e+01
1.609437108079893264e+01
1.582958136877712008e+01
1.556055560373861013e+01
1.529180225739678711e+01
1.502733488259818806e+01
1.477061890536408661e+01
1.452454654223814856e+01
1.429144098068241142e+01
1.407308427293799902e+01
1.387075842931247571e+01
1.368529089355914508e+01
1.351710155395004165e+01
1.336625263970262800e+01
1.323250199706055952e+01
1.311535658263749404e+01
1.301412248072960764e+01
1.292795089088901150e+01
1.285588139484849890e+01
1.279688233750816373e+01
1.274988589681776396e+01
1.271381529538069266e+01
1.268760396140768698e+01
1.267020902592754972e+01
1.266062205987802258e+01
1.265787884427377463e+01
1.266106843395763271e+01
1.266934071085763414e+01
1.268191144107649038e+01
1.269806431576191841e+01
1.271715013361924917e+01
1.273858380169811788e+01
1.276184003185088933e+01
1.278644850717618198e+01
1.281198906874244159e+01
1.283808722746170794e+01
1.286441008563664745e+01
1.289066263448405358e+01
1.291658433484561641e+01
