1.376756437847600090e+01
1.377108129817320048e+01
1.377679622638760826e+01
1.378475453981965160e+01
1.379501705722521976e+01
1.380766050245510890e+01
1.382277802323635640e+01
1.384047974884239096e+01
1.386089336392958771e+01
1.388416466810684113e+01
1.391045808043427989e+01
1.393995704393892332e+01
1.397286426453813135e+01
1.400940171245283317e+01
1.404981028432545109e+01
1.409434902279253521e+01
1.414329377005257982e+01
1.419693511349524684e+01
1.425557547323682073e+01
1.431952518882287073e+01
1.438909744658326595e+01
1.446460191689341812e+01
1.454633695852173680e+01
1.463458024524324230e+01
1.472957761779668040e+01
1.483152987156188551e+01
1.494057702300588808e+01
1.505677940913259860e+01
1.518009481268280503e+01
1.531035081411535614e+01
1.544721194466059089e+01
1.559014197448317240e+01
1.573836293821405441e+01
1.589081379109073211e+01
1.604611256801602792e+01
1.620252599017084805e+01
1.635794947371219976e+01
1.650989907166462700e+01
1.665551607443298820e+01
1.679158566717136836e+01
1.691457318882726568e+01
1.702068325837921137e+01
1.710594624438053302e+01
1.716633335667131277e+01
1.719789808885792581e+01
1.719693980698147229e+01
1.716018362557081645e+01
1.708496611739721516e+01
1.696940977542233853e+01
1.681256466812967787e+01
1.661449957184716553e+01
1.637633774158054933e+01
1.610024522743708175e+01
1.578938080608058137e+01
1.544780805330232987e+01
1.508036834713907837e+01
1.469252492045785097e+01
1.429019661953097220e+01
1.387959242357419853e+01
1.346704957946070103e+01
1.305888771418036498e+01
1.266129464703129948e+01
1.228022307915582623e+01
1.192124693977395289e+01
1.158938927674632424e+01
1.128902285847237685e+01
1.102387036381561103e+01
1.079697091135001585e+01
1.061054756486350037e+01
1.046592024192402803e+01
1.036354867827962600e+01
1.030309048584770792e+01
1.028342441828094067e+01
1.030271718643590440e+01
1.035856188080951235e+01
1.044812448713879327e+01
1.056822114162557291e+01
1.071537745839852995e+01
1.088595374356690648e+01
1.107628037731361736e+01
1.128274762459859382e+01
1.150186438772548847e+01
1.173029832326962385e+01
1.196490831046884651e+01
1.220277835776203013e+01
1.244124818275863831e+01
1.267793374318814337e+01
1.291073858083625403e+01
1.313785944700610564e+01
1.335778666254196878e+01
1.356929747936917074e+01
1.377144166941024217e+01
1.396352057384478584e+01
1.414506207207765520e+01
1.431579396914193048e+01
1.447561755574748155e+01
1.462458231504940187e+01
1.476286217177656823e+01
1.489073339584521172e+01
1.500855412541282341e+01
1.511674553090184858e+01
1.521577465743859747e+01
1.530613901412855959e+01
1.538835299006935387e+01
1.546293613109459564e+01
1.553040327201832937e+01
1.559125645564844653e+01
1.564597852633151653e+01
1.569502823634155675e+01
1.573883669035963884e+01
1.577780492755472785e+01
1.581230245124211820e+01
1.584266652442068235e+01
1.586920206036187864e+01
1.589218195825263713e+01
1.591184775953539088e+01
1.592841051584934853e+01
1.594205177628128567e+01
1.595292462698782288e+01
1.596115472393875656e+01
1.596684127688414989e+01
1.597005795297066655e+01
1.597085367751856744e+01
1.596925331776603230e+01
1.596525824231816593e+01
1.595884675493390858e+01
1.594997440687031975e+01
1.593857419720838386e+01
1.592455667550774301e+01
1.590780996585305473e+01
1.588819973688819154e+01
1.586556915012321234e+01
1.583973882069545880e+01
1.581050683848897975e+01
1.577764890158284317e+01
1.574091862107608542e+01
1.570004806571373557e+01
1.565474862926895483e+01
1.560471230598393610e+01
1.554961346562269853e+01
1.548911123683829594e+01
1.542285260034566541e+01
1.535047630181231781e+01
1.527161769106815115e+01
1.518591458674367090e+01
1.509301425484754056e+01
1.499258156941147213e+01
1.488430839720739840e+01
1.476792421412348766e+01
1.464320791986177994e+01
1.451000078021962203e+01
1.436822037246545669e+01
1.421787537037691251e+01
1.405908098071795465e+01
1.389207483740166182e+01
1.371723318998657781e+01
1.353508724441840982e+01
1.334633944872522804e+01
1.315187929712999448e+01
1.295279781424195598e+01
1.275039919893801788e+01
1.254620762055017735e+01
1.234196765849207189e+01
1.213963839621978913e+01
1.194138210808404388e+01
1.174954669219919978e+01
1.156663827689716761e+01
1.139528576624240586e+01
1.123821280725195670e+01
1.109822694349463745e+01
1.097819617072000753e+01
1.088097267923325617e+01
1.080928678868919590e+01
1.076566759957459851e+01
1.075239305227352382e+01
1.077144020860011153e+01
1.082441745785524034e+01
1.091247416104921264e+01
1.103620889526226811e+01
1.119560193662087499e+01
1.138998328759302758e+01
1.161802734679187665e+01
1.187774910873151590e+01
1.216650331297013210e+01
1.248101151273120202e+01
1.281741655204398178e+01
1.317134831093014391e+01
1.353799947644200863e+01
1.391221031995222290e+01
1.428855534175750819e+01
1.466143703375725238e+01
1.502520146802941703e+01
1.537427816758767918e+01
1.570333083442880273e+01
1.600740686411224445e+01
1.628208415785958607e+01
1.652361507939254537e+01
1.672905835920347428e+01
1.689638296159771613e+01
1.702453052505636677e+01
1.711342949826984494e+01
1.716395852297092972e+01
1.717786036343090217e+01
1.715761380394388169e+01
1.710627787889588802e+01
1.702732585820197286e+01
1.692448351050792610e+01
1.680158047449913283e+01
1.666241976054373097e+01
1.651066879917124552e+01
1.634977428419691137e+01
1.618290070225503996e+01
1.601288957980132466e+01
1.584223515878065136e+01
1.567307334407338359e+01
1.550718295132881330e+01
1.534599947365453154e+01
1.519064068379983468e+01
1.504194114780024627e+01
1.490049102186052998e+01
1.476667437870535160e+01
1.464070374047668643e+01
1.452264955639073207e+01
1.441246504198734613e+01
1.431000756167615506e+01
1.421505767581552959e+01
1.412733645757732148e+01
1.404652120270817761e+01
1.397225939079235779e+01
1.390418071241894893e+01
1.384190709629695526e+01
1.378506080039624493e+01
1.373327073935704234e+01
1.368617727858419286e+01
1.364343573651498254e+01
1.360471882271841260e+01
1.356971822139179196e+01
1.353814549500593678e+01
1.350973246659888360e+01
1.348423120280629028e+01
1.346141371001927212e+01
1.344107143316177755e+01
1.342301462311065841e+01
1.340707163751451070e+01
1.339308821476422473e+01
1.338092675866240633e+01
1.337046565681792742e+01
1.336159865826615878e+01
1.335423432121027787e+01
1.334829554497018833e+01
1.334371919461959699e+01
1.334045582486031378e+01
1.333846950953502386e+01
1.333773778154351675e+01
1.333825168718136034e+01
1.334001595837281684e+01
1.334304930591948235e+01
1.334738483686279942e+01
1.335307059738445723e+01
1.336017024276149989e+01
1.336876383443467731e+01
1.337894876283941414e+01
1.339084079238466707e+01
1.340457522239966437e+01
1.342030815598391769e+01
1.343821785932318491e+01
1.345850619404543913e+01
1.348140008800844392e+01
1.350715300831121013e+01
1.353604637831768187e+01
1.356839085838748282e+01
1.360452738805736494e+01
1.364482784775975510e+01
1.368969515068806686e+01
1.373956253051380649e+01
1.379489172247562756e+01
1.385616968754363754e+01
1.392390348712354964e+01
1.399861291151542098e+01
1.408082050393564089e+01
1.417103870257096787e+01
1.426975391971305207e+01
1.437740747258451890e+01
1.449437325792285058e+01
1.462093195000719525e+01
1.475724129671557172e+01
1.490330191864187803e+01
1.505891809440049656e+01
1.522365347611841990e+01
1.539678261750757571e+01
1.557724055085976644e+01
1.576357401609086395e+01
1.595389903997148728e+01
1.614586996890293591e+01
1.633666468384651793e+01
1.652298962809109284e+01
1.670110696642639780e+01
1.686688553105602395e+01
1.701587815623968325e+01
1.714342979309034476e+01
1.724482078820089370e+01
1.731544529650692255e+01
1.735101642175929015e+01
1.734778222662738045e+01
1.730273490657863178e+01
1.721379795481414376e+01
1.707997706075017419e+01
1.690145878103778188e+01
1.667964424314787308e+01
1.641711632692603118e+01
1.611754963381855177e+01
1.578557465702104778e+01
1.542660520361890342e+01
1.504664206517684022e+01
1.465207355200051609e+01
1.424948888088694687e+01
1.384550377491254380e+01
1.344659513491844116e+01
1.305895774208705618e+01
1.268838611283029039e+01
1.234014686797562810e+01
1.201883518933020589e+01
1.172829870107437777e+01
1.147166302888069822e+01
1.125132639251401656e+01
1.106885503508169322e+01
1.092493496093002925e+01
1.081947211078442805e+01
1.075170684370370644e+01
1.072025230714972999e+01
1.072315320394968019e+01
1.075802735608820448e+01
1.082219723991113725e+01
1.091275522822165378e+01
1.102661417120143739e+01
1.116058227577294382e+01
1.131146840319992464e+01
1.147618734138236007e+01
1.165181171062203624e+01
1.183557641428329354e+01
1.202488536268911368e+01
1.221733822088074461e+01
1.241076030489981719e+01
1.260322084539192922e+01
1.279303882150505700e+01
1.297878069423657621e+01
1.315925275365060543e+01
1.333348888945171673e+01
1.350073425854153264e+01
1.366042583269530297e+01
1.381217119413830474e+01
1.395572687360054331e+01
1.409097719571949803e+01
1.421791426098294941e+01
1.433661939694566279e+01
1.444724622510784151e+01
1.455000538567876411e+01
1.464515090221650695e+01
1.473296815114213665e+01
1.481376337482240757e+01
1.488785466363585464e+01
1.495556431333024072e+01
1.501721245212801925e+01
1.507311182332328237e+01
1.512356359670881822e+01
1.516885408942582103e+01
1.520925226814162201e+01
1.524500791249888287e+01
1.527635033129018893e+01
1.530348753039764453e+01
1.532660573603953758e+01
1.534586919970372954e+01
1.536142021133346169e+01
1.537337926657640708e+01
1.538184534079920773e+01
1.538689623172777843e+01
1.538858894162135194e+01
1.538696007808207789e+01
1.538202625947586988e+01
1.537378451741805030e+01
1.536221269474439310e+01
1.534726984317336473e+01
1.532889662998387514e+01
1.530701576834442434e+01
1.528153249101108813e+01
1.525233509023112966e+01
1.521929555702782544e+01
1.518227035123457647e+01
1.514110134823982179e+01
1.509561700899344849e+01
1.504563382467280164e+01
1.499095809780500410e+01
1.493138813137919030e+01
1.486671689531669749e+01
1.479673525226987785e+01
1.472123582976678158e+01
1.464001761896289011e+01
1.455289138727862053e+01
1.445968596964313946e+01
1.436025549005342050e+01
1.425448752551391962e+01
1.414231218224101383e+01
1.402371200244948213e+01
1.389873257492371650e+01
1.376749370001467909e+01
1.363020101444924315e+01
1.348715810316181773e+01
1.333877932243387754e+01
1.318560372679259629e+01
1.302831042860519872e+01
1.286773510175183155e+01
1.270488593573321268e+01
1.254095538095623041e+01
1.237732277881208276e+01
1.221554482167817035e+01
1.205733695599805522e+01
1.190455610708234424e+01
1.175919540918584971e+01
1.162338945067148899e+01
1.149941319304716458e+01
1.138965777102809440e+01
1.129658375573705520e+01
1.122266363970591030e+01
1.117032074536372477e+01
1.114187062698591113e+01
1.113947273712617836e+01
1.116508454042573817e+01
1.122040075156110284e+01
1.130677805084188492e+01
1.142515427137499984e+01
1.157597089817688030e+01
1.175911137294359499e+01
1.197385456977363916e+01
1.221884009101772683e+01
1.249205819148831509e+01
1.279085845195088567e+01
1.311195525294532693e+01
1.345144692033887779e+01
1.380487651870854116e+01
1.416731715302012518e+01
1.453345244544764370e+01
1.489766007092027245e+01
1.525412424901079333e+01
1.559698176917388324e+01
1.592048570784498729e+01
1.621917469718274063e+01
1.648804685791160907e+01
1.672273750279049054e+01
1.691969048389465868e+01
1.707630574184705452e+01
1.719104496304766272e+01
1.726348156684039736e+01
1.729428805458151075e+01
1.728516193937564438e+01
1.723869952141887296e+01
1.715823211170624418e+01
1.704764040132575786e+01
1.691116171575174576e+01
1.675320423224129485e+01
1.657818092040978186e+01
1.639037167360879010e+01
1.619381548946387994e+01
1.599222940982470575e+01
1.578894994769396654e+01
1.558689480078915857e+01
1.538854464212010598e+01
1.519594468352899774e+01
1.501072360780019999e+01
1.483412531917624477e+01
1.466704835642800830e+01
1.451008867734656249e+01
1.436358260763371852e+01
1.422764752671198529e+01
1.410221880788722260e+01
1.398708269593490883e+01
1.388190580252499373e+01
1.378626220809963066e+01
1.369965859353333748e+01
1.362155708666643861e+01
1.355139510687193827e+01
1.348860164543222773e+01
1.343260984035469896e+01
1.338286616363589943e+01
1.333883680362703927e+01
1.330001190485022633e+01
1.326590826104254361e+01
1.323607090928582686e+01
1.321007393904020866e+01
1.318752071980191154e+01
1.316804368406727654e+01
1.315130375616137037e+01
1.313698950590557324e+01
1.312481608215530748e+01
1.311452399192419094e+01
1.310587777054711367e+01
1.309866459855150822e+01
1.309269290676665243e+01
1.308779100364770720e+01
1.308380576062932832e+01
1.308060137698836911e+01
