1.083985010547148775e+01
1.061062007493905135e+01
1.041011196740365286e+01
1.024190352716537156e+01
1.010915655124612300e+01
1.001450582719247073e+01
9.960038111375936865e+00
9.947253247708877311e+00
9.976924554979062165e+00
1.004901977681357117e+01
1.016274501102348538e+01
1.031658685019282196e+01
1.050833052251759447e+01
1.073513812226809172e+01
1.099364725428872092e+01
1.128003774743789656e+01
1.159012782382311357e+01
1.191950027574053728e+01
1.226359995742070552e+01
1.261780060711217288e+01
1.297746747462882588e+01
1.333802535607992823e+01
1.369503354764342262e+01
1.404426626283772706e+01
1.438178954781447949e+01
1.470402453765511197e+01
1.500779629827839479e+01
1.529037644838271959e+01
1.554952676183457960e+01
1.578354197539551684e+01
1.599128171705957868e+01
1.617218018692759784e+01
1.632622758177332045e+01
1.645392469478873920e+01
1.655621752222026544e+01
1.663442046820919984e+01
1.669013567223579386e+01
1.672517388986544518e+01
1.674148049299278540e+01
1.674106881325450402e+01
1.672596214122211578e+01
1.669814506054550662e+01
1.665952428095959448e+01
1.661189868003718217e+01
1.655693790905236185e+01
1.649616871158615439e+01
1.643096800375170119e+01
1.636256164185112638e+01
1.629202777642714750e+01
1.622030371887665012e+01
1.614819531294208232e+01
1.607638788873833136e+01
1.600545801568412330e+01
1.593588542637012573e+01
1.586806464025041485e+01
1.580231596538823524e+01
1.573889568996989929e+01
1.567800536655064114e+01
1.561980016040156372e+01
1.556439627928920544e+01
1.551187754286580223e+01
1.546230114837615943e+01
1.541570271520971325e+01
1.537210067402485336e+01
1.533150007090331179e+01
1.529389585566829446e+01
1.525927570692915936e+01
1.522762244912300389e+01
1.519891611858256475e+01
1.517313571552335283e+01
1.515026068392926284e+01
1.513027215403780268e+01
1.511315398119248954e+01
1.509889360885178355e+01
1.508748277669988269e+01
1.507891809070968137e+01
1.507320147640819386e+01
1.507034052335263752e+01
1.507034872955133942e+01
1.507324565058687149e+01
1.507905695440577354e+01
1.508781437879442855e+01
1.509955558507724582e+01
1.511432389711415425e+01
1.513216790976722592e+01
1.515314094621725793e+01
1.517730033647131549e+01
1.520470648877313025e+01
1.523542170516029870e+01
1.526950869355962759e+01
1.530702871965731937e+01
1.534803932216560085e+01
1.539259150262822473e+01
1.544072628739589348e+01
1.549247054856172312e+01
1.554783195078273650e+01
1.560679287456423481e+01
1.566930317455902077e+01
1.573527162073522412e+01
1.580455589407096006e+01
1.587695105229890657e+01
1.595217643602090085e+01
1.602986108414237876e+01
1.610952785008920074e+01
1.619057656048483196e+01
1.627226672183347489e+01
1.635370044641760856e+01
1.643380643627765636e+01
1.651132602309713704e+01
1.658480236953469600e+01
1.665257404665221230e+01
1.671277432861547041e+01
1.676333768379613787e+01
1.680201509429169349e+01
1.682639995834609437e+01
1.683396651310272674e+01
1.682212266574685700e+01
1.678827861138616129e+01
1.672993162618949370e+01
1.664476571444815178e+01
1.653076240117435702e+01
1.638631648202248314e+01
1.621034809904390528e+01
1.600240025437503277e+01
1.576271096158388829e+01
1.549225266848183402e+01
1.519273795008631467e+01
1.486659648827080993e+01
1.451693044552074774e+01
1.414745444321440360e+01
1.376242473128137256e+01
1.336655950677096882e+01
1.296494865804699259e+01
1.256295179119112504e+01
1.216609361798371758e+01
1.177997370250657383e+01
1.141019112501102128e+01
1.106225339533569851e+01
1.074144914557905928e+01
1.045271763267767717e+01
1.020053768088754964e+01
9.988803917039225766e+00
9.820701037230067598e+00
9.698606091578330535e+00
9.624012684643012960e+00
9.597484012590722813e+00
9.618587055811309128e+00
9.685889667246030399e+00
9.797117044990878654e+00
9.949297400478211983e+00
1.013886025230393884e+01
1.036173835431229051e+01
1.061349394995260376e+01
1.088949054566173658e+01
1.118505659698162269e+01
1.149559308937148394e+01
1.181663434714263161e+01
1.214388514225626992e+01
1.247326108710795545e+01
1.280094724921234217e+01
1.312346208983583473e+01
1.343770404677726127e+01
1.374097228030778517e+01
1.403096949404401173e+01
1.430579885593698997e+01
1.456396138418699948e+01
1.480435286965131070e+01
1.502625589812630302e+01
1.522932299404747347e+01
1.541354941676690338e+01
1.557923657107071236e+01
1.572694864355855948e+01
1.585746560804885519e+01
1.597173559748133975e+01
1.607082909908097790e+01
1.615589676487363135e+01
1.622813199987844257e+01
1.628873895551502216e+01
1.633890611809822246e+01
1.637978534730489955e+01
1.641247598650310380e+01
1.643801351660118826e+01
1.645736213912783441e+01
1.647141065222614387e+01
1.648097099802619425e+01
1.648677890616073327e+01
1.648949611881393906e+01
1.648971375455289845e+01
1.648795643826450785e+01
1.648468689319744840e+01
1.648031075212134411e+01
1.647518139961432837e+01
1.646960470380995289e+01
1.646384353424554092e+01
1.645812199371878393e+01
1.645262931741608625e+01
1.644752341087320247e+01
1.644293401362688201e+01
1.643896548510809197e+01
1.643569921670791700e+01
1.643319567884672949e+01
1.643149611441358715e+01
1.643062389087887709e+01
1.643058552357086910e+01
1.643137138191529445e+01
1.643295608894079862e+01
1.643529862296291100e+01
1.643834212874831380e+01
1.644201344403735376e+01
1.644622234617265022e+01
1.645086052292834466e+01
1.645580027204973916e+01
1.646089293513512075e+01
1.646596707325769060e+01
1.647082639621005029e+01
1.647524746158740072e+01
1.647897716825142567e+01
1.648173007772775733e+01
1.648318560882211514e+01
1.648298516523745150e+01
1.648072927345781480e+01
1.647597482734125762e+01
1.646823255871942848e+01
1.645696487831785859e+01
1.644158425974552884e+01
1.642145236926205953e+01
1.639588017781368023e+01
1.636412932837247780e+01
1.632541506986286706e+01
1.627891110874908875e+01
1.622375676472210415e+01
1.615906683970679936e+01
1.608394460849016028e+01
1.599749828560257292e+01
1.589886120198639574e+01
1.578721569840915251e+01
1.566182041668019842e+01
1.552204024468142229e+01
1.536737772123361268e+01
1.519750434779306048e+01
1.501229013882016439e+01
1.481182999220130725e+01
1.459646608033392567e+01
1.436680626609177835e+01
1.412373922032436724e+01
1.386844702763941228e+01
1.360241544976861938e+01
1.332744099424506068e+01
1.304563304517428790e+01
1.275940887609588259e+01
1.247147948075732948e+01
1.218482465104793988e+01
1.190265718378491577e+01
1.162837946500347819e+01
1.136553910199386408e+01
1.111778782505600738e+01
1.088883836676732386e+01
1.068240838125280234e+01
1.050214547025206535e+01
1.035152424718502573e+01
1.023371939051908619e+01
1.015150170728686874e+01
1.010717013204223846e+01
1.010248466550814683e+01
1.013858859391709721e+01
1.021593038522665609e+01
1.033421527180701460e+01
1.049239026438728040e+01
1.068868725038744394e+01
1.092069154394696362e+01
1.118537176492318608e+01
1.147913116522390453e+01
1.179791354152987815e+01
1.213731294888662227e+01
1.249266965116059680e+01
1.285915137210986181e+01
1.323181598690442939e+01
1.360567823822955269e+01
1.397580340212153338e+01
1.433741736015660173e+01
1.468600711148664040e+01
1.501740212323647938e+01
1.532784627941821221e+01
1.561407174601396441e+01
1.587337515363038598e+01
1.610368668856803254e+01
1.630361986826445531e+01
1.647249204779412679e+01
1.661031037973976510e+01
1.671772378204715537e+01
1.679594653818522687e+01
1.684666247432519270e+01
1.687191987348562350e+01
1.687402622306586153e+01
1.685544934898238623e+01
1.681872889064317533e+01
1.676640004691401487e+01
1.670093027210191394e+01
1.662466915252365851e+01
1.653981111549411054e+01
1.644836992867098147e+01
1.635216341884063240e+01
1.625280663840850437e+01
1.615171182128325000e+01
1.605009377814688420e+01
1.594897971668042302e+01
1.584922261014490452e+01
1.575151721977193908e+01
1.565641779051359705e+01
1.556435638722569337e+01
1.547566089439956905e+01
1.539057188157612188e+01
1.530925778083944877e+01
1.523182809848888120e+01
1.515834462165745400e+01
1.508883076670174006e+01
1.502327929915046312e+01
1.496165871776355516e+01
1.490391855980399782e+01
1.484999387674560367e+01
1.479980905083992937e+01
1.475328109994746306e+01
1.471032255344628759e+01
1.467084396785790190e+01
1.463475612047460039e+01
1.460197191052739818e+01
1.457240799816918653e+01
1.454598619628006517e+01
1.452263464388090775e+01
1.450228878300982416e+01
1.448489216970340898e+01
1.447039713819637008e+01
1.445876534172872319e+01
1.444996819347949923e+01
1.444398722771927090e+01
1.444081439754790530e+01
1.444045231560562570e+01
1.444291445220805770e+01
1.444822529409636402e+01
1.445642046416404369e+01
1.446754679882803529e+01
1.448166237596880634e+01
1.449883648272295034e+01
1.451914950072156252e+01
1.454269269061181014e+01
1.456956784623545786e+01
1.459988678110079086e+01
1.463377060155349341e+01
1.467134871355456305e+01
1.471275750387339620e+01
1.475813861546709838e+01
1.480763673449392037e+01
1.486139678835947109e+01
1.491956044266793846e+01
1.498226177099527234e+01
1.504962195995636165e+01
1.512174288824414603e+01
1.519869941790058832e+01
1.528053020344198387e+01
1.536722681576200245e+01
1.545872095554436143e+01
1.555486952454439376e+01
1.565543731896682367e+01
1.576007717550075071e+01
1.586830751898099301e+01
1.597948752897404923e+01
1.609279054221604710e+01
1.620717687644808791e+01
1.632136795370064419e+01
1.643382426946979891e+01
1.654273015945287284e+01
1.664598816223545796e+01
1.674122505125667715e+01
1.682581050850283688e+01
1.689688843601983592e+01
1.695142102509473503e+01
1.698624717699733111e+01
1.699815896949365879e+01
1.698400072103626712e+01
1.694079259473613064e+01
1.686587425219459746e+01
1.675705665857079296e+01
1.661276577695388568e+01
1.643216290419814385e+01
1.621523104304787211e+01
1.596282226759298517e+01
1.567666622370039420e+01
1.535934344996014644e+01
1.501422931788066784e+01
1.464541440508314452e+01
1.425760519261793391e+01
1.385600702513267102e+01
1.344619274103637707e+01
1.303396842544900025e+01
1.262525508378948835e+01
1.222599498625491599e+01
1.184206271771856933e+01
1.147914464794664724e+01
1.114258401006292232e+01
1.083724718303345291e+01
1.056745567503053884e+01
1.033692624214416789e+01
1.014864696697106794e+01
1.000475463432086443e+01
9.906486488335586316e+00
9.854172987863792699e+00
9.847236830129741492e+00
9.884206807586730648e+00
9.962835165680386851e+00
1.008026518120472304e+01
1.023311853527554049e+01
1.041759223631180120e+01
1.062959835665878039e+01
1.086490007588026963e+01
1.111923712455740620e+01
1.138843715426383874e+01
1.166849317998376812e+01
1.195559932368952438e+01
1.224617040777683563e+01
1.253687226390489506e+01
1.282466389071477941e+01
1.310683729116872520e+01
1.338104350666959164e+01
1.364530159779673824e+01
1.389799304613116426e+01
1.413784626733923844e+01
1.436391573973710756e+01
1.457555868038315161e+01
1.477241049263849249e+01
1.495435904252354220e+01
1.512151736944097458e+01
1.527419460539779017e+01
1.541286536435404741e+01
1.553813835415332001e+01
1.565072527593179252e+01
1.575141117418282022e+01
1.584102723842188531e+01
1.592042680135670096e+01
1.599046494675639885e+01
1.605198184505246317e+01
1.610578968222721841e+01
1.615266288138559148e+01
1.619333121798389286e+01
1.622847538377310173e+01
1.625872456226561624e+01
1.628465559948491759e+01
1.630679340282064160e+01
1.632561225016592488e+01
1.634153773930524522e+01
1.635494915953056605e+01
1.636618210809893625e+01
1.637553121133031553e+01
1.638325284313024000e+01
1.638956775885974082e+01
1.639466358369642762e+01
1.639869711222418402e+01
1.640179638872895396e+01
1.640406254874972802e+01
1.640557140999552033e+01
1.640637480665066761e+01
1.640650166564588019e+01
1.640595882630251268e+01
1.640473160750374859e+01
1.640278412836167732e+01
1.640005938941045471e+01
1.639647912299555443e+01
1.639194342298258888e+01
1.638633016569281153e+01
1.637949423672395000e+01
1.637126658144059732e+01
1.636145310084065585e+01
1.634983342090788128e+01
1.633615956945921965e+01
1.632015460497129311e+01
1.630151125199428463e+01
1.627989061152092631e+01
1.625492103030151014e+01
1.622619723366612021e+01
1.619327984582002244e+01
1.615569544695352278e+01
1.611293734050860493e+01
1.606446722880562916e+01
1.600971802019376966e+01
1.594809800283286272e+01
1.587899662773271459e+01
1.580179213174751141e+01
1.571586119462724263e+01
1.562059076059531648e+01
1.551539205620991879e+01
1.539971670400282200e+01
1.527307468266868717e+01
1.513505372521323444e+01
1.498533962541016251e+01
1.482373686699297721e+01
1.465018904973815772e+01
1.446479876361607886e+01
1.426784684468268516e+01
1.405981119438559901e+01
1.384138535268592562e+01
1.361349670135652978e+01
