1.294194589980536314e+01
1.296654622535928247e+01
1.299020944096754704e+01
1.301278210310102779e+01
1.303413053536409905e+01
1.305413835087547447e+01
1.307270418174569748e+01
1.308973962100156108e+01
1.310516739066031100e+01
1.311891973388136456e+01
1.313093702586618328e+01
1.314116659292452560e+01
1.314956173013894691e+01
1.315608090942203212e+01
1.316068716770665858e+01
1.316334766863425010e+01
1.316403343316506103e+01
1.316271923787372700e+01
1.315938368175265261e+01
1.315400942486403935e+01
1.314658360536718007e+01
1.313709844411943450e+01
1.312555204860300329e+01
1.311194943111526889e+01
1.309630376066389879e+01
1.307863786793512695e+01
1.305898602946253462e+01
1.303739606552947627e+01
1.301393178083378110e+01
1.298867578442792414e+01
1.296173273527464431e+01
1.293323305146358848e+01
1.290333712026625435e+01
1.287224002266174416e+01
1.284017677373683597e+01
1.280742804069351415e+01
1.277432623723098182e+01
1.274126187709856062e+01
1.270868999923882825e+01
1.267713652196394492e+01
1.264720440231119625e+01
1.261957955558347955e+01
1.259503646970592783e+01
1.257444335463255847e+01
1.255876630373738756e+01
1.254907140551433109e+01
1.254652326808784757e+01
1.255237841507723040e+01
1.256797284358797562e+01
1.259470436697513662e+01
1.263401140068449457e+01
1.268734964911311280e+01
1.275616545539622670e+01
1.284186114179100713e+01
1.294574741994120792e+01
1.306898334946654927e+01
1.321251159038476075e+01
1.337699613708329416e+01
1.356275890795856931e+01
1.376970665078212264e+01
1.399725035508892823e+01
1.424423106014208074e+01
1.450886066854055834e+01
1.478867544598514172e+01
1.508050282481013760e+01
1.538045175510793428e+01
1.568393648537076679e+01
1.598573501997508473e+01
1.628008035941039822e+01
1.656078778704902632e+01
1.682142414868168245e+01
1.705551999191894552e+01
1.725681850116478344e+01
1.741955012588565666e+01
1.753871699006711538e+01
1.761036601759442277e+01
1.763182585839715699e+01
1.760188122735384653e+01
1.752086082253098809e+01
1.739062442339744408e+01
1.721445059790522336e+01
1.699684278466018839e+01
1.674328148085616164e+01
1.645995093405243637e+01
1.615346230057420485e+01
1.583058776352885921e+01
1.549801748058394857e+01
1.516215214355066898e+01
1.482893877834896657e+01
1.450374511837877201e+01
1.419126533665273371e+01
1.389546144089297997e+01
1.361954411555991307e+01
1.336597900669255878e+01
1.313650681441876067e+01
1.293218625143448897e+01
1.275346062173961670e+01
1.260022793591936718e+01
1.247190866072567594e+01
1.236752693320595498e+01
1.228580639351910264e+01
1.222525609577236949e+01
1.218422912721665341e+01
1.216096525116869387e+01
1.215363800549984319e+01
1.216040885219919687e+01
1.217947382922914912e+01
1.220909339852409659e+01
1.224761053676840739e+01
1.229346641998989575e+01
1.234521673272697306e+01
1.240154499180713898e+01
1.246126869226649703e+01
1.252333774139807510e+01
1.258682746376368655e+01
1.265092909427463930e+01
1.271493984449367076e+01
1.277825350939347970e+01
1.284035179600181920e+01
1.290079621073384253e+01
1.295922033195282985e+01
1.301532235449236197e+01
1.306885788112379032e+01
1.311963298921933507e+01
1.316749764105811060e+01
1.321233950015879799e+01
1.325407821105218176e+01
1.329266018834621121e+01
1.332805392040914327e+01
1.336024579148770464e+01
1.338923641789956953e+01
1.341503746041689915e+01
1.343766888881777888e+01
1.345715665740079281e+01
1.347353076330016997e+01
1.348682364921012145e+01
1.349706891504341399e+01
1.350430030767274125e+01
1.350855096232548291e+01
1.350985287364174248e+01
1.350823657837810821e+01
1.350373103616899328e+01
1.349636369893181254e+01
1.348616076365225958e+01
1.347314760743607032e+01
1.345734940812402058e+01
1.343879195860581532e+01
1.341750268723932216e+01
1.339351190103528566e+01
1.336685426137445987e+01
1.333757051403610561e+01
1.330570948190275260e+01
1.327133034095689545e+01
1.323450518271164000e+01
1.319532184493060711e+01
1.315388699423885122e+01
1.311032942784770583e+01
1.306480352550997992e+01
1.301749280499904593e+01
1.296861352449460369e+01
1.291841832311376059e+01
1.286719994750142426e+01
1.281529521725446230e+01
1.276308945314923804e+01
1.271102164570133120e+01
1.265959056780932634e+01
1.260936178612650060e+01
1.256097511535158340e+01
1.251515157372654663e+01
1.247269866673042849e+01
1.243451303105035244e+01
1.240158019063276029e+01
1.237497192606601715e+01
1.235584190489698919e+01
1.234541920919691727e+01
1.234499798071997034e+01
1.235592121479087702e+01
1.237955907698626312e+01
1.241728484603221183e+01
1.247045085008641152e+01
1.254036241750745617e+01
1.262824366734992232e+01
1.273519061438677547e+01
1.286211452717112991e+01
1.300968343616563239e+01
1.317826642182063246e+01
1.336787955308520459e+01
1.357813007528627125e+01
1.380815944154774044e+01
1.405659020437260764e+01
1.432148169290435824e+01
1.460029789810771206e+01
1.488989146639316097e+01
1.518650951344463884e+01
1.548582652362808787e+01
1.578300495323131258e+01
1.607278104813430986e+01
1.634957600050083570e+01
1.660763715188615208e+01
1.684121383801814531e+01
1.704476600554615473e+01
1.721319552595394242e+01
1.734208461683125790e+01
1.742792308029471116e+01
1.746830426496338973e+01
1.746206860535916405e+01
1.740937588620369070e+01
1.731169541647266286e+01
1.717171567487442019e+01
1.699318667508353187e+01
1.678071489073608191e+01
1.653953177586013013e+01
1.627525553702877659e+01
1.599366391543929034e+01
1.570049253073414697e+01
1.540126712388016728e+01
1.510116976312031412e+01
1.480493381669671571e+01
1.451676379873359224e+01
1.424028092270318169e+01
1.397849651168800733e+01
1.373381137383114847e+01
1.350803539717220580e+01
1.330242246642636950e+01
1.311771731940774899e+01
1.295421034932996207e+01
1.281179457892939055e+01
1.269002066172621923e+01
1.258815122352517868e+01
1.250521804177255447e+01
1.244008131950996976e+01
1.239148470509306499e+01
1.235809886052193285e+01
1.233855314253749214e+01
1.233146120617471375e+01
1.233544572988467891e+01
1.234916255264567297e+01
1.237132123624530777e+01
1.240069966747769747e+01
1.243615339353440241e+01
1.247662184252500595e+01
1.252113267640955563e+01
1.256880405336246476e+01
1.261884402414473350e+01
1.267054682555172462e+01
1.272328674683499550e+01
1.277651075943876968e+01
1.282973110701265362e+01
1.288251862913760704e+01
1.293449707302962537e+01
1.298533827751433378e+01
1.303475795495893585e+01
1.308251178902425949e+01
1.312839165424768062e+01
1.317222186430360331e+01
1.321385543646584182e+01
1.325317042429155201e+01
1.329006637679326452e+01
1.332446099588448796e+01
1.335628704230895458e+01
1.338548951609895887e+01
1.341202313086147591e+01
1.343585008824298477e+01
1.345693813129269500e+01
1.347525886601609990e+01
1.349078633185652087e+01
1.350349580818846107e+01
1.351336283641333935e+01
1.352036243960980677e+01
1.352446853139918304e+01
1.352565351245720748e+01
1.352388804473199180e+01
1.351914100803262286e+01
1.351137964463115537e+01
1.350056990211978913e+01
1.348667698947825677e+01
1.346966616493362423e+01
1.344950377711062117e+01
1.342615859546608270e+01
1.339960345186194068e+01
1.336981722985328247e+01
1.333678724277168826e+01
1.330051203845114216e+01
1.326100465880910484e+01
1.321829638981071398e+01
1.317244102605484812e+01
1.312351967175669110e+01
1.307164606791841521e+01
1.301697243386202985e+01
1.295969579272863825e+01
1.290006471412880273e+01
1.283838641139744396e+01
1.277503411901268926e+01
1.271045470333362104e+01
1.264517651546534616e+01
1.257981755286721182e+01
1.251509408627568121e+01
1.245182992146604661e+01
1.239096615408770852e+01
1.233357053467242359e+01
1.228084441305127505e+01
1.223412427323681406e+01
1.219487535274086909e+01
1.216467770025441553e+01
1.214520897054707937e+01
1.213822790797488338e+01
1.214555568483835479e+01
1.216904544301128688e+01
1.221053464968840885e+01
1.227178990626276089e+01
1.235445922806607832e+01
1.246002905827235452e+01
1.258976482092883664e+01
1.274462352728433601e+01
1.292515676743073705e+01
1.313142950158917266e+01
1.336295313721009670e+01
1.361861636930421859e+01
1.389661998335674831e+01
1.419443574615307035e+01
1.450878798861707963e+01
1.483564930691749950e+01
1.517026270599186866e+01
1.550720344143450014e+01
1.584047612901305335e+01
1.616364336678414304e+01
1.646999331650175336e+01
1.675275017437354919e+01
1.700531920717935108e+01
1.722155348277314602e+01
1.739603048681000530e+01
1.752432388720998091e+01
1.760324799616123315e+01
1.763104625327624930e+01
1.760749638599075340e+01
1.753391560330571863e+01
1.741306574718323574e+01
1.724897373665054801e+01
1.704669139515712928e+01
1.681202089047861747e+01
1.655123045178982011e+01
1.627078121273242672e+01
1.597708090476290188e+01
1.567627514596143889e+01
1.537408171593173201e+01
1.507566632918655714e+01
1.478555408213608047e+01
1.450757385215837658e+01
1.424483738603822225e+01
1.399975122404512717e+01
1.377405149490020086e+01
1.356885176809567639e+01
1.338470339758170446e+01
1.322167019972095225e+01
1.307940866873381758e+01
1.295724042126130549e+01
1.285421503766385420e+01
1.276917163604191607e+01
1.270080261434524083e+01
1.264771270777917067e+01
1.260846597567169702e+01
1.258162004964141545e+01
1.256575217308210135e+01
1.255948160870295283e+01
1.256148988173204195e+01
1.257053772229073019e+01
1.258547716386874527e+01
1.260525805591063886e+01
1.262892952119502432e+01
1.265563775381512635e+01
1.268462166914396327e+01
1.271520752248523856e+01
1.274680309817181545e+01
1.277889169036469674e+01
1.281102596141593430e+01
1.284282170058405548e+01
1.287395157070051432e+01
1.290413895236389585e+01
1.293315203590676532e+01
1.296079827406424911e+01
1.298691927161412529e+01
1.301138616843961238e+01
1.303409551503322383e+01
1.305496562390275095e+01
1.307393337788565901e+01
1.309095145079147038e+01
1.310598590767864557e+01
1.311901414383328124e+01
1.313002313179019964e+01
1.313900794787690529e+01
1.314597055409867821e+01
1.315091880981850458e+01
1.315386569746285872e+01
1.315482874788669676e+01
1.315382965332143073e+01
1.315089405935212596e+01
1.314605152969413027e+01
1.313933568162912557e+01
1.313078449065703879e+01
1.312044076654945712e+01
1.310835280671150116e+01
1.309457523268475754e+01
1.307917001660785949e+01
1.306220770658856267e+01
1.304376885919945295e+01
1.302394568380165829e+01
1.300284390292763526e+01
1.298058481680183895e+01
1.295730757023811464e+01
1.293317160369484142e+01
1.290835925934788797e+01
1.288307853512371004e+01
1.285756597470106222e+01
1.283208970395740067e+01
1.280695266179620084e+01
1.278249609418742949e+01
1.275910340693645573e+01
1.273720443459387575e+01
1.271728011037670925e+01
1.269986735318795823e+01
1.268556376892434301e+01
1.267503152582566450e+01
1.266899962104711719e+01
1.266826375102163738e+01
1.267368332535268038e+01
1.268617573496311657e+01
1.270670856731791254e+01
1.273629068768440575e+01
1.277596261840374403e+01
1.282678541387409155e+01
1.288982586068522806e+01
1.296613522120606632e+01
1.305671989961818902e+01
1.316250505696712381e+01
1.328429378232370262e+01
1.342272349258263731e+01
1.357821906744031182e+01
1.375094175955314135e+01
1.394073552898889545e+01
1.414707482178765119e+01
1.436901587431509775e+01
1.460515026720427478e+01
1.485356001670002257e+01
1.511177878644952166e+01
1.537676923862552769e+01
1.564492628841820654e+01
1.591210980886777371e+01
1.617370432764078458e+01
1.642470279696653179e+01
1.665981635689917084e+01
1.687361595572023276e+01
1.706070938600265308e+01
1.721594989811819332e+01
1.733466510582173825e+01
1.741289019839894436e+01
1.744758664102341683e+01
1.743682557336925143e+01
1.737991537602238168e+01
1.727745740219441117e+01
1.713132279077989750e+01
1.694455430369523086e+01
1.672120688710059966e+01
1.646614634559190549e+01
1.618482627033299437e+01
1.588306069177104440e+01
1.556680662492154354e+01
1.524196820280877240e+01
1.491423097134525122e+01
1.458892922265178349e+01
1.427094321395377108e+01
1.396462156303596025e+01
1.367372627314244760e+01
1.340139759227044358e+01
1.315013693412848284e+01
1.292181318295956416e+01
1.271769713607613284e+01
1.253851108016898763e+01
1.238447322536771900e+01
1.225534073622137399e+01
1.215047157883624784e+01
1.206890258325873511e+01
1.200942050454056620e+01
1.197061679840642157e+01
1.195093667360737655e+01
1.194872891034390072e+01
1.196228997021807317e+01
1.198989846071827259e+01
1.202984451980808700e+01
1.208045855375850053e+01
1.214013799774974167e+01
1.220736842614589079e+01
1.228073775869052042e+01
1.235894470859263805e+01
1.244080257672642098e+01
1.252523905152209593e+01
1.261129277561966688e+01
1.269810778292586129e+01
1.278492703235182937e+01
1.287108597806077093e+01
1.295600658559856377e+01
