1.307831425846135964e+01
1.305495968775520943e+01
1.303014967036011562e+01
1.300400255635188351e+01
1.297665465981609501e+01
1.294826308190527620e+01
1.291900880849160593e+01
1.288910005525227653e+01
1.285877580550483579e+01
1.282830946624752499e+01
1.279801259117625456e+01
1.276823862048344793e+01
1.273938666117193819e+01
1.271190537410644872e+01
1.268629707720258715e+01
1.266312213175599588e+01
1.264300351942400624e+01
1.262663122834850249e+01
1.261476566954976697e+01
1.260823901472291908e+01
1.260795335376729298e+01
1.261487507418466691e+01
1.263002581024926485e+01
1.265447123952415609e+01
1.268930918593584067e+01
1.273565738666331804e+01
1.279463907629805774e+01
1.286736255877906032e+01
1.295489165519316188e+01
1.305820735936297616e+01
1.317816419161825259e+01
1.331544460654993856e+01
1.347051151958364024e+01
1.364355695330341334e+01
1.383444739295683945e+01
1.404266994901475485e+01
1.426728211532081048e+01
1.450686463405511084e+01
1.475947695697609419e+01
1.502261948590419038e+01
1.529321193423999325e+01
1.556759718598745756e+01
1.584157485586883851e+01
1.611046265368360153e+01
1.636918215839591895e+01
1.661237016365290842e+01
1.683452137253602032e+01
1.703016653576719364e+01
1.719408257977110210e+01
1.732152331835897030e+01
1.740845453486874561e+01
1.745177458086633848e+01
1.744949961387160897e+01
1.740089252377316242e+01
1.730651899089641077e+01
1.716822341520495243e+01
1.698902896564830911e+01
1.677297581953706285e+01
1.652491707519394026e+01
1.625029256625459340e+01
1.595489853884423681e+01
1.564466813193771522e+01
1.532547484644840630e+01
1.500296741187023564e+01
1.468243823266104364e+01
1.436872146157988617e+01
1.406611590000848011e+01
1.377833132591293541e+01
1.350845684202517916e+01
1.325894835501340374e+01
1.303163701155412824e+01
1.282776324482069619e+01
1.264802837313411032e+01
1.249264460603969162e+01
1.236138039635049601e+01
1.225361762175872471e+01
1.216842466734234662e+01
1.210462820129666461e+01
1.206087026855500000e+01
1.203565544350639449e+01
1.202739644493958160e+01
1.203445659585420557e+01
1.205518476534860639e+01
1.208794364034783442e+01
1.213113535903855045e+01
1.218322595881861936e+01
1.224276623031168398e+01
1.230840616263186860e+01
1.237890258303946567e+01
1.245312142575773784e+01
1.253003648265893943e+01
1.260872608115049331e+01
1.268836847427232861e+01
1.276823636800846984e+01
1.284769091442421107e+01
1.292617549396797649e+01
1.300320952215930781e+01
1.307838238992300894e+01
1.315134754086124147e+01
1.322181663849745092e+01
1.328955376661948407e+01
1.335436963615405404e+01
1.341611584705227855e+01
1.347467927333869397e+01
1.352997668965117839e+01
1.358194971910685744e+01
1.363056018523140267e+01
1.367578590989481668e+01
1.371761696787950946e+01
1.375605240109437588e+01
1.379109735910791912e+01
1.382276063364100338e+01
1.385105254904176775e+01
1.387598316994113290e+01
1.389756078236816705e+01
1.391579061904636205e+01
1.393067379533959382e+01
1.394220643324775111e+01
1.395037895323888932e+01
1.395517551880210583e+01
1.395657362419082048e+01
1.395454382090882106e+01
1.394904958363666836e+01
1.394004732149605097e+01
1.392748654541395759e+01
1.391131020795092788e+01
1.389145523756404899e+01
1.386785329516427012e+01
1.384043178724796697e+01
1.380911517656567966e+01
1.377382663847962796e+01
1.373449011580720480e+01
1.369103283039072849e+01
1.364338831564557353e+01
1.359150003702685083e+01
1.353532567311938450e+01
1.347484211765492645e+01
1.341005126060194996e+01
1.334098660468981201e+01
1.326772072782739542e+01
1.319037359625351691e+01
1.310912166037643267e+01
1.302420760945016376e+01
1.293595056473404981e+01
1.284475640000520613e+01
1.275112781759189140e+01
1.265567385802920519e+01
1.255911868934565589e+01
1.246230985637894051e+01
1.236622651334102763e+01
1.227198818637118727e+01
1.218086396987146891e+01
1.209428066290803372e+01
1.201382689449180141e+01
1.194124951795302891e+01
1.187843922632156968e+01
1.182740515317805219e+01
1.179024232100014835e+01
1.176909853486319513e+01
1.176614334950330054e+01
1.178352983287225442e+01
1.182333579674259738e+01
1.188748831144460816e+01
1.197769570688296348e+01
1.209539779966341122e+01
1.224170402029782245e+01
1.241728605763888815e+01
1.262225167657871516e+01
1.285606481720301453e+01
1.311751619437956684e+01
1.340468816666918705e+01
1.371490483169245955e+01
1.404470946369293571e+01
1.438987970648765113e+01
1.474546623132833822e+01
1.510586055567847730e+01
1.546490088553201936e+01
1.581601091725032937e+01
1.615236887228088136e+01
1.646711051915139379e+01
1.675356292978672457e+01
1.700549704694976683e+01
1.721738744984696012e+01
1.738466819065347835e+01
1.750396588999683445e+01
1.757328189893273773e+01
1.759209574081323169e+01
1.756137433343692322e+01
1.748348807439057850e+01
1.736204756870878185e+01
1.720168096149438952e+01
1.700777364065833908e+01
1.678619238643261724e+01
1.654301612715415004e+01
1.628429359725243586e+01
1.601584141909280490e+01
1.574308519474572066e+01
1.547093833261334872e+01
1.520371473983313493e+01
1.494507642688510529e+01
1.469801667927892197e+01
1.446487429519414114e+01
1.424737085910809142e+01
1.404666287546523229e+01
1.386340246945104226e+01
1.369780314483964290e+01
1.354970840879959049e+01
1.341865987064884891e+01
1.330396044645272013e+01
1.320473023646720989e+01
1.311995569786664362e+01
1.304853415790071658e+01
1.298931458233254865e+01
1.294113351801570388e+01
1.290284433341862602e+01
1.287333866760239864e+01
1.285156057263760054e+01
1.283651515030306101e+01
1.282727374398708520e+01
1.282297717148487948e+01
1.282283767119158746e+01
1.282613964412950125e+01
1.283223906260000824e+01
1.284056146528104314e+01
1.285059863915355471e+01
1.286190427553158955e+01
1.287408895965206845e+01
1.288681485571577845e+01
1.289979039025919505e+01
1.291276514925369234e+01
1.292552512957125188e+01
1.293788841687548796e+01
1.294970130600552238e+01
1.296083486244687144e+01
1.297118189901896201e+01
1.298065433067616503e+01
1.298918086910721748e+01
1.299670503138661637e+01
1.300318342610825084e+01
1.300858429170266817e+01
1.301288626607689025e+01
1.301607736558148254e+01
1.301815415764612993e+01
1.301912111372149816e+01
1.301899013134521610e+01
1.301778021644883587e+01
1.301551731950361024e+01
1.301223432043092387e+01
1.300797115981488616e+01
1.300277511609117909e+01
1.299670123269847721e+01
1.298981289960359931e+01
1.298218259353486559e+01
1.297389279517547500e+01
1.296503708842309521e+01
1.295572145561398436e+01
1.294606579089768061e+01
1.293620564397747508e+01
1.292629420339615898e+01
1.291650452083747957e+01
1.290703198042105093e+01
1.289809698429909979e+01
1.288994781553665803e+01
1.288286362257666262e+01
1.287715743075397512e+01
1.287317908562175361e+01
1.287131800205849252e+01
1.287200559852710313e+01
1.287571730173355711e+01
1.288297401781457729e+01
1.289434299040061127e+01
1.291043794617676177e+01
1.293191840373011203e+01
1.295948796779376089e+01
1.299389134901551657e+01
1.303590976141809321e+01
1.308635428698486081e+01
1.314605675851879418e+01
1.321585767014540558e+01
1.329659050220633887e+01
1.338906169354937603e+01
1.349402542961408535e+01
1.361215267706941923e+01
1.374399437830745541e+01
1.388993955839809225e+01
1.405017027010012676e+01
1.422461593091769316e+01
1.441290882420553565e+01
1.461434045659198944e+01
1.482781669418806914e+01
1.505181089853947363e+01
1.528431954147698946e+01
1.552282955821051580e+01
1.576430628337350548e+01
1.600520563661146767e+01
1.624150963810015469e+01
1.646878444871039093e+01
1.668226344068842693e+01
1.687695990754917830e+01
1.704781286907948967e+01
1.718986542738688073e+01
1.729846959777905369e+01
1.736950569754920437e+01
1.739959975064404318e+01
1.738632014521592239e+01
1.732833492685941934e+01
1.722551309910897288e+01
1.707895747415149046e+01
1.689096405831652703e+01
1.666491330847283336e+01
1.640510845432198295e+01
1.611658108631663211e+01
1.580488292005530937e+01
1.547587786914044194e+01
1.513554409963407643e+01
1.478979325850759530e+01
1.444431336472716687e+01
1.410444131166078918e+01
1.377506665704239275e+01
1.346055905919352291e+01
1.316470705580750433e+01
1.289066834838110864e+01
1.264094896092978182e+01
1.241741901569580087e+01
1.222134244536475656e+01
1.205339793499893197e+01
1.191370608149722088e+01
1.180188780667690018e+01
1.171714431136922485e+01
1.165833063641835743e+01
1.162401726272121216e+01
1.161255275147302690e+01
1.162212669778142882e+01
1.165082118808737377e+01
1.169665118756575417e+01
1.175760279756622140e+01
1.183167207200712845e+01
1.191690255517646513e+01
1.201142059513565563e+01
1.211346423341980838e+01
1.222140004043988881e+01
1.233372801349357495e+01
1.244908036762086212e+01
1.256621960734355703e+01
1.268403720344717911e+01
1.280155146233509811e+01
1.291790341316143476e+01
1.303235092657680561e+01
1.314426196009258518e+01
1.325310757636238002e+01
1.335845482076930857e+01
1.345995920755407127e+01
1.355735655567756659e+01
1.365045416188721816e+01
1.373912152644348694e+01
1.382328099025647994e+01
1.390289867298582216e+01
1.397797602635568204e+01
1.404854221963471517e+01
1.411464745240474095e+01
1.417635721078199218e+01
1.423374740865065924e+01
1.428690032511381958e+01
1.433590123435766550e+01
1.438083561634710250e+01
1.442178685281160355e+01
1.445883431981879674e+01
1.449205180242774382e+01
1.452150616936499183e+01
1.454725626023229168e+01
1.456935194330486283e+01
1.458783331329596322e+01
1.460273000428866652e+01
1.461406059915396050e+01
1.462183212182032754e+01
1.462603960297365013e+01
1.462666571399613247e+01
1.462368046818535205e+01
1.461704099194788675e+01
1.460669137273870000e+01
1.459256259492632957e+01
1.457457257969943853e+01
1.455262634999203364e+01
1.452661634640516830e+01
1.449642292627410889e+01
1.446191508423821048e+01
1.442295143938498825e+01
1.437938154075486707e+01
1.433104755027170185e+01
1.427778637105626736e+01
1.421943229788497298e+01
1.415582027570845014e+01
1.408678986503610808e+01
1.401219002940382374e+01
1.393188487380107432e+01
1.384576048990133046e+01
1.375373308351267987e+01
1.365575858026205758e+01
1.355184390847519893e+01
1.344206012038942788e+01
1.332655740497683894e+01
1.320558179674228860e+01
1.307949299363410312e+01
1.294878215591502624e+01
1.281408799851124236e+01
1.267620925162050227e+01
1.253611209593169384e+01
1.239493284391657113e+01
1.225397853912337709e+01
1.211472956350004893e+01
1.197884662314871207e+01
1.184817941400607211e+01
1.172476988548845256e+01
1.161084468427404204e+01
1.150879674361172889e+01
1.142115462022285932e+01
1.135053180619192226e+01
1.129955848764284099e+01
1.127082082969260135e+01
1.126682240322890927e+01
1.128993774143948059e+01
1.134232396489596084e+01
1.142581070596588511e+01
1.154182122231795304e+01
1.169132492776060595e+01
1.187474686539978386e+01
1.209181731157047857e+01
1.234147992219342527e+01
1.262192080243117687e+01
1.293059737541013199e+01
1.326419307192329811e+01
1.361859379835640915e+01
1.398894629158795944e+01
1.436974932748641187e+01
1.475495169346630320e+01
1.513807832086076033e+01
1.551238867958770840e+01
1.587105436846673534e+01
1.620735459719509208e+01
1.651489286617994523e+01
1.678782768179982909e+01
1.702110403923061455e+01
1.721067223503841248e+01
1.735367557849243880e+01
1.744858188372458585e+01
1.749523736500817606e+01
1.749483646428277694e+01
1.744981586650580496e+01
1.736368749107359477e+01
1.724082605988285266e+01
1.708622761158896353e+01
1.690525762182647895e+01
1.670340909647722683e+01
1.648608940555133628e+01
1.625844783704033603e+01
1.602524574030727678e+01
1.579076343464986643e+01
1.555873725288189746e+01
1.533232429995110024e+01
1.511409585759336771e+01
1.490605894805803899e+01
1.470970022944139011e+01
1.452604202014388513e+01
1.435570079462363147e+01
1.419894314171534511e+01
1.405573904566215049e+01
1.392581389231554567e+01
1.380869931408775209e+01
1.370378132786214564e+01
1.361034370095367230e+01
1.352760508482460367e+01
1.345474955089304636e+01
1.339095095933374502e+01
1.333539194981829290e+01
1.328727839278189116e+01
1.324585003783744064e+01
1.321038798849895102e+01
1.318021954737937307e+01
1.315472091987476055e+01
1.313331822684430250e+01
1.311548721934241613e+01
1.310075203031236946e+01
1.308868324087290347e+01
1.307889548356947529e+01
1.307104475823937761e+01
1.306482560024827322e+01
1.305996819684848376e+01
1.305623554126583841e+01
1.305342067989739618e+01
1.305134409501489934e+01
1.304985125796501677e+01
1.304881037242157227e+01
1.304811032035792984e+01
1.304765881680781625e+01
1.304738077549883357e+01
1.304721688387747847e+01
1.304712238172447414e+01
1.304706603786514130e+01
1.304702931831781676e+01
1.304700573881782510e+01
