1.377726021610840590e+01
1.375936229076769557e+01
1.374396143037561657e+01
1.373094090025029246e+01
1.372020119449886266e+01
1.371165937939170831e+01
1.370524848448672550e+01
1.370091695684875788e+01
1.369862818874701027e+01
1.369836012602702446e+01
1.370010496093610719e+01
1.370386891035742316e+01
1.370967207884142880e+01
1.371754840323970726e+01
1.372754567375238111e+01
1.373972562328949465e+01
1.375416407358765269e+01
1.377095112120916021e+01
1.379019134267779734e+01
1.381200399199927453e+01
1.383652315387884890e+01
1.386389781304190016e+01
1.389429177439024699e+01
1.392788337690276812e+01
1.396486493530338002e+01
1.400544182192496301e+01
1.404983111536874141e+01
1.409825975923421559e+01
1.415096216537243734e+01
1.420817725279995436e+01
1.427014491716936995e+01
1.433710194326188869e+01
1.440927737312524037e+01
1.448688727215363237e+01
1.457012874623552534e+01
1.465917288822933173e+01
1.475415618022425512e+01
1.485516973325031209e+01
1.496224575707733173e+01
1.507534081105124990e+01
1.519431574007851538e+01
1.531891265686975068e+01
1.544872975799740367e+01
1.558319500464173402e+01
1.572153969466001655e+01
1.586277274994471753e+01
1.600565640586565053e+01
1.614868433458525843e+01
1.629006413395791597e+01
1.642770721041343762e+01
1.655922981264899008e+01
1.668196856028567865e+01
1.679301217332182006e+01
1.688924916054651959e+01
1.696743054338554302e+01
1.702424796297449205e+01
1.705642904678969884e+01
1.706085196408089999e+01
1.703467790585561303e+01
1.697549463173688977e+01
1.688145910535019212e+01
1.675142505282863326e+01
1.658504243475169915e+01
1.638281911402708957e+01
1.614613893746616569e+01
1.587723535000011488e+01
1.557912617783138565e+01
1.525552087579938387e+01
1.491071196898884210e+01
1.454945754885956433e+01
1.417685773167822916e+01
1.379822869006186714e+01
1.341897932297220208e+01
1.304449340570619853e+01
1.268001963212094019e+01
1.233057757468785276e+01
1.200088440883933849e+01
1.169528486351484986e+01
1.141766165958841306e+01
1.117134201088541268e+01
1.095903397849203209e+01
1.078279336884508943e+01
1.064400782710907301e+01
1.054338316495811512e+01
1.048092612886484964e+01
1.045596631796613707e+01
1.046723746915727560e+01
1.051297421967048606e+01
1.059099459931720943e+01
1.069875258191502176e+01
1.083338746230608329e+01
1.099182440301265551e+01
1.117088957199087851e+01
1.136738878243448703e+01
1.157816111021158179e+01
1.180012146730815203e+01
1.203029612467873122e+01
1.226585860001162231e+01
1.250416624337634453e+01
1.274279064113355098e+01
1.297953815717745130e+01
1.321246205160971066e+01
1.343986844563047001e+01
1.366031710532245391e+01
1.387261682643655902e+01
1.407581534596822870e+01
1.426918452115497438e+01
1.445220242803377531e+01
1.462453398595517662e+01
1.478601134138069995e+01
1.493661464155579921e+01
1.507645332507037139e+01
1.520574785012788332e+01
1.532481181514053326e+01
1.543403455799067459e+01
1.553386445586145825e+01
1.562479322598972509e+01
1.570734152882169532e+01
1.578204612479376223e+01
1.584944874477347199e+01
1.591008673100118287e+01
1.596448541390844511e+01
1.601315211402114969e+01
1.605657161312637982e+01
1.609520290317767177e+01
1.612947701930767863e+01
1.615979576020083286e+01
1.618653111725352645e+01
1.621002524949611612e+01
1.623059086239595672e+01
1.624851187106715855e+01
1.626404424523429881e+01
1.627741695325706317e+01
1.628883293757463946e+01
1.629847006625372430e+01
1.630648201607163372e+01
1.631299905277057505e+01
1.631812867933223288e+01
1.632195613038901527e+01
1.632454469417429266e+01
1.632593584724315150e+01
1.632614919006158871e+01
1.632518217413905504e+01
1.632300961316994048e+01
1.631958297323717844e+01
1.631482943930505414e+01
1.630865075846203283e+01
1.630092186438617219e+01
1.629148929243119426e+01
1.628016940141379010e+01
1.626674642655255454e+01
1.625097039958018996e+01
1.623255498567736055e+01
1.621117530412585950e+01
1.618646582221385088e+01
1.615801843521922976e+01
1.612538087835825706e+01
1.608805564991306269e+01
1.604549966299155273e+01
1.599712488232102814e+01
1.594230024598838824e+01
1.588035519774343918e+01
1.581058518367069610e+01
1.573225946283072751e+01
1.564463155704257424e+01
1.554695259244877725e+01
1.543848767428925584e+01
1.531853527590794428e+01
1.518644942879569015e+01
1.504166429758480206e+01
1.488372052085848374e+01
1.471229260060354882e+01
1.452721662100602806e+01
1.432851768969795536e+01
1.411643676731077868e+01
1.389145683686384913e+01
1.365432859614398176e+01
1.340609571596491989e+01
1.314811891903736196e+01
1.288209651255544763e+01
1.261007689873553161e+01
1.233445724844045266e+01
1.205796468981193925e+01
1.178362327601706383e+01
1.151471897620205453e+01
1.125477558425740909e+01
1.100753733490501141e+01
1.077693447861835629e+01
1.056701962869630762e+01
1.038188645669511878e+01
1.022556916984160047e+01
1.010191216093112487e+01
1.001442367270965406e+01
9.966165041263542079e+00
9.959683291307555919e+00
9.996873969302901841e+00
1.007882554411085607e+01
1.020575822356989093e+01
1.037700848363826012e+01
1.059101712116479810e+01
1.084533198479207350e+01
1.113669134151134443e+01
1.146116440288759009e+01
1.181423032809771634e+01
1.219081055033738181e+01
1.258536059855600442e+01
1.299203012595873119e+01
1.340481422253598076e+01
1.381765743702278648e+01
1.422454258848139119e+01
1.461960375053236483e+01
1.499726596148504143e+01
1.535239123184504706e+01
1.568041521928581794e+01
1.597746872619482339e+01
1.624047906422864074e+01
1.646724481160085674e+01
1.665647969358302305e+01
1.680782287998697910e+01
1.692181191980200339e+01
1.699981382149091047e+01
1.704391368103007309e+01
1.705676901783700217e+01
1.704144671935554456e+01
1.700126290684114494e+01
1.693964130621616349e+01
1.685999633897285221e+01
1.676563943070504337e+01
1.665970447113946662e+01
1.654509001723533856e+01
1.642441796361019968e+01
1.630000899729798292e+01
1.617387413631946913e+01
1.604772003549228288e+01
1.592296468953983002e+01
1.580076004679946600e+01
1.568201853575052240e+01
1.556744122874274616e+01
1.545754609566648519e+01
1.535269528767482505e+01
1.525312073482318809e+01
1.515894755709332209e+01
1.507021498552356498e+01
1.498689465852798719e+01
1.490890631189304294e+01
1.483613098276069131e+01
1.476842194794611807e+01
1.470561366070596954e+01
1.464752896495787837e+01
1.459398486849823229e+01
1.454479711784467888e+01
1.449978379835768116e+01
1.445876814176984837e+01
1.442158069270388943e+01
1.438806096228520204e+01
1.435805866475256565e+01
1.433143462027706150e+01
1.430806139404494282e+01
1.428782372446918991e+01
1.427061878315524091e+01
1.425635630565771450e+01
1.424495862593107987e+01
1.423636064079059338e+01
1.423050971871843196e+01
1.422736557658300960e+01
1.422690013452439750e+01
1.422909735816807952e+01
1.423395309452588720e+01
1.424147490465949062e+01
1.425168189362011617e+01
1.426460453697715813e+01
1.428028449011160816e+01
1.429877437696400655e+01
1.432013754208880840e+01
1.434444774437167958e+01
1.437178876262986549e+01
1.440225388353953662e+01
1.443594523035870658e+01
1.447297288344769051e+01
1.451345373277593964e+01
1.455750999837164628e+01
1.460526735942255350e+01
1.465685262142804923e+01
1.471239086067120283e+01
1.477200200274371866e+01
1.483579679483754710e+01
1.490387215193654313e+01
1.497630585245718216e+01
1.505315055320273210e+01
1.513442704166338082e+01
1.522011658205025419e+01
1.531015211230319295e+01
1.540440794754363907e+01
1.550268758255927715e+01
1.560470918210645941e+01
1.571008851420491936e+01
1.581831940806875458e+01
1.592875231358547694e+01
1.604057212340692118e+01
1.615277693143755045e+01
1.626415968043477633e+01
1.637329458641413638e+01
1.647852981340837886e+01
1.657798730270426546e+01
1.666957027480983911e+01
1.675097904357152601e+01
1.681973631839500882e+01
1.687322382245973529e+01
1.690873229989939119e+01
1.692352648047928554e+01
1.691492547753041364e+01
1.688039770259347350e+01
1.681766765846531442e+01
1.672483003629087861e+01
1.660046416306124328e+01
1.644373933406399857e+01
1.625450006395889346e+01
1.603332104124968538e+01
1.578152510601899650e+01
1.550116393488983313e+01
1.519496736889950661e+01
1.486627083085314993e+01
1.451893104394205203e+01
1.415723898550253956e+01
1.378583437966754488e+01
1.340961723123876936e+01
1.303364646597884580e+01
1.266302602984468173e+01
1.230279946408877834e+01
1.195787376064412477e+01
1.163295922478916111e+01
1.133249195803860054e+01
1.106053635585317885e+01
1.082068468727382538e+01
1.061595888626601969e+01
1.044874785427749231e+01
1.032078859287948447e+01
1.023312137739464767e+01
1.018603699164406429e+01
1.017909038760587848e+01
1.021116214330346317e+01
1.028054244713221443e+01
1.038500394042370267e+01
1.052185880562738873e+01
1.068803412185703117e+01
1.088017181119771593e+01
1.109474813199645737e+01
1.132817544609275906e+01
1.157687079389018159e+01
1.183731229487982262e+01
1.210608837149818839e+01
1.237993622572873065e+01
1.265577676169075083e+01
1.293075206115292097e+01
1.320226087159134210e+01
1.346798453325178713e+01
1.372590045890271604e+01
1.397428501548471580e+01
1.421170927225419511e+01
1.443703024816926650e+01
1.464937910228982432e+01
1.484814688753818857e+01
1.503296805956929383e+01
1.520370168046050807e+01
1.536041023651926629e+01
1.550333616280147986e+01
1.563287648228934046e+01
1.574955629455951289e+01
1.585400208077999373e+01
1.594691585372831355e+01
1.602905108628713293e+01
1.610119111696653249e+01
1.616413047317135820e+01
1.621865928412560365e+01
1.626555073567125831e+01
1.630555136025609997e+01
1.633937385939946552e+01
1.636769210928081719e+01
1.639113799363998680e+01
1.641029972627943323e+01
1.642572135716394754e+01
1.643790319480662987e+01
1.644730291598740379e+01
1.645433717147210473e+01
1.645938352894016177e+01
1.646278262381567004e+01
1.646484041353072314e+01
1.646583045140885559e+01
1.646599611341595804e+01
1.646555272561448646e+01
1.646468955189085648e+01
1.646357161040597461e+01
1.646234129467103458e+01
1.646111978096692852e+01
1.646000820763931571e+01
1.645908861505039411e+01
1.645842463662043897e+01
1.645806193259020489e+01
1.645802835867025848e+01
1.645833386157313782e+01
1.645897009329722138e+01
1.645990973557684001e+01
1.646110552559937190e+01
1.646248897415152612e+01
1.646396876774320006e+01
1.646542884812608776e+01
1.646672616500916320e+01
1.646768810204489242e+01
1.646810958236680733e+01
1.646774986913166217e+01
1.646632908786978078e+01
1.646352451376056081e+01
1.645896668635911553e+01
1.645223543953710887e+01
1.644285596478242795e+01
1.643029506202124779e+01
1.641395777449590199e+01
1.639318465249452217e+01
1.636724994334497651e+01
1.633536106320402226e+01
1.629665976276160677e+01
1.625022545866959689e+01
1.619508125232012929e+01
1.613020319528837021e+01
1.605453337308850692e+01
1.596699735063298142e+01
1.586652643915297745e+01
1.575208506138903886e+01
1.562270320294734915e+01
1.547751348773970470e+01
1.531579182641410952e+01
1.513699990817337770e+01
1.494082717981691033e+01
1.472722960229930678e+01
1.449646272648366363e+01
1.424910766519075800e+01
1.398609025975608944e+01
1.370869563759459098e+01
1.341858116466782569e+01
1.311778930253892383e+01
1.280875769738158176e+01
1.249431895132504700e+01
1.217768128638067715e+01
1.186238756906438496e+01
1.155226165175870712e+01
1.125135790889287613e+01
1.096392319995713116e+01
1.069436452734533916e+01
1.044720134649627141e+01
1.022697207701675737e+01
1.003808320203118143e+01
9.884647406492955923e+00
9.770354165844397087e+00
9.698354198175348273e+00
9.671162135454387965e+00
9.690530315597488453e+00
9.757277220905868020e+00
9.871242840740180213e+00
1.003133213052971051e+01
1.023554621086779370e+01
1.048103595760170847e+01
1.076419244393157371e+01
1.108077377114279471e+01
1.142601828089001081e+01
1.179473409831686403e+01
1.218141991141526503e+01
1.258040628322208754e+01
1.298596839278617665e+01
1.339241062503042201e+01
1.379415359236250183e+01
1.418583692288979492e+01
1.456243021632992907e+01
1.491934087305921608e+01
1.525251217500885659e+01
1.555850855323675574e+01
1.583458659029097504e+01
1.607875011425950618e+01
1.628978467061766722e+01
1.646726346213515058e+01
1.661151762648952257e+01
1.672356977397073763e+01
1.680503703975042029e+01
1.685801399139952039e+01
1.688494666958383661e+01
1.688850816633576812e+01
1.687148432535784082e+01
1.683667572964762371e+01
1.678681878310954545e+01
1.672452560486451745e+01
1.665224053816614358e+01
1.657221039693591536e+01
1.648646582440115793e+01
1.639681183723318014e+01
1.630482616917647576e+01
1.621186435168947426e+01
1.611907047518662850e+01
1.602739244238817662e+01
1.593760040071474648e+01
1.585030695741323825e+01
1.576598791860224402e+01
