1.259872769266934611e+01
1.254105034143728759e+01
1.248492896420935416e+01
1.243125430091967587e+01
1.238103902686154356e+01
1.233542288104746198e+01
1.229567201017605527e+01
1.226317204399286176e+01
1.223941688480532086e+01
1.222599646701335097e+01
1.222458405990555264e+01
1.223691765377970775e+01
1.226476788979380039e+01
1.230989239690962300e+01
1.237398724107318060e+01
1.245864508158425110e+01
1.256531208580776315e+01
1.269522486519709759e+01
1.284932461785382962e+01
1.302816860755771167e+01
1.323185532035302892e+01
1.345995476610988995e+01
1.371143319214721323e+01
1.398458544575514040e+01
1.427699233356172925e+01
1.458549799914189649e+01
1.490620035471691374e+01
1.523446798711384176e+01
1.556499660223323289e+01
1.589190053068530695e+01
1.620883560518201350e+01
1.650916115543998686e+01
1.678614601626155078e+01
1.703321123714836816e+01
1.724419684828543708e+01
1.741364045893869061e+01
1.753705258970588332e+01
1.761116641262999494e+01
1.763413370737136177e+01
1.760563946335251018e+01
1.752691697744846522e+01
1.740066137183871220e+01
1.723085568692796343e+01
1.702253384888824783e+01
1.678150763415055025e+01
1.651408263128449150e+01
1.622678348400386383e+01
1.592610362564056992e+01
1.561829103484160974e+01
1.530917713134533820e+01
1.500404804707873296e+01
1.470755144936109815e+01
1.442363572208617306e+01
1.415552452067458589e+01
1.390572521663139760e+01
1.367605965918527033e+01
1.346770763517291769e+01
1.328126547404952795e+01
1.311682200456928982e+01
1.297403948750090841e+01
1.285222536239248825e+01
1.275039680327557789e+01
1.266734799246302678e+01
1.260171939784641992e+01
1.255205805552796861e+01
1.251686270198599971e+01
1.249461739278035033e+01
1.248382048916724152e+01
1.248301219548403651e+01
1.249079908772129066e+01
1.250587275779923679e+01
1.252702134400453637e+01
1.255313469044584629e+01
1.258320509826651978e+01
1.261632560603368169e+01
1.265168695564721446e+01
1.268857361459487088e+01
1.272635881862303542e+01
1.276449862160851190e+01
1.280252510455466819e+01
1.284003904740164970e+01
1.287670245415093007e+01
1.291223128142983079e+01
1.294638862977480542e+01
1.297897854943278340e+01
1.300984049588586977e+01
1.303884443361536860e+01
1.306588653631074770e+01
1.309088541317230181e+01
1.311377881114841237e+01
1.313452073096885897e+01
1.315307891138346541e+01
1.316943264017650961e+01
1.318357086439664450e+01
1.319549057439332174e+01
1.320519543427228015e+01
1.321269464388232961e+01
1.321800201493638127e+01
1.322113524669264173e+01
1.322211538846161893e+01
1.322096647795384783e+01
1.321771534657201919e+01
1.321239158401446900e+01
1.320502765701706060e+01
1.319565917933500820e+01
1.318432533190729217e+01
1.317106943467989311e+01
1.315593967591595259e+01
1.313899000718991950e+01
1.312028121767843736e+01
1.309988220103429413e+01
1.307787143380832617e+01
1.305433868692217381e+01
1.302938699703359759e+01
1.300313490859833365e+01
1.297571900122794375e+01
1.294729670863299198e+01
1.291804939971116362e+01
1.288818569571461126e+01
1.285794496436803946e+01
1.282760092042479982e+01
1.279746528851925191e+01
1.276789148652760453e+01
1.273927836677218117e+01
1.271207409050657233e+01
1.268678024900429158e+01
1.266395628673180163e+01
1.264422411705425731e+01
1.262827251388503313e+01
1.261686044857650657e+01
1.261081826186202548e+01
1.261104560681227049e+01
1.261850565027664217e+01
1.263421597421404385e+01
1.265923748794683767e+01
1.269466276054101961e+01
1.274160398121673943e+01
1.280117848301373940e+01
1.287448797243640897e+01
1.296258871721597572e+01
1.306645327429668413e+01
1.318692721367648879e+01
1.332468383567731607e+01
1.348017666438587092e+01
1.365358789618583835e+01
1.384477391214946174e+01
1.405321184889697150e+01
1.427794966713949520e+01
1.451755914566012962e+01
1.477009141872595777e+01
1.503303946105770628e+01
1.530331683777177076e+01
1.557726197184595840e+01
1.585067212875000386e+01
1.611886506748704662e+01
1.637676499722596191e+01
1.661901413966417351e+01
1.684011575044188191e+01
1.703461256420477099e+01
1.719729701815036549e+01
1.732344176642379452e+01
1.740903428987757451e+01
1.745099672591256734e+01
1.744737002249561186e+01
1.739744154789531549e+01
1.730179980454578725e+01
1.716230919825431300e+01
1.698200924759041186e+01
1.676495234779785193e+01
1.651599959382404847e+01
1.624059488121675088e+01
1.594453516784001224e+01
1.563375166923068704e+01
1.531411398163944426e+01
1.499126548934965086e+01
1.467049234788015433e+01
1.435662217828792819e+01
1.405394744784880423e+01
1.376617193709191689e+01
1.349637908668244890e+01
1.324701952018397755e+01
1.301991961549193810e+01
1.281631563794230289e+01
1.263690521460111249e+01
1.248189706921728082e+01
1.235105601325695623e+01
1.224376019685465522e+01
1.215907467853903867e+01
1.209582327395697909e+01
1.205264515710013740e+01
1.202804161736272093e+01
1.202042194044096313e+01
1.202814636530103698e+01
1.204956089984276701e+01
1.208302523316697652e+01
1.212693836358518951e+01
1.217976334300075969e+01
1.224004831571208918e+01
1.230644086394118553e+01
1.237769546319187519e+01
1.245267575481581090e+01
1.253035345335203132e+01
1.260980515623363019e+01
1.269020775316750616e+01
1.277083287770868303e+01
1.285104081758709960e+01
1.293027425696238275e+01
1.300805211257325489e+01
1.308396354713694976e+01
1.315766211759356352e+01
1.322885998003379271e+01
1.329732209133150711e+01
1.336286038449243740e+01
1.342532797602988737e+01
1.348461349227559580e+01
1.354063563673061310e+01
1.359333808695414980e+01
1.364268481337486527e+01
1.368865585063004886e+01
1.373124353875801873e+01
1.377044923102049978e+01
1.380628043133049765e+01
1.383874832768267815e+01
1.386786568593482727e+01
1.389364505406465788e+01
1.391609724229205547e+01
1.393523004151469991e+01
1.395104715138008622e+01
1.396354729232972147e+01
1.397272348015662580e+01
1.397856244692692940e+01
1.398104419953561006e+01
1.398014171016250806e+01
1.397582073683085824e+01
1.396803977861638835e+01
1.395675017453496203e+01
1.394189636050619896e+01
1.392341630362276206e+01
1.390124213922381813e+01
1.387530104420767429e+01
1.384551638125824269e+01
1.381180915897911454e+01
1.377409985993968178e+01
1.373231069426525686e+01
1.368636833698229616e+01
1.363620721678328707e+01
1.358177342116703379e+01
1.352302929407455068e+01
1.345995877983048672e+01
1.339257356930759890e+01
1.332092009462093607e+01
1.324508737529202484e+01
1.316521570520033002e+01
1.308150609121269170e+01
1.299423029858727396e+01
1.290374124668300126e+01
1.281048341374601485e+01
1.271500285417128140e+01
1.261795651689568487e+01
1.252012078118872118e+01
1.242239950513490143e+01
1.232583220926571599e+01
1.223160289133043932e+01
1.214104901566699013e+01
1.205566857903471956e+01
1.197712176807338302e+01
1.190722339667206064e+01
1.184792380157724523e+01
1.180127947087932405e+01
1.176941884110240899e+01
1.175450973050315717e+01
1.175872734170266298e+01
1.178420944880984322e+01
1.183298886679876283e+01
1.190691682059799206e+01
1.200760259289119958e+01
1.213636473995603104e+01
1.229415322941904165e+01
1.248142713245513136e+01
1.269803973115982210e+01
1.294318360320604988e+01
1.321536646547434124e+01
1.351236747361151558e+01
1.383119355884976009e+01
1.416807350873840932e+01
1.451848404274777238e+01
1.487719877771616872e+01
1.523837128674087715e+01
1.559565530472722905e+01
1.594235539106109734e+01
1.627160883868466001e+01
1.657660143558969068e+01
1.685080967649832928e+01
1.708825672738553436e+01
1.728377145071350540e+01
1.743323735662386298e+01
1.753380850479525677e+01
1.758406278605104589e+01
1.758406861127219045e+01
1.753535621466171079e+01
1.744080044582536360e+01
1.730443193652926936e+01
1.713119758691537697e+01
1.692669215676015426e+01
1.669688294837643383e+01
1.644784940429235931e+01
1.618555612590264303e+01
1.591566880266689488e+01
1.564341142453946176e+01
1.537345892424161953e+01
1.510986357562289228e+01
1.485601696071328348e+01
1.461464632733808422e+01
1.438783902160574968e+01
1.417708656261871702e+01
1.398334070412485985e+01
1.380707624639047459e+01
1.364835785400848955e+01
1.350690852563467459e+01
1.338217588989298257e+01
1.327339254663293211e+01
1.317962905852258082e+01
1.309984085071602422e+01
1.303291085037672659e+01
1.297768816569237060e+01
1.293302137543828856e+01
1.289778473185007535e+01
1.287089664253148236e+01
1.285133144379221370e+01
1.283812643903302408e+01
1.283038610094715892e+01
1.282728463608965619e+01
1.282806736622225685e+01
1.283205092277653492e+01
1.283862211634356854e+01
1.284723546297320773e+01
1.285740952747764254e+01
1.286872238784443212e+01
1.288080657194500489e+01
1.289334379989130319e+01
1.290605979864840336e+01
1.291871937204933118e+01
1.293112184561907618e+01
1.294309693765372415e+01
1.295450106572061522e+01
1.296521407982507057e+01
1.297513639624984094e+01
1.298418649263447833e+01
1.299229872835004329e+01
1.299942146404528209e+01
1.300551544894961609e+01
1.301055244639752395e+01
1.301451408186464143e+01
1.301739089106851921e+01
1.301918155336518979e+01
1.301989229757537458e+01
1.301953647019570326e+01
1.301813425767429422e+01
1.301571255647439251e+01
1.301230498706542882e+01
1.300795204973609920e+01
1.300270142293874187e+01
1.299660841007775325e+01
1.298973653268519612e+01
1.298215828691498253e+01
1.297395607014014551e+01
1.296522328624143228e+01
1.295606564776521274e+01
1.294660268993824737e+01
1.293696951211039270e+01
1.292731874733050113e+01
1.291782276960253029e+01
1.290867613499075617e+01
1.290009822345816914e+01
1.289233605124881521e+01
1.288566719008575134e+01
1.288040270826272149e+01
1.287689004150219141e+01
1.287551567378439010e+01
1.287670751673070413e+01
1.288093688099008460e+01
1.288871993648613312e+01
1.290061857878860252e+01
1.291724059474292474e+01
1.293923899155502077e+01
1.296731031394165967e+01
1.300219168373900125e+01
1.304465623099069482e+01
1.309550652182741892e+01
1.315556556636473395e+01
1.322566490520113369e+01
1.330662915104666411e+01
1.339925619466531614e+01
1.350429224179963228e+01
1.362240112032235295e+01
1.375412772611058720e+01
1.389985640532721867e+01
1.405976625291764037e+01
1.423378585401170859e+01
1.442154920866627776e+01
1.462235239623221972e+01
1.483510881866524045e+01
1.505830231331647262e+01
1.528994278129171214e+01
1.552753354436583244e+01
1.576805906438438321e+01
1.600799656974913177e+01
1.624335075361560143e+01
1.646971092996509967e+01
1.668233317520400405e+01
1.687625193848573701e+01
1.704642454514734595e+01
1.718790817197311682e+01
1.729606341764648647e+01
1.736677271554782820e+01
1.739665715933011825e+01
1.738327308501522594e+01
1.732526989987199073e+01
1.722249257915488130e+01
1.707601628752930978e+01
1.688810784149886146e+01
1.666211900543448010e+01
1.640232655908176795e+01
1.611373926807197776e+01
1.580189076453544494e+01
1.547263254610797034e+01
1.513193663559622593e+01
1.478571481634911322e+01
1.443966086962079842e+01
1.409912224020566818e+01
1.376900342095383856e+01
1.345369320576746297e+01
1.315700268393428729e+01
1.288211398461242219e+01
1.263155825791046638e+01
1.240723083774653546e+01
1.221041999039783477e+01
1.204182673474907261e+01
1.190159139999803450e+01
1.178935151617366728e+01
1.170432096750774953e+01
1.164536336538863281e+01
1.161105425450908690e+01
1.159974397151651360e+01
1.160962075352770384e+01
1.163876273185958254e+01
1.168517866646620895e+01
1.174684610603020118e+01
1.182175043693576910e+01
1.190792333352693433e+01
1.200347881139868988e+01
1.210664234973239672e+01
1.221576772645282816e+01
1.232934211929882551e+01
1.244598537190124787e+01
1.256444850639177702e+01
1.268361250796051110e+01
1.280248604467187334e+01
1.292020118098048798e+01
1.303600750800036323e+01
1.314926562304568414e+01
1.325944048569840561e+01
1.336609457090763264e+01
1.346888045543984269e+01
1.356753256772556604e+01
1.366185812822919132e+01
1.375172757517042221e+01
1.383706490766684105e+01
1.391783837541480651e+01
1.399405185503890259e+01
1.406573712227330830e+01
1.413294710927160480e+01
1.419575014451617534e+01
1.425422510173655333e+01
1.430845735838983401e+01
1.435853544723563147e+01
1.440454828712595514e+01
1.444658289342740787e+01
1.448472247830548554e+01
1.451904486600434829e+01
1.454962116486368728e+01
1.457651464578859724e+01
1.459977978955512512e+01
1.461946147104809590e+01
1.463559425710679740e+01
1.464820179893265362e+01
1.465729630513207660e+01
1.466287808535070880e+01
1.466493515846381968e+01
1.466344292284371065e+01
1.465836388995520956e+01
1.464964748637204650e+01
1.463722993342954837e+01
1.462103421794631508e+01
1.460097017262499541e+01
1.457693468964334826e+01
1.454881209572099188e+01
1.451647472464443389e+01
1.447978372803333791e+01
1.443859017200153083e+01
