1.304700039499829245e+01
1.304702966479154647e+01
1.304712107678325950e+01
1.304731334012525323e+01
1.304765653200768050e+01
1.304821243982658530e+01
1.304905505525750620e+01
1.305027121621795416e+01
1.305196139540615619e+01
1.305424063075995278e+01
1.305723959208442508e+01
1.306110577725261734e+01
1.306600482507359118e+01
1.307212193116813026e+01
1.307966334526659224e+01
1.308885791975421853e+01
1.309995867433764793e+01
1.311324433373590281e+01
1.312902077810372248e+01
1.314762235176408645e+01
1.316941295385944244e+01
1.319478684610407804e+01
1.322416909649783179e+01
1.325801558418894821e+01
1.329681247424506907e+01
1.334107504517027465e+01
1.339134568253955138e+01
1.344819074025786598e+01
1.351219579205758592e+01
1.358395861479000999e+01
1.366407912440435624e+01
1.375314553398874295e+01
1.385171631490499600e+01
1.396029812026411854e+01
1.407932043273350864e+01
1.420910795621140288e+01
1.434985129961114936e+01
1.450157553915578745e+01
1.466410551195102308e+01
1.483702699362504696e+01
1.501964413140839305e+01
1.521093511470576942e+01
1.540950918014286586e+01
1.561356884025013869e+01
1.582088197682799979e+01
1.602876864321385497e+01
1.623410636162109455e+01
1.643335579620416809e+01
1.662260728961105727e+01
1.679764914889677030e+01
1.695406048346031014e+01
1.708733263913882539e+01
1.719302108287947561e+01
1.726692362149766424e+01
1.730527433556034111e+01
1.730493899472107344e+01
1.726359702620248626e+01
1.717989480983366946e+01
1.705355474348174027e+01
1.688542683579279213e+01
1.667747588392112590e+01
1.643270612121714080e+01
1.615503379188616151e+01
1.584912426073900704e+01
1.552021247002634929e+01
1.517392210654204376e+01
1.481609031224085449e+01
1.445259795173764417e+01
1.408920953639972673e+01
1.373143755259488508e+01
1.338444217659972857e+01
1.305295285240893044e+01
1.274118707303659548e+01
1.245277192081320194e+01
1.219070158904693812e+01
1.195733264274025842e+01
1.175438187421958958e+01
1.158292255362014345e+01
1.144340522345558142e+01
1.133570212570718816e+01
1.125916237365131423e+01
1.121268036767429699e+01
1.119477439815063669e+01
1.120366435606552002e+01
1.123734150353357464e+01
1.129362302984983835e+01
1.137019591576598998e+01
1.146466665866651269e+01
1.157461991199264340e+01
1.169767580387834549e+01
1.183153984779239210e+01
1.197404144610004728e+01
1.212315374061582318e+01
1.227699457551925022e+01
1.243382106161319101e+01
1.259203171404457144e+01
1.275017902286730198e+01
1.290698469278840754e+01
1.306134827940192800e+01
1.321234514834110030e+01
1.335921541840201776e+01
1.350134797348687954e+01
1.363826333375881461e+01
1.376959751818221989e+01
1.389508763892091103e+01
1.401455911576133140e+01
1.412791411177769341e+01
1.423512083038397336e+01
1.433620346589983896e+01
1.443123274842477244e+01
1.452031712194174773e+01
1.460359462753995352e+01
1.468122555383295236e+01
1.475338589536526790e+01
1.482026161936280317e+01
1.488204371848884833e+01
1.493892399421139849e+01
1.499109151079070656e+01
1.503872964032969328e+01
1.508201362492415321e+01
1.512110858249084089e+01
1.515616788334682319e+01
1.518733183274167331e+01
1.521472660619234318e+01
1.523846338146956292e+01
1.525863762609079721e+01
1.527532849943929172e+01
1.528859834006437701e+01
1.529849221170379181e+01
1.530503748626418847e+01
1.530824344779347967e+01
1.530810090666245138e+01
1.530458181837566656e+01
1.529763890666910875e+01
1.528720529590738231e+01
1.527319416350994352e+01
1.525549842989537375e+01
1.523399051003722526e+01
1.520852215863291157e+01
1.517892444978441091e+01
1.514500794185575927e+01
1.510656308796011693e+01
1.506336095895787608e+01
1.501515436385138536e+01
1.496167945517680664e+01
1.490265792753753438e+01
1.483779991377018348e+01
1.476680769672049465e+01
1.468938036253041624e+01
1.460521951476520464e+01
1.451403617181708050e+01
1.441555896563037464e+01
1.430954374767517656e+01
1.419578469960150713e+01
1.407412702526682402e+01
1.394448127475993537e+01
1.380683930402168791e+01
1.366129182505411599e+01
1.350804737086089524e+01
1.334745233981665002e+01
1.318001156120762296e+01
1.300640859803517735e+01
1.282752488465706620e+01
1.264445684236460465e+01
1.245853030648953919e+01
1.227131151208677196e+01
1.208461263340117675e+01
1.190048758857033029e+01
1.172121365052072228e+01
1.154926212440259370e+01
1.138727514644137528e+01
1.123806398479467994e+01
1.110460900192202516e+01
1.099001456227234286e+01
1.089741338310858332e+01
1.082986653033234958e+01
1.079028543221930292e+01
1.078137742481066752e+01
1.080559209655277542e+01
1.086500813511339736e+01
1.096118564459935563e+01
1.109508813998673205e+01
1.126705022136222922e+01
1.147667643251422831e+01
1.172271482141373156e+01
1.200306082171725208e+01
1.231486104235925261e+01
1.265454229326502400e+01
1.301777452520134659e+01
1.339951408982154391e+01
1.379413469389853653e+01
1.419555761570126506e+01
1.459736812942440487e+01
1.499295383339864074e+01
1.537566815466407100e+01
1.573900428566172671e+01
1.607678044981749466e+01
1.638334044514594012e+01
1.665375730230213946e+01
1.688401952065551370e+01
1.707118459377362996e+01
1.721348877635622898e+01
1.731040031609792251e+01
1.736260511599015999e+01
1.737192425422433217e+01
1.734117462906352003e+01
1.727398835245930897e+01
1.717460502562600055e+01
1.704765159836952293e+01
1.689792776050860112e+01
1.673021442705220707e+01
1.654911629352296742e+01
1.635894075882392329e+01
1.616360994810527885e+01
1.596660140957680163e+01
1.577091420603755623e+01
1.557905809676446651e+01
1.539306345121269359e+01
1.521450871724231568e+01
1.504456124627726687e+01
1.488402638150510171e+01
1.473339955528679290e+01
1.459291698655639813e+01
1.446260216887692529e+01
1.434230709099228207e+01
1.423174837336013709e+01
1.413053900656285045e+01
1.403821632563797017e+01
1.395426657387399061e+01
1.387814609064652949e+01
1.380929906218679371e+01
1.374717182839570206e+01
1.369122390918940546e+01
1.364093606788517477e+01
1.359581584862066528e+01
1.355540106608528461e+01
1.351926170581571185e+01
1.348700064228431650e+01
1.345825350189687697e+01
1.343268793440472031e+01
1.341000248372136205e+01
1.338992520745657622e+01
1.337221215419382858e+01
1.335664577366839367e+01
1.334303332077550408e+01
1.333120529817140465e+01
1.332101396462311094e+01
1.331233193378748858e+01
1.330505088121457291e+01
1.329908036834222607e+01
1.329434679312896783e+01
1.329079247012899501e+01
1.328837484215885745e+01
1.328706582406482717e+01
1.328685127740996741e+01
1.328773061478642781e+01
1.328971653057840108e+01
1.329283485524403474e+01
1.329712452963764235e+01
1.330263769585643807e+01
1.330943990041130398e+01
1.331761040459977607e+01
1.332724259897529784e+01
1.333844451328328873e+01
1.335133941512758149e+01
1.336606648983423717e+01
1.338278158489007019e+01
1.340165800567725718e+01
1.342288733668990552e+01
1.344668026375368264e+01
1.347326735049728086e+01
1.350289971904310526e+01
1.353584956941797124e+01
1.357241044435379429e+01
1.361289713580754857e+01
1.365764510248010843e+01
1.370700924431163337e+01
1.376136185694469383e+01
1.382108957182483699e+01
1.388658906335432874e+01
1.395826129472511745e+01
1.403650406759334857e+01
1.412170265000143310e+01
1.421421830575991052e+01
1.431437463874243399e+01
1.442244178929423093e+01
1.453861862359663881e+01
1.466301304018824325e+01
1.479562026348147441e+01
1.493629850789237956e+01
1.508474097899678945e+01
1.524044324155894081e+01
1.540266599986307483e+01
1.557039529075261619e+01
1.574230424759526059e+01
1.591672176422329166e+01
1.609161265288337006e+01
1.626457150899821968e+01
1.643283025131137265e+01
1.659327904055841429e+01
1.674250209445335003e+01
1.687683235122426950e+01
1.699242933733546224e+01
1.708538228503901735e+01
1.715183711618735884e+01
1.718814346229179080e+01
1.719101645168220571e+01
1.715770565862019836e+01
1.708615871547013398e+01
1.697516277016933017e+01
1.682444748642397059e+01
1.663473919997702666e+01
1.640776294433002391e+01
1.614619371304119255e+01
1.585356209051648868e+01
1.553412574355093057e+01
1.519272343513797097e+01
1.483462486433701422e+01
1.446537937895202397e+01
1.409066234378819260e+01
1.371612699352711751e+01
1.334727796367502961e+01
1.298937207602145705e+01
1.264733216750704692e+01
1.232566042026681785e+01
1.202835749226349904e+01
1.175885709985642258e+01
1.151997291671434098e+01
1.131386337249951168e+01
1.114202604488202120e+01
1.100530607177904940e+01
1.090390266995775193e+01
1.083739309021908959e+01
1.080479121058494307e+01
1.080463248093235862e+01
1.083506628606125766e+01
1.089393194044226654e+01
1.097881308294009450e+01
1.108708521374809841e+01
1.121597757232359882e+01
1.136266610660523746e+01
1.152436778235384729e+01
1.169838742504546758e+01
1.188212567254667995e+01
1.207309194928592255e+01
1.226893595835970885e+01
1.246748102679737435e+01
1.266674653577473286e+01
1.286495988848960259e+01
1.306056204030663359e+01
1.325220809381409204e+01
1.343876275567925838e+01
1.361929089322700470e+01
1.379304437359227542e+01
1.395944674170746325e+01
1.411807695366245774e+01
1.426865296386101178e+01
1.441101560971008055e+01
1.454511299675376357e+01
1.467098548459212637e+01
1.478875136953028502e+01
1.489859336732812878e+01
1.500074600848127027e+01
1.509548404830390211e+01
1.518311197283573755e+01
1.526395464134048829e+01
1.533834908324451263e+01
1.540663742423437554e+01
1.546916089521143967e+01
1.552625484376140541e+01
1.557824466353823034e+01
1.562544253460675847e+01
1.566814487868404626e+01
1.570663041948067118e+01
1.574115875080163640e+01
1.577196932316681277e+01
1.579928075832627243e+01
1.582329041550187654e+01
1.584417414448982164e+01
1.586208616366342028e+01
1.587715901017599407e+01
1.588950352020403756e+01
1.589920880115264623e+01
1.590634216633572606e+01
1.591094900690051084e+01
1.591305258160530656e+01
1.591265370985036931e+01
1.590973035888904796e+01
1.590423712101272358e+01
1.589610458180706587e+01
1.588523858609461392e+01
1.587151941540935063e+01
1.585480089827776418e+01
1.583490948377449570e+01
1.581164331980062876e+01
1.578477138982703032e+01
1.575403277323587936e+01
1.571913611602350791e+01
1.567975940768771537e+01
1.563555019005316638e+01
1.558612633133725822e+01
1.553107751866940056e+01
1.546996764038421901e+01
1.540233823546491010e+01
1.532771318324938825e+01
1.524560481031132575e+01
1.515552155603691453e+01
1.505697732412148682e+01
1.494950259300888362e+01
1.483265733511615991e+01
1.470604573965609241e+01
1.456933272904921139e+01
1.442226223450345657e+01
1.426467721617285811e+01
1.409654140458692240e+01
1.391796267113672769e+01
1.372921780688051641e+01
1.353077813993740541e+01
1.332333496530421080e+01
1.310782322996277749e+01
1.288544153981017537e+01
1.265766672860008590e+01
1.242626218196770971e+01
1.219328005507733792e+01
1.196105723065192272e+01
1.173220306647756139e+01
1.150957670517644083e+01
1.129625680380748065e+01
1.109551082633183583e+01
1.091076402527326117e+01
1.074555988448145882e+01
1.060350560351927918e+01
1.048818263874873580e+01
1.040300959363742628e+01
1.035112514127327898e+01
1.033533257347536072e+01
1.035802147698314357e+01
1.042102207747403853e+01
1.052546541969233829e+01
1.067172033003371112e+01
1.085936933422346762e+01
1.108714019859054289e+01
1.135285778432723269e+01
1.165353126298026254e+01
1.198548289725816396e+01
1.234437497233553671e+01
1.272520726131980773e+01
1.312241775494622154e+01
1.353005317553147435e+01
1.394190959346381753e+01
1.435163717451189314e+01
1.475285938513377104e+01
1.513932255165196139e+01
1.550505945707209499e+01
1.584455754785367709e+01
1.615292978187313011e+01
1.642607539888864920e+01
1.666081085861485889e+01
1.685496119193580355e+01
1.700741277966771747e+01
1.711812576742758196e+01
1.718809643588271285e+01
1.721926272907469624e+01
1.721435946005984974e+01
1.717674139666362976e+01
1.711019487408592354e+01
1.701875410200353045e+01
1.690653294898800141e+01
1.677757948193792359e+01
1.663575859483911046e+01
1.648466482538828259e+01
1.632756294374219408e+01
1.616735094512033655e+01
1.600654030781440085e+01
1.584725082673217678e+01
1.569121935089146014e+01
1.553982174116801751e+01
1.539410593087080592e+01
1.525483229732221169e+01
1.512251680197846326e+01
1.499747287778392035e+01
1.487984936640775402e+01
1.476966331858860570e+01
1.466682764404172268e+01
1.457117423800644929e+01
1.448247339098616315e+01
1.440045019842599672e+01
1.432479848472672579e+01
1.425519258220386121e+01
1.419129718718025401e+01
1.413277546327237033e+01
1.407929555164344393e+01
1.403053565125411772e+01
1.398618785176099166e+01
1.394596088983468363e+01
1.390958201837445607e+01
1.387679815386609761e+01
1.384737644994703665e+01
1.382110443844806369e+01
1.379778985241063793e+01
