1.337732338307384872e+01
1.313430799093680612e+01
1.288616534651002965e+01
1.263488204053202146e+01
1.238270706338123617e+01
1.213213530463696976e+01
1.188588684084913716e+01
1.164688203027169600e+01
1.141820831249402524e+01
1.120307810415012106e+01
1.100478630730245300e+01
1.082667023753984203e+01
1.067205522469157231e+01
1.054417479603663033e+01
1.044606846406485801e+01
1.038046778757085420e+01
1.034971700359703028e+01
1.035572897900116729e+01
1.039991581394246012e+01
1.048309630967797546e+01
1.060540758558644647e+01
1.076626360435948015e+01
1.096437918079248597e+01
1.119779655651529282e+01
1.146389967492341455e+01
1.175945220676787706e+01
1.208066159031962172e+01
1.242326866267610974e+01
1.278264855133802236e+01
1.315389007824476408e+01
1.353185948319766929e+01
1.391128136638768886e+01
1.428684496581500341e+01
1.465331994442559171e+01
1.500567055170025732e+01
1.533916834255114559e+01
1.564950450844333574e+01
1.593289903830000576e+01
1.618620282732308979e+01
1.640698788419501142e+01
1.659361688551935643e+01
1.674528052828583924e+01
1.686199389552324845e+01
1.694455002748366823e+01
1.699443577403313554e+01
1.701371930884225137e+01
1.700492062097583457e+01
1.697087696601978024e+01
1.691461442778987134e+01
1.683923394089216075e+01
1.674781584291839209e+01
1.664334284857816826e+01
1.652863886820080808e+01
1.640632104623414023e+01
1.627876406584923785e+01
1.614807725864449139e+01
1.601609513341095692e+01
1.588438064565653818e+01
1.575423885096236098e+01
1.562673748456002798e+01
1.550273090918170915e+01
1.538288474520368609e+01
1.526769967151564877e+01
1.515753380991324306e+01
1.505262362683923349e+01
1.495310343008461196e+01
1.485902344146552778e+01
1.477036627889414078e+01
1.468706161095662566e+01
1.460899879800684431e+01
1.453603746125335583e+01
1.446801608153193541e+01
1.440475886469454636e+01
1.434608116769616082e+01
1.429179379820405771e+01
1.424170646410391150e+01
1.419563058806961564e+01
1.415338165497631984e+01
1.411478118161724105e+01
1.407965837760261785e+01
1.404785154495854016e+01
1.401920922253365021e+01
1.399359111083601448e+01
1.397086880215254112e+01
1.395092633754449274e+01
1.393366060994322986e+01
1.391898165973951151e+01
1.390681288024573981e+01
1.389709116875233263e+01
1.388976704494158554e+01
1.388480475736306019e+01
1.388218239833327239e+01
1.388189204269589894e+01
1.388393992149089762e+01
1.388834663751235432e+01
1.389514742562967875e+01
1.390439245791456813e+01
1.391614718810691897e+01
1.393049272547473549e+01
1.394752622277593801e+01
1.396736125613368529e+01
1.399012816635469392e+01
1.401597432651771236e+01
1.404506429214694840e+01
1.407757977166843411e+01
1.411371935973239466e+01
1.415369793898808304e+01
1.419774567899171380e+01
1.424610653462676169e+01
1.429903613851688249e+01
1.435679898951356392e+01
1.441966483719224179e+01
1.448790415195801451e+01
1.456178257268735798e+01
1.464155418844243606e+01
1.472745344956666180e+01
1.481968541632302205e+01
1.491841390344381146e+01
1.502374693388541971e+01
1.513571878601086240e+01
1.525426790208044636e+01
1.537921012619520766e+01
1.551020724076871637e+01
1.564673156527256381e+01
1.578802835746848565e+01
1.593307857830156848e+01
1.608056498362793363e+01
1.622884427714121713e+01
1.637592728137053300e+01
1.651946844636906775e+01
1.665676615075386380e+01
1.678477648549413814e+01
1.690014464777069136e+01
1.699925856791527323e+01
1.707832766286503201e+01
1.713348682179254112e+01
1.716092417833855421e+01
1.715703115473876039e+01
1.711857201569895182e+01
1.704286428473712434e+01
1.692795254328700594e+01
1.677275317771465879e+01
1.657715186355570935e+01
1.634204841552961085e+01
1.606935600474152537e+01
1.576196352715544258e+01
1.542366216197326700e+01
1.505903425774725690e+01
1.467331192726431865e+01
1.427222101452652936e+01
1.386182103635359297e+01
1.344834583447009813e+01
1.303805893597054144e+01
1.263714106449091901e+01
1.225159275657135538e+01
1.188709993294866152e+01
1.154885945614735121e+01
1.124145596599488428e+01
1.096884195169009324e+01
1.073431466201027185e+01
1.054039389293307849e+01
1.038870757163548042e+01
1.027999968906429018e+01
1.021417954162036956e+01
1.019034418730643310e+01
1.020682938645085436e+01
1.026133227076446808e+01
1.035106803547827070e+01
1.047286146887234715e+01
1.062320589972928353e+01
1.079838603530365404e+01
1.099461760383726983e+01
1.120815118120496656e+01
1.143534176149157666e+01
1.167269399063817481e+01
1.191690184776536476e+01
1.216488733154288227e+01
1.241382907999756924e+01
1.266118039943302165e+01
1.290468356966736252e+01
1.314238283569202892e+01
1.337263190317723804e+01
1.359409112785140117e+01
1.380571358922790814e+01
1.400672282369683863e+01
1.419658618389909677e+01
1.437498706302926621e+01
1.454179780721772275e+01
1.469705397332596775e+01
1.484092999133689261e+01
1.497371609243231205e+01
1.509579643326598308e+01
1.520762847691266906e+01
1.530972381836124185e+01
1.540263067538638175e+01
1.548691827989728509e+01
1.556316331142189036e+01
1.563193844184707970e+01
1.569380295559137117e+01
1.574929533847176799e+01
1.579892765390206577e+01
1.584318150032955153e+01
1.588250531299879498e+01
1.591731278213045719e+01
1.594798216574868377e+01
1.597485629580272359e+01
1.599824310081451628e+01
1.601841649655635891e+01
1.603561751378851596e+01
1.605005556326054972e+01
1.606190975269867849e+01
1.607133019281419450e+01
1.607843924210865794e+01
1.608333265352048613e+01
1.608608059661327161e+01
1.608672853765938626e+01
1.608529796692251779e+01
1.608178696867159374e+01
1.607617063463128204e+01
1.606840132598413007e+01
1.605840879354956741e+01
1.604610017007166434e+01
1.603135985338154157e+01
1.601404930462849663e+01
1.599400679149888305e+01
1.597104711247912512e+01
1.594496134732765391e+01
1.591551668414474818e+01
1.588245638809793370e+01
1.584549998316759556e+01
1.580434372765970252e+01
1.575866147666224393e+01
1.570810603574532749e+01
1.565231110950396420e+01
1.559089396365157576e+01
1.552345891172273795e+01
1.544960173673537263e+01
1.536891515393960361e+01
1.528099540116097899e+01
1.518545003285465356e+01
1.508190697184854834e+01
1.497002484861338800e+01
1.484950463773700591e+01
1.472010257455706217e+01
1.458164429796380723e+01
1.443404011624015659e+01
1.427730121848793665e+01
1.411155655595178970e+01
1.393707003476531270e+01
1.375425761382309631e+01
1.356370391559500987e+01
1.336617804000823639e+01
1.316264841421870457e+01
1.295429636600019130e+01
1.274252735618465415e+01
1.252897771608937205e+01
1.231551414735909233e+01
1.210422448415864949e+01
1.189740114064826493e+01
1.169752008535443899e+01
1.150721467935647269e+01
1.132924174425415664e+01
1.116644692917904891e+01
1.102174272965556767e+01
1.089808239122742251e+01
1.079838505159085216e+01
1.072542250013316156e+01
1.068173376375552941e+01
1.066957686209687495e+01
1.069087774786421363e+01
1.074715785241810373e+01
1.083944015015878826e+01
1.096815800855450895e+01
1.113309809105344783e+01
1.133338262951548359e+01
1.156747237080833912e+01
1.183316802780326249e+01
1.212761605281038868e+01
1.244734534714350893e+01
1.278833498798977963e+01
1.314608968167442171e+01
1.351571571056953047e+01
1.389200251735726432e+01
1.426951092987959413e+01
1.464267195693341961e+01
1.500590480929709081e+01
1.535375432883418512e+01
1.568103648074319523e+01
1.598298165100948154e+01
1.625537395071308566e+01
1.649468553313112551e+01
1.669819685328961612e+01
1.686408802025613340e+01
1.699148907202381764e+01
1.708048314846699256e+01
1.713206107003532708e+01
1.714802958709552883e+01
1.713088125933781214e+01
1.708364038702789145e+01
1.700970223864151620e+01
1.691267957267904976e+01
1.679626434157672676e+01
1.666410780663192881e+01
1.651972054541384693e+01
1.636639372058991881e+01
1.620714218304464183e+01
1.604466781549168530e+01
1.588133960971503456e+01
1.571918679264132557e+01
1.555990268453448522e+01
1.540485855496132039e+01
1.525512700180846259e+01
1.511151319133261062e+01
1.497459076619976770e+01
1.484473849391064704e+01
1.472217420138718857e+01
1.460698397988030983e+01
1.449914628567989006e+01
1.439855175657918807e+01
1.430501999703517058e+01
1.421831440497026477e+01
1.413815566032009663e+01
1.406423402533594569e+01
1.399622034188767827e+01
1.393377554276533736e+01
1.387655856964184409e+01
1.382423269846605152e+01
1.377647039630742576e+01
1.373295689784412232e+01
1.369339271162083804e+01
1.365749527529168361e+01
1.362499994105288437e+01
1.359566045827656744e+01
1.356924907817285231e+01
1.354555638831169340e+01
1.352439096146605557e+01
1.350557888079687174e+01
1.348896319665147914e+01
1.347440335494088259e+01
1.346177462894988608e+01
1.345096757773118945e+01
1.344188755300061011e+01
1.343445427069624465e+01
1.342860145592355181e+01
1.342427657344098613e+01
1.342144065061470570e+01
1.342006819850267263e+01
1.342014723660280850e+01
1.342167942526414492e+01
1.342468030918558597e+01
1.342917967451262840e+01
1.343522202207622662e+01
1.344286715718779490e+01
1.345219089578208660e+01
1.346328588496882261e+01
1.347626253426387777e+01
1.349125004998054855e+01
1.350839756031358263e+01
1.352787531687972233e+01
1.354987594359959857e+01
1.357461570186393018e+01
1.360233572396070123e+01
1.363330314864945159e+01
1.366781206984694563e+01
1.370618419031891122e+01
1.374876902981135274e+01
1.379594350473062647e+01
1.384811065971820732e+01
1.390569729070016791e+01
1.396915017323773078e+01
1.403893059631251816e+01
1.411550690595629654e+01
1.419934479016446183e+01
1.429089506642268326e+01
1.439057874587403951e+01
1.449876913223342179e+01
1.461577065399223052e+01
1.474179403807042199e+01
1.487692737677049415e+01
1.502110268911733115e+01
1.517405773361640442e+01
1.533529329502354877e+01
1.550402683014504746e+01
1.567914449493071061e+01
1.585915497231240323e+01
1.604214983846749121e+01
1.622577587015488731e+01
1.640722403828304365e+01
1.658323819135976507e+01
1.675014460763376434e+01
1.690390340981864981e+01
1.704018483744800960e+01
1.715447570684619194e+01
1.724222053459741488e+01
1.729899618910036097e+01
1.732071081995989204e+01
1.730381196922581211e+01
1.724548796550566010e+01
1.714384784451527466e+01
1.699806409717741928e+01
1.680846170160322828e+01
1.657654341317311975e+01
1.630495402044098086e+01
1.599739380944566314e+01
1.565848905561443516e+01
1.529362535503971898e+01
1.490875756655550610e+01
1.451021826938064763e+01
1.410453811270169844e+01
1.369827557302158461e+01
1.329785778507736360e+01
1.290944746428117185e+01
1.253882813540797336e+01
1.219126635354197141e+01
1.187136286231588755e+01
1.158298867539518184e+01
1.132931228056004791e+01
1.111276943041521470e+01
1.093494467830493910e+01
1.079653714798136122e+01
1.069746435110194582e+01
1.063695503467053349e+01
1.061357740414373652e+01
1.062531433158068772e+01
1.066971499701156922e+01
1.074401858398471887e+01
1.084521593787367699e+01
1.097010316861290846e+01
1.111537156525663228e+01
1.127773131463713341e+01
1.145400600464169649e+01
1.164116420997097023e+01
1.183633054054861766e+01
1.203681097312431092e+01
1.224012431394973710e+01
1.244402580374210388e+01
1.264652129099516920e+01
1.284587459259818587e+01
1.304060845488879572e+01
1.322949844636123551e+01
1.341156007687495411e+01
1.358603068584780971e+01
1.375234817378299113e+01
1.391012843724367087e+01
1.405914281520703213e+01
1.419929631695895900e+01
1.433060703605823427e+01
1.445318696951827597e+01
1.456722434399541832e+01
1.467296750290341656e+01
1.477071039368214045e+01
1.486077966872512235e+01
1.494352338288452131e+01
1.501930124677228306e+01
1.508847636068978559e+01
1.515140833545264520e+01
1.520844768327120455e+01
1.525993134735487544e+01
1.530617923807710312e+01
1.534749163482685574e+01
1.538414731912751066e+01
1.541640231972962383e+01
1.544448914622627100e+01
1.546861641175442870e+01
1.548896875193218747e+01
1.550570696550734162e+01
1.551896831058808601e+01
1.552886690165495587e+01
1.553549416417386375e+01
1.553891931354620581e+01
1.553918983591395708e+01
1.553633195189614469e+01
1.553035105364390489e+01
1.552123211177350015e+01
1.550894005589494462e+01
1.549342013471316726e+01
1.547459826922783854e+01
1.545238141783886654e+01
1.542665797699938501e+01
1.539729824797483282e+01
1.536415500191912997e+01
1.532706418399798842e+01
1.528584580084490341e+01
1.524030504359748761e+01
1.519023370443921017e+01
1.513541194291659053e+01
1.507561047068462479e+01
1.501059322812912278e+01
1.494012062008529362e+01
1.486395339612705335e+01
1.478185725157494268e+01
1.469360823603060773e+01
1.459899905165749878e+01
1.449784632290437258e+01
1.438999890619013833e+01
1.427534728813497367e+01
1.415383408081213545e+01
1.402546555031898556e+01
1.389032403187132125e+01
1.374858099767516606e+01
