1.303919171774999519e+01
1.312021957467578304e+01
1.319873789936577602e+01
1.327445780283650301e+01
1.334714722741078674e+01
1.341662420516551890e+01
1.348275013593831417e+01
1.354542329387346022e+01
1.360457274725431809e+01
1.366015279195824306e+01
1.371213795341092734e+01
1.376051856627342573e+01
1.380529689912552627e+01
1.384648379061381185e+01
1.388409574041509842e+01
1.391815240240368468e+01
1.394867443465225954e+01
1.397568166100026232e+01
1.399919150123301392e+01
1.401921763832891799e+01
1.403576889271577599e+01
1.404884828057524615e+01
1.405845223668049648e+01
1.406456998684787330e+01
1.406718305986263395e+01
1.406626493370485242e+01
1.406178081619002995e+01
1.405368756365709082e+01
1.404193374742913036e+01
1.402645988297124546e+01
1.400719884365303436e+01
1.398407648656099944e+01
1.395701252392690428e+01
1.392592168198905966e+01
1.389071519649479214e+01
1.385130270153576681e+01
1.380759457281937586e+01
1.375950479394767001e+01
1.370695441200269293e+01
1.364987565880123199e+01
1.358821680342373917e+01
1.352194778589817759e+01
1.345106668349453471e+01
1.337560703150031927e+01
1.329564599730449181e+01
1.321131338963572688e+01
1.312280144312146923e+01
1.303037529491068902e+01
1.293438400003316779e+01
1.283527184863786097e+01
1.273358962712129028e+01
1.263000534263552943e+01
1.252531389890950564e+01
1.242044542651852623e+01
1.231647247944755286e+01
1.221461691476758382e+01
1.211625728056964846e+01
1.202293625987252490e+01
1.193636507504362676e+01
1.185841901903044970e+01
1.179111876185511143e+01
1.173659759183744278e+01
1.169706224556982477e+01
1.167475694476436665e+01
1.167193080851324183e+01
1.169079548668708313e+01
1.173346017451299161e+01
1.180185090677782789e+01
1.189764037832078003e+01
1.202219702921201971e+01
1.217651775088259036e+01
1.236110954978768994e+01
1.257586082003818007e+01
1.281997733134717876e+01
1.309197024754941907e+01
1.338962413422342834e+01
1.370994799198093439e+01
1.404916410792863957e+01
1.440273911658946560e+01
1.476543755061530483e+01
1.513140441046570039e+01
1.549428514013330549e+01
1.584737693660123448e+01
1.618380867043584814e+01
1.649675204264713457e+01
1.677965902902271011e+01
1.702651356687615447e+01
1.723208651542084979e+01
1.739218158519762270e+01
1.750385052889297555e+01
1.756554833866521648e+01
1.757720397594754402e+01
1.754019738603337331e+01
1.745724931361665355e+01
1.733223993997374635e+01
1.716997604243890052e+01
1.697592745383659008e+01
1.675595430689613607e+01
1.651604694296671383e+01
1.626209781630634055e+01
1.599971631906178082e+01
1.573408571187691152e+01
1.546985551409293613e+01
1.521106658204544892e+01
1.496111108842295501e+01
1.472272756227707191e+01
1.449802491479896283e+01
1.428852621486890584e+01
1.409522401294470484e+01
1.391864180348532543e+01
1.375889875127909079e+01
1.361577575184940336e+01
1.348878012607805843e+01
1.337720568899920259e+01
1.328018602878300669e+01
1.319674094367850614e+01
1.312581732835429449e+01
1.306632548935992055e+01
1.301717065883139313e+01
1.297727873116544650e+01
1.294561544749828208e+01
1.292119924667422737e+01
1.290310897220884101e+01
1.289048799815302893e+01
1.288254612241820496e+01
1.287856007121572333e+01
1.287787300562720993e+01
1.287989313719691964e+01
1.288409146215162693e+01
1.288999868074242450e+01
1.289720142955080817e+01
1.290533803555217673e+01
1.291409400951467390e+01
1.292319748662988133e+01
1.293241478303614578e+01
1.294154619425374442e+01
1.295042210815874029e+01
1.295889947909434881e+01
1.296685867201270348e+01
1.297420067662115351e+01
1.298084466730352204e+01
1.298672588624118163e+01
1.299179382566324215e+01
1.299601068585639041e+01
1.299935007891656547e+01
1.300179596199320642e+01
1.300334178164046861e+01
1.300398981293168177e+01
1.300375068160633063e+01
1.300264306004733328e+01
1.300069353059201482e+01
1.299793661241023557e+01
1.299441495206220409e+01
1.299017967470917867e+01
1.298529090170578826e+01
1.297981844152761610e+01
1.297384265750557475e+01
1.296745551792622209e+01
1.296076183920473923e+01
1.295388072955979730e+01
1.294694723629400279e+01
1.294011419162006682e+01
1.293355425400612368e+01
1.292746213383604648e+01
1.292205697046658130e+01
1.291758482731793478e+01
1.291432125775261142e+01
1.291257387563588033e+01
1.291268486513342317e+01
1.291503334750599308e+01
1.292003752558187379e+01
1.292815651574065505e+01
1.293989176910484140e+01
1.295578796664395504e+01
1.297643323354663458e+01
1.300245847929508081e+01
1.303453562160058432e+01
1.307337444318630304e+01
1.311971781844680685e+01
1.317433503016625451e+01
1.323801284391135269e+01
1.331154386482830709e+01
1.339571142578546059e+01
1.349126997104164261e+01
1.359891989333650208e+01
1.371927628282083056e+01
1.385283203822475429e+01
1.399991682139574145e+01
1.416065412293751713e+01
1.433491842594151500e+01
1.452229285843004547e+01
1.472202588290491576e+01
1.493298544716501475e+01
1.515361179651997858e+01
1.538187484830192275e+01
1.561524494821025577e+01
1.585068396891890785e+01
1.608465910129279308e+01
1.631317878618760631e+01
1.653185117947767324e+01
1.673596825301509838e+01
1.692061973030181221e+01
1.708083958297082461e+01
1.721178419328138176e+01
1.730893586395432138e+01
1.736831927665375019e+01
1.738671407126214064e+01
1.736184520875186266e+01
1.729253344326057373e+01
1.717879004651328501e+01
1.702184376238287555e+01
1.682409547926230786e+01
1.658900667617286118e+01
1.632093741325511260e+01
1.602495402254819368e+01
1.570662489847879684e+01
1.537181775591328048e+01
1.502650687456030987e+01
1.467659615483350422e+01
1.432776419070911977e+01
1.398533877102337364e+01
1.365420310421216499e+01
1.333872363551323303e+01
1.304268542709574952e+01
1.276923971167171779e+01
1.252088554283782251e+01
1.229948741385522126e+01
1.210629876251102566e+01
1.194197603387012485e+01
1.180660814646913970e+01
1.169977990288087355e+01
1.162065028698933666e+01
1.156802261281211130e+01
1.154040868472648462e+01
1.153609595174972213e+01
1.155321029616191453e+01
1.158976546260386087e+01
1.164370400275421247e+01
1.171293751498125424e+01
1.179538814494006616e+01
1.188903050671235206e+01
1.199193016901893927e+01
1.210227107815000913e+01
1.221836890060253822e+01
1.233867512752586215e+01
1.246177812613666802e+01
1.258640321093837500e+01
1.271141089542149061e+01
1.283579289727699901e+01
1.295866695086515641e+01
1.307927168486984648e+01
1.319696182792943873e+01
1.331120303477403866e+01
1.342156540332157455e+01
1.352771518233913639e+01
1.362940479979959285e+01
1.372646181228067874e+01
1.381877754868216002e+01
1.390629612452885766e+01
1.398900434220809785e+01
1.406692273530978277e+01
1.414009784645019785e+01
1.420859568945639495e+01
1.427249627638126661e+01
1.433188905960292736e+01
1.438686913568414916e+01
1.443753407658644328e+01
1.448398126904000982e+01
1.452630566907901333e+01
1.456459789554010520e+01
1.459894260228387175e+01
1.462941708237701910e+01
1.465609006688669425e+01
1.467902068736906784e+01
1.469825757699520175e+01
1.471383809075297755e+01
1.472578762798484675e+01
1.473411904429007002e+01
1.473883214320215984e+01
1.473991324124486368e+01
1.473733480461883261e+01
1.473105515918900821e+01
1.472101827935458118e+01
1.470715366648006217e+01
1.468937633328138403e+01
1.466758691633090805e+01
1.464167194321654719e+01
1.461150428888722530e+01
1.457694386225579564e+01
1.453783857168654414e+01
1.449402562497685132e+01
1.444533322432147848e+01
1.439158272670804983e+01
1.433259134396783097e+01
1.426817546417001381e+01
1.419815467824872535e+01
1.412235660481649191e+01
1.404062261001186229e+01
1.395281453149775608e+01
1.385882253035267375e+01
1.375857421668376013e+01
1.365204522560082268e+01
1.353927144789537351e+01
1.342036312740545867e+01
1.329552098628720636e+01
1.316505431725080122e+01
1.302940060709596359e+01
1.288914554779995392e+01
1.274504140252316020e+01
1.259802094638975056e+01
1.244920439571806270e+01
1.229989868622046423e+01
1.215159226973039353e+01
1.200595194190299786e+01
1.186482718295061112e+01
1.173025971994047012e+01
1.160448702528735332e+01
1.148992910397883627e+01
1.138915794357128597e+01
1.130485212528965278e+01
1.123973383375680513e+01
1.119649632244698800e+01
1.117774862471176434e+01
1.118597789241703389e+01
1.122348442100248889e+01
1.129226999276785470e+01
1.139393092283564357e+01
1.152960160405425327e+01
1.169989681685007277e+01
1.190478004617982499e+01
1.214342859471489078e+01
1.241422439464341565e+01
1.271481327254906368e+01
1.304209183066286748e+01
1.339216078802194332e+01
1.376035656155207931e+01
1.414134559278685010e+01
1.452922472772233142e+01
1.491763564385617435e+01
1.529991259822450544e+01
1.566925350921702886e+01
1.601890545338863348e+01
1.634236905754027802e+01
1.663362081193273667e+01
1.688734100834854601e+01
1.709913284990540916e+01
1.726571718010909606e+01
1.738508124922351072e+01
1.745655849127057024e+01
1.748082695880189164e+01
1.745982987710134893e+01
1.739663156004706224e+01
1.729522383153215159e+01
1.716029804616254495e+01
1.699699985282643055e+01
1.681068642866142682e+01
1.660670565106572028e+01
1.639021163461129049e+01
1.616602230765210280e+01
1.593851624391766464e+01
1.571156208468084081e+01
1.548847554392508030e+01
1.527200276799536027e+01
1.506433040173054216e+01
1.486712000608356732e+01
1.468155944292540305e+01
1.450842122717756233e+01
1.434811978220830220e+01
1.420076460313059563e+01
1.406621021923750270e+01
1.394410445408589183e+01
1.383393496717257598e+01
1.373507265530957255e+01
1.364681014472280296e+01
1.356839425420414003e+01
1.349905223072965654e+01
1.343801220608633074e+01
1.338451866785486644e+01
1.333784379940186149e+01
1.329729548964707675e+01
1.326222268070195298e+01
1.323201860669419894e+01
1.320612237129391353e+01
1.318401923866817782e+01
1.316523994347868332e+01
1.314935927215966416e+01
1.313599412684511947e+01
1.312480124112048863e+01
1.311547469284777989e+01
1.310774331592726938e+01
1.310136810618589998e+01
1.309613968593794020e+01
1.309187587368937855e+01
1.308841939919344455e+01
1.308563578737005173e+01
1.308341142660415812e+01
1.308165182965045403e+01
1.308028009159633243e+01
1.307923554602663785e+01
1.307847261494019264e+01
1.307795984892202057e+01
1.307767915212553334e+01
1.307762518638704030e+01
1.307780494865619225e+01
1.307823751662183653e+01
1.307895395764620439e+01
1.307999739595085664e+01
1.308142323416266173e+01
1.308329952532143636e+01
1.308570749015501100e+01
1.308874217616339486e+01
1.309251325279598888e+01
1.309714593501750990e+01
1.310278202577329942e+01
1.310958106486912911e+01
1.311772156760832253e+01
1.312740233421125069e+01
1.313884379895497467e+01
1.315228938913705647e+01
1.316800685883391075e+01
1.318628954555100918e+01
1.320745750948637998e+01
1.323185849693093807e+01
1.325986867220766996e+01
1.329189305402972465e+01
1.332836557003639477e+01
1.336974861912977630e+01
1.341653196956602834e+01
1.346923073529088555e+01
1.352838205358408352e+01
1.359453994998762383e+01
1.366826777038573759e+01
1.375012756277778969e+01
1.384066597219438322e+01
1.394039655357177310e+01
1.404977884793226117e+01
1.416919487339237804e+01
1.429892351910588388e+01
1.443911279530764169e+01
1.458974917202968058e+01
1.475062311978783747e+01
1.492129063670901523e+01
1.510103162182917735e+01
1.528880693609401220e+01
1.548321679935837203e+01
1.568246412501046194e+01
1.588432761968794971e+01
1.608614984357652489e+01
1.628484395945107721e+01
1.647692044028677572e+01
1.665853357423953796e+01
1.682554865389999321e+01
1.697363319490311540e+01
1.709837662808177683e+01
1.719543996287755760e+01
1.726073064768357312e+01
1.729059199617060827e+01
1.728199381004425916e+01
1.723271003219706898e+01
1.714146824068046371e+01
1.700805526559207692e+01
1.683336612804985322e+01
1.661939039916581606e+01
1.636913829287862399e+01
1.608651636115624939e+01
1.577616861573268281e+01
1.544330163429049207e+01
1.509350876671314801e+01
1.473259915910022677e+01
1.436643066608683839e+01
1.400075165511266029e+01
1.364106807508977504e+01
1.329254565132860577e+01
1.295993068614918364e+01
1.264746553622790692e+01
1.235880872826988686e+01
1.209699196228422835e+01
1.186441005616740263e+01
1.166281209769716476e+01
1.149329754898499445e+01
1.135633792951670351e+01
1.125181621566156842e+01
1.117907773016757211e+01
1.113699957207255764e+01
1.112407137886449782e+01
1.113847507443321305e+01
1.117815547549215438e+01
1.124087339619904036e+01
1.132425051065410848e+01
1.142582286149522197e+01
1.154310205269830725e+01
1.167363630844308986e+01
1.181506593308527719e+01
1.196516151448989440e+01
1.212183572624965322e+01
1.228313852894263647e+01
1.244725638605622642e+01
1.261252546593682133e+01
1.277745211237127698e+01
1.294072816225558853e+01
