1.068972202892252099e+01
1.092308429850770146e+01
1.117955277936937364e+01
1.145516569745588420e+01
1.174593081414514906e+01
1.204788200197838144e+01
1.235713996882480892e+01
1.266996718725907556e+01
1.298281696532830054e+01
1.329238216788238169e+01
1.359563984949167192e+01
1.388988321288225869e+01
1.417273838699207111e+01
1.444217145549912296e+01
1.469649281626436910e+01
1.493436191519437273e+01
1.515479040489978146e+01
1.535713934988681117e+01
1.554110688963944753e+01
1.570670529583524555e+01
1.585422882674614620e+01
1.598421524140618466e+01
1.609740407928747175e+01
1.619469444721575258e+01
1.627710431380107892e+01
1.634573268755529085e+01
1.640172557326121350e+01
1.644624625595968581e+01
1.648045019088895913e+01
1.650546454790910289e+01
1.652237225446824098e+01
1.653220021090157843e+01
1.653591122740697372e+01
1.653439915596062448e+01
1.652848666733371275e+01
1.651892514048489957e+01
1.650639617751090427e+01
1.649151431840051529e+01
1.647483059542341977e+01
1.645683663335554314e+01
1.643796906095949950e+01
1.641861405196355861e+01
1.639911185475470390e+01
1.637976120871190489e+01
1.636082356908772795e+01
1.634252708883838068e+01
1.632507032153339921e+01
1.630862562189289022e+01
1.629334223378047142e+01
1.627934906151605077e+01
1.626675712538036578e+01
1.625566170594887438e+01
1.624614418570050134e+01
1.623827359467792419e+01
1.623210786845637799e+01
1.622769482456180867e+01
1.622507286163423501e+01
1.622427138335480734e+01
1.622531094609363933e+01
1.622820312576675406e+01
1.623295009568998992e+01
1.623954390309383200e+01
1.624796542827933621e+01
1.625818300629770263e+01
1.627015068727459379e+01
1.628380610836809339e+01
1.629906794785087243e+01
1.631583293098736220e+01
1.633397235770610578e+01
1.635332812476593389e+01
1.637370822242142765e+01
1.639488169362558878e+01
1.641657306188924181e+01
1.643845625453005255e+01
1.646014807654024992e+01
1.648120132741836130e+01
1.650109770027184908e+01
1.651924065379411743e+01
1.653494851115629061e+01
1.654744810658004894e+01
1.655586937178299678e+01
1.655924133038375601e+01
1.655649004462540219e+01
1.654643913799656474e+01
1.652781360099117336e+01
1.649924767484220567e+01
1.645929770172934781e+01
1.640646091537830742e+01
1.633920117381721226e+01
1.625598253375720503e+01
1.615531125460470108e+01
1.603578615782614847e+01
1.589615624182945730e+01
1.573538306395585273e+01
1.555270409177098045e+01
1.534769237087597737e+01
1.512030802237397431e+01
1.487093840978724302e+01
1.460042585301554396e+01
1.431008337238328743e+01
1.400169946765148232e+01
1.367753256581018206e+01
1.334029581280539567e+01
1.299313447113617670e+01
1.263959942719706220e+01
1.228361725640164615e+01
1.192944913155610287e+01
1.158162790262136355e+01
1.124487844136953996e+01
1.092404805118853517e+01
1.062405845675107408e+01
1.034984152034818194e+01
1.010621968014159577e+01
9.897745396127728412e+00
9.728530244747062738e+00
9.602092128360302681e+00
9.521256855390509699e+00
9.488083199340660912e+00
9.503726532715008446e+00
9.568291952691902580e+00
9.680850954342064441e+00
9.839558730027148314e+00
1.004171980055336633e+01
1.028387785037638480e+01
1.056192810554355255e+01
1.087124011149694880e+01
1.120681533428696497e+01
1.156343259950102365e+01
1.193576257336927249e+01
1.231846661544475197e+01
1.270627629952123350e+01
1.309406126149562333e+01
1.347690731618116544e+01
1.385020703938752895e+01
1.420974408869389016e+01
1.455175764180112097e+01
1.487299037593698792e+01
1.517073057780033096e+01
1.544285238594967069e+01
1.568784830819865839e+01
1.590484384328645895e+01
1.609358625429538847e+01
1.625440519640691051e+01
1.638814856014029431e+01
1.649610059304684029e+01
1.657989075837990356e+01
1.664140111304260117e+01
1.668267836857669195e+01
1.670585486223817639e+01
1.671308076889054206e+01
1.670646836888703746e+01
1.668804817453539258e+01
1.665973603766985178e+01
1.662331006120678367e+01
1.658039605811371331e+01
1.653246028865246586e+01
1.648080821731707601e+01
1.642658808462934772e+01
1.637079814318078164e+01
1.631429651941550318e+01
1.625781276207073489e+01
1.620196028382633813e+01
1.614724905534240307e+01
1.609409806197333381e+01
1.604284716811612554e+01
1.599376815761955584e+01
1.594707481033035990e+01
1.590293196029047351e+01
1.586146353159815625e+01
1.582275958887292333e+01
1.578688246593338285e+01
1.575387205049813844e+01
1.572375030705668841e+01
1.569652512023473534e+01
1.567219354006000742e+01
1.565074450488977043e+01
1.563216110651563184e+01
1.561642245796650208e+01
1.560350521706450166e+01
1.559338480863278420e+01
1.558603638423839577e+01
1.558143555035264427e+01
1.557955888982824710e+01
1.558038429550042636e+01
1.558389113068257359e+01
1.559006022576703998e+01
1.559887371585063320e+01
1.561031472007124599e+01
1.562436685907177747e+01
1.564101360238382021e+01
1.566023743336751117e+01
1.568201881859624081e+01
1.570633495838466409e+01
1.573315829678636391e+01
1.576245476476827179e+01
1.579418172319507541e+01
1.582828557141636594e+01
1.586469898307715631e+01
1.590333773202917911e+01
1.594409706387804171e+01
1.598684757119885447e+01
1.603143053468370738e+01
1.607765269295530075e+01
1.612528041254880051e+01
1.617403324517102803e+01
1.622357687675242488e+01
1.627351550615222209e+01
1.632338373419282718e+01
1.637263810520625285e+01
1.642064852080092052e+01
1.646668985188233592e+01
1.650993418753202491e+01
1.654944429403044026e+01
1.658416897830318959e+01
1.661294115154440831e+01
1.663447943640166216e+01
1.664739414128992578e+01
1.665019833544309336e+01
1.664132461615917080e+01
1.661914801097450933e+01
1.658201534752268813e+01
1.652828142047360771e+01
1.645635229345979056e+01
1.636473593732273812e+01
1.625209988526664873e+01
1.611733447338557212e+01
1.595961849866709059e+01
1.577848223034584763e+01
1.557386157386445902e+01
1.534613774874621761e+01
1.509615933101905760e+01
1.482524708383784073e+01
1.453518487320214803e+01
1.422820066764285762e+01
1.390694046676421358e+01
1.357443666981683705e+01
1.323407209711313826e+01
1.288954030670595685e+01
1.254479975000450231e+01
1.220401635386641104e+01
1.187149412535718973e+01
1.155160653845416618e+01
1.124874093921573426e+01
1.096723893104962855e+01
1.071130384089498833e+01
1.048489542153960841e+01
1.029164520820061313e+01
1.013474991248455659e+01
1.001683073442954353e+01
9.939861283149719284e+00
9.905171826653129230e+00
9.913377620405551482e+00
9.964249148989368976e+00
1.005675855838921073e+01
1.018922494576171189e+01
1.035934325853818017e+01
1.056419074408179881e+01
1.080033590327175830e+01
1.106398456771532146e+01
1.135107890653593010e+01
1.165738241380467777e+01
1.197857839556565018e+01
1.231034872099478328e+01
1.264842766111834926e+01
1.298865956566690194e+01
1.332706773930372535e+01
1.365991819162999832e+01
1.398376753489761626e+01
1.429549892463517757e+01
1.459235386213815744e+01
1.487196268010139555e+01
1.513237170862263703e+01
1.537206386709155126e+01
1.558996995234187111e+01
1.578546831502084835e+01
1.595837082374250571e+01
1.610889396849863431e+01
1.623761593855515883e+01
1.634542282460279594e+01
1.643344870581091755e+01
1.650301469953535971e+01
1.655557113598102603e+01
1.659264552641478119e+01
1.661579756682905895e+01
1.662658138555554999e+01
1.662651467834020025e+01
1.661705418514922172e+01
1.659957697506943575e+01
1.657536703712954207e+01
1.654560666977213756e+01
1.651137211809123428e+01
1.647363284580987752e+01
1.643325377531843046e+01
1.639099981557357566e+01
1.634754202232387144e+01
1.630346480306686630e+01
1.625927367118011446e+01
1.621540315379834851e+01
1.617222456311663592e+01
1.613005342253924468e+01
1.608915642005080926e+01
1.604975781258836776e+01
1.601204525391524669e+01
1.597617504497760521e+01
1.594227682545841951e+01
1.591045774002916424e+01
1.588080611588241986e+01
1.585339469207880825e+01
1.582828343975775987e+01
1.580552201469723528e+01
1.578515187451814761e+01
1.576720809521555999e+01
1.575172091376549410e+01
1.573871702368364112e+01
1.572822064480494930e+01
1.572025438406587838e+01
1.571483990074404247e+01
1.571199838553256001e+01
1.571175086027050583e+01
1.571411829988366549e+01
1.571912157315587244e+01
1.572678119605373048e+01
1.573711688615428628e+01
1.575014690144936580e+01
1.576588714152892834e+01
1.578434998535736966e+01
1.580554283068137700e+01
1.582946629537329919e+01
1.585611203504193689e+01
1.588546012445046607e+01
1.591747594316785097e+01
1.595210649877626174e+01
1.598927611984512254e+01
1.602888144627286238e+01
1.607078564859898506e+01
1.611481181053930456e+01
1.616073542529033347e+01
1.620827597985042345e+01
1.625708763559532954e+01
1.630674906357879550e+01
1.635675256219282403e+01
1.640649266731775313e+01
1.645525457404906433e+01
1.650220280848149912e+01
1.654637072624919369e+01
1.658665155590478690e+01
1.662179185079805066e+01
1.665038833123452378e+01
1.667088920365420890e+01
1.668160112365961112e+01
1.668070300253898353e+01
1.666626784094746228e+01
1.663629370536539653e+01
1.658874482040877041e+01
1.652160346670783753e+01
1.643293285642005230e+01
1.632095035163883523e+01
1.618410922566481602e+01
1.602118549321181007e+01
1.583136438099943355e+01
1.561431910946954282e+01
1.537027364333719071e+01
1.510004208378928681e+01
1.480504130964166087e+01
1.448727955131512601e+01
1.414932936929827711e+01
1.379429474319359272e+01
1.342577630699316238e+01
1.304782926021155021e+01
1.266490427934262541e+01
1.228177019022556848e+01
1.190343116905001075e+01
1.153505208672778970e+01
1.118188875873754107e+01
1.084920996968570961e+01
1.054220881664743459e+01
1.026589502924546693e+01
1.002494545413931171e+01
9.823541858326207077e+00
9.665242467674509896e+00
9.552861592644701361e+00
9.488379864745896342e+00
9.472875617680969640e+00
9.506396956465364312e+00
9.587930748690963512e+00
9.715539459576143955e+00
9.886494439854011773e+00
1.009734523319943733e+01
1.034402171556416583e+01
1.062198485481192023e+01
1.092639087566972833e+01
1.125225508213693892e+01
1.159457624571449408e+01
1.194840471973800966e+01
1.230889777663840690e+01
1.267139399956976575e+01
1.303149192452397820e+01
1.338511278224174461e+01
1.372854769186169399e+01
1.405849722486809128e+01
1.437210544722146288e+01
1.466698605167417746e+01
1.494123925217272486e+01
1.519346004454301458e+01
1.542273781547527989e+01
1.562864512946866746e+01
1.581121248261787393e+01
1.597088731191769106e+01
1.610847866778349413e+01
1.622509193338225231e+01
1.632205951963274870e+01
1.640087318295651997e+01
1.646312217780640808e+01
1.651043965673975933e+01
1.654445816206910536e+01
1.656677400621873986e+01
1.657891979209554023e+01
1.658234412387894707e+01
1.657839753986388942e+01
1.656832374731906654e+01
1.655325530898167941e+01
1.653421299143437651e+01
1.651210803407805727e+01
1.648774665301234776e+01
1.646183616056615762e+01
1.643499215595545948e+01
1.640774632376655973e+01
1.638055446413535776e+01
1.635380445854073628e+01
1.632782395340251469e+01
1.630288760615636789e+01
1.627922379702849298e+01
1.625702075201019881e+01
1.623643205531712752e+01
1.621758155584332428e+01
1.620056768773430278e+01
1.618546723617222938e+01
1.617233858535728075e+01
1.616122448760073382e+01
1.615215439275637266e+01
1.614514637500215599e+01
1.614020869043684669e+01
1.613734099469689909e+01
1.613653524551074980e+01
1.613777631040209215e+01
1.614104229494107301e+01
1.614630460201980711e+01
1.615352772804071080e+01
1.616266879784540933e+01
1.617367683601840866e+01
1.618649176850539462e+01
1.620104314524084899e+01
1.621724857192671720e+01
1.623501183765255718e+01
1.625422072399478424e+01
1.627474448212584690e+01
1.629643096613535747e+01
1.631910341369697548e+01
1.634255687363765475e+01
1.636655428720844085e+01
1.639082223978856589e+01
1.641504641688116095e+01
1.643886681552085705e+01
1.646187278133380616e+01
1.648359797143861272e+01
1.650351536896605964e+01
1.652103251391208261e+01
1.653548715460289031e+01
1.654614357563011851e+01
1.655218991656145988e+01
1.655273686430562918e+01
1.654681817539327326e+01
1.653339356125789195e+01
1.651135453954406529e+01
1.647953389577114081e+01
1.643671939240129731e+01
1.638167228353873739e+01
1.631315102295434727e+01
1.622994028975529801e+01
1.613088512008403441e+01
1.601492955421151265e+01
1.588115882246066235e+01
1.572884372750941928e+01
1.555748549077328313e+01
1.536685884895743825e+01
1.515705069338058486e+01
1.492849117805554293e+01
1.468197446525129557e+01
1.441866760862150620e+01
1.414010863802255358e+01
1.384819780610490625e+01
1.354518711452633539e+01
1.323367092705739978e+01
1.291657451550200442e+01
1.259713223041802976e+01
1.227884891407824952e+01
1.196544834413460912e+01
1.166082026283815232e+01
1.136897006745806848e+01
1.109396151108814266e+01
