-1.860491588875682334e+00
-1.603875805410352351e+00
-1.326448670953394249e+00
-1.030872463196208511e+00
-7.201836317774858998e-01
-3.977283674960274684e-01
-6.710423940200813120e-02
2.678774243278214118e-01
6.032520245939362313e-01
9.349947546424624001e-01
1.259096881942367796e+00
1.571614708757394618e+00
1.868748274261620379e+00
2.146941472464896083e+00
2.402938508141502449e+00
2.633829893585993176e+00
2.837118098339755257e+00
3.010759284928922419e+00
3.153174734836025728e+00
3.263263430354518491e+00
3.340420073510099286e+00
3.384544687801683160e+00
3.396038844259999578e+00
3.375790916565809763e+00
3.325152542236649467e+00
3.245909003193732101e+00
3.140246251612003547e+00
3.010712863736359157e+00
2.860169886107402526e+00
2.691721586537786148e+00
2.508626471781633782e+00
2.314195986872360500e+00
2.111692686273213493e+00
1.904238752975329074e+00
1.694741602048524642e+00
1.485838685146497973e+00
1.279860601308880685e+00
1.078810309436849302e+00
8.843562684857787515e-01
6.978374932430587707e-01
5.202785286504345574e-01
3.524122590942196376e-01
1.947083084140575349e-01
4.740483641300533707e-02
-8.945823139648309552e-02
-2.160061305935116471e-01
-3.324975203557754000e-01
-4.392949731599941066e-01
-5.368383041231404862e-01
-6.256211088098176942e-01
-7.061706669278885462e-01
-7.790312146144077188e-01
-8.447504228894958667e-01
-9.038688057932112718e-01
-9.569117071129339402e-01
-1.004383482184004084e+00
-1.046763487732165210e+00
-1.084503526140002005e+00
-1.118026430989662590e+00
-1.147725529447542359e+00
-1.173964756142925614e+00
-1.197079248471978774e+00
-1.217376271620918660e+00
-1.235136371372131281e+00
-1.250614662125792531e+00
-1.264042182964361105e+00
-1.275627273817634633e+00
-1.285556927869685673e+00
-1.293998086452752272e+00
-1.301098857744032777e+00
-1.306989637489768263e+00
-1.311784119490318812e+00
-1.315580183722583119e+00
-1.318460654514439945e+00
-1.320493923840922346e+00
-1.321734435109661820e+00
-1.322223020681334127e+00
-1.321987092177916878e+00
-1.321040678431860682e+00
-1.319384307400100598e+00
-1.317004727595949332e+00
-1.313874464215258886e+00
-1.309951204427661109e+00
-1.305177005994924810e+00
-1.299477323033234155e+00
-1.292759842559282779e+00
-1.284913125894264541e+00
-1.275805049427752635e+00
-1.265281044250063713e+00
-1.253162133399042366e+00
-1.239242771150067757e+00
-1.223288500305748538e+00
-1.205033449972130910e+00
-1.184177716837534922e+00
-1.160384684282360856e+00
-1.133278372912029930e+00
-1.102440946368673735e+00
-1.067410534161220337e+00
-1.027679601990789005e+00
-9.826941452567128366e-01
-9.318540581376907328e-01
-8.745150890603761162e-01
-8.099928570759008517e-01
-7.375694419113615341e-01
-6.565030721197910868e-01
-5.660414123891110982e-01
-4.654388908674218506e-01
-3.539784065664891011e-01
-2.309976168924333939e-01
-9.591987785697514424e-02
5.171023273508219831e-02
2.121870654731985995e-01
3.856002010172318029e-01
5.717877449932958767e-01
7.702879688506035771e-01
9.802913530023831257e-01
1.200595831130942592e+00
1.429568772110595409e+00
1.665119961546427607e+00
1.904690611356270269e+00
2.145263873936589683e+00
2.383402110838544807e+00
2.615314440636112181e+00
2.836954146804420152e+00
3.044140391134239287e+00
3.232694058081337474e+00
3.398575389549670422e+00
3.538012131203434496e+00
3.647609670721298603e+00
3.724438879885435316e+00
3.766102497008880778e+00
3.770784583103238941e+00
3.737286771956502829e+00
3.665051684257224718e+00
3.554174181670163968e+00
3.405404069463354499e+00
3.220139834072717200e+00
3.000401969490095411e+00
2.748782878377214356e+00
2.468402633021816062e+00
2.162876500642803013e+00
1.836235037740778564e+00
1.492806199086950780e+00
1.137127608585726035e+00
7.738770769491870594e-01
4.078039589689806954e-01
4.360510633594673335e-02
-3.141909334386295827e-01
-6.612988810105958626e-01
-9.937737200589698006e-01
-1.308065091359192911e+00
-1.601041675626778238e+00
-1.870028595492539969e+00
-2.112874633879728403e+00
-2.327986996174398193e+00
-2.514306480346550909e+00
-2.671258361580150176e+00
-2.798713474800548440e+00
-2.896968053165061452e+00
-2.966728058200794216e+00
-3.009080317253194359e+00
-3.025446852328662395e+00
-3.017531040868250081e+00
-2.987265033155319216e+00
-2.936761425420780114e+00
-2.868266639400061546e+00
-2.784112544882989759e+00
-2.686665068918840493e+00
-2.578271425748166035e+00
-2.461209440003523152e+00
-2.337642650886289086e+00
-2.209583859368840386e+00
-2.078868420255357119e+00
-1.947137309715899489e+00
-1.815829147726579995e+00
-1.686179965442087925e+00
-1.559229310723414308e+00
-1.435831227688995737e+00
-1.316668703108708982e+00
-1.202270314306479015e+00
-1.093027990017365392e+00
-9.892149893382469195e-01
-8.910034102295945058e-01
-7.984807303159450198e-01
-7.116650555641498288e-01
-6.305188866578316231e-01
-5.549613290164252533e-01
-4.848787465382931039e-01
-4.201339241865971741e-01
-3.605738405433362992e-01
-3.060361760467783521e-01
-2.563546925298987866e-01
-2.113636236047148897e-01
-1.709012099244084093e-01
-1.348125045334161998e-01
-1.029515644617001457e-01
-7.518313072701617028e-02
-5.138388786480824200e-02
-3.144338076291770812e-02
-1.526465367213458192e-02
-2.764667215073660436e-03
6.125462006494696195e-03
1.146036367311579346e-02
1.328043097626617833e-02
1.161193371433006175e-02
6.467215464008207841e-03
-2.155030835013727053e-03
-1.426940808523075900e-02
-2.990337406881781943e-02
-4.909670144712515588e-02
-7.190081955036235761e-02
-9.837801318866735978e-02
-1.286004488043832050e-01
-1.626489898463231165e-01
-2.006117600967374792e-01
-2.425824039473610805e-01
-2.886579901965902195e-01
-3.389365015618063803e-01
-3.935138464783436985e-01
-4.524803260980661546e-01
-5.159164936765835430e-01
-5.838883405278246785e-01
-6.564417509147846275e-01
-7.335961750138774162e-01
-8.153374808868351087e-01
-9.016099639672359167e-01
-9.923075138531977091e-01
-1.087263967193954128e+00
-1.186242715567251471e+00
-1.288925688275209813e+00
-1.394901902941672711e+00
-1.503655876002340852e+00
-1.614556307728218121e+00
-1.726845620219578326e+00
-1.839631098230785744e+00
-1.951878559398217305e+00
-2.062409593320477796e+00
-2.169903420030724117e+00
-2.272904251553551358e+00
-2.369834657055644112e+00
-2.459014841237272098e+00
-2.538687084250876858e+00
-2.607044050454706774e+00
-2.662259492686080531e+00
-2.702520206672115677e+00
-2.726058862995123899e+00
-2.731188184757388893e+00
-2.716337179719884976e+00
-2.680089607406253904e+00
-2.621223957961904993e+00
-2.538753092344889328e+00
-2.431960965076573888e+00
-2.300434017234927353e+00
-2.144086880445937204e+00
-1.963186091100259656e+00
-1.758375751333422388e+00
-1.530699532336280644e+00
-1.281608783297593757e+00
-1.012962470270468041e+00
-7.270270451226171771e-01
-4.264555540484012419e-01
-1.142414742761375113e-01
2.063228564025398892e-01
5.316795818702423349e-01
8.580533114980615217e-01
1.181527756713332655e+00
1.498112497112136232e+00
1.803802103689023939e+00
2.094662613189152811e+00
2.366915167085695604e+00
2.617016147730638398e+00
2.841738682010627848e+00
3.038225233408480275e+00
3.204026104884281079e+00
3.337149970080267813e+00
3.436112748203768774e+00
3.499972063787928800e+00
3.528350272042487745e+00
3.521445029447292985e+00
3.480024828321215846e+00
3.405415066065041962e+00
3.299481909803852364e+00
3.164611890712190956e+00
3.003676425756043766e+00
2.819970897760756934e+00
2.617125319437282105e+00
2.398991095228905746e+00
2.169513102381828595e+00
1.932598627932096136e+00
1.691995219153799690e+00
1.451187385077144842e+00
1.213317967181905210e+00
9.811354454709459993e-01
7.569649138387920528e-01
5.426990955465571531e-01
3.398059189111148903e-01
1.493496629778294782e-01
-2.797710357335773945e-02
-1.918137622689476129e-01
-3.420872571234591097e-01
-4.789661890897501384e-01
-6.028159081294427457e-01
-7.141563297131461319e-01
-8.136234662729359135e-01
-9.019351049564916512e-01
-9.798607517677891954e-01
-1.048195864463344895e+00
-1.107740357549907628e+00
-1.159281312706502920e+00
-1.203579731996912816e+00
-1.241361026191285744e+00
-1.273308786392534531e+00
-1.300061285153724100e+00
-1.322210111972768720e+00
-1.340300374594611821e+00
-1.354831965704800467e+00
-1.366261501626846231e+00
-1.375004636297375349e+00
-1.381438552798716302e+00
-1.385904503412630273e+00
-1.388710326065016210e+00
-1.390132892470087533e+00
-1.390420469983338014e+00
-1.389794979562538613e+00
-1.388454141358035576e+00
-1.386573496864928368e+00
-1.384308297139015709e+00
-1.381795247308205798e+00
-1.379154097855578520e+00
-1.376489074273874014e+00
-1.373890138981705089e+00
-1.371434081755400047e+00
-1.369185434338418661e+00
-1.367197207206711562e+00
-1.365511446853707733e+00
-1.364159613022984496e+00
-1.363162773047400966e+00
-1.362531609827267287e+00
-1.362266240853376109e+00
-1.362355842315734922e+00
-1.362778071625078136e+00
-1.363498279407180380e+00
-1.364468501623060659e+00
-1.365626221051785771e+00
-1.366892884255818119e+00
-1.368172162619124110e+00
-1.369347944242339077e+00
-1.370282044788920350e+00
-1.370811626850036102e+00
-1.370746322055836020e+00
-1.369865056386851743e+00
-1.367912584866819659e+00
-1.364595755288407819e+00
-1.359579536012133216e+00
-1.352482858422062062e+00
-1.342874352586429287e+00
-1.330268084445803245e+00
-1.314119434389415586e+00
-1.293821310163195681e+00
-1.268700939160255725e+00
-1.238017564896962464e+00
-1.200961465383234561e+00
-1.156654845352304672e+00
-1.104155302785835735e+00
-1.042462780462092953e+00
-9.705311039291559805e-01
-8.872853445267515626e-01
-7.916462457764301686e-01
-6.825626733145127023e-01
-5.590524206213124403e-01
-4.202507183448315198e-01
-2.654647198015440690e-01
-9.423155818021347607e-02
9.362234260584945122e-02
2.979221390505046307e-01
5.180858947783868462e-01
7.530664021610289360e-01
1.001295330896867952e+00
1.260635499050942743e+00
1.528351821854201598e+00
1.801113987962770224e+00
2.075041309323901739e+00
2.345792227955590725e+00
2.608691489108410089e+00
2.858881917071400824e+00
3.091487084821528786e+00
3.301773911166558051e+00
3.485306742873914843e+00
3.638085236180730320e+00
3.756659323575971765e+00
3.838217612107141186e+00
3.880649330931987162e+00
3.882580766722032450e+00
3.843386596003018241e+00
3.763180698600395058e+00
3.642799113726348459e+00
3.483786008131736889e+00
3.288370590267590376e+00
3.059400447487057750e+00
2.800228759134106404e+00
2.514624707877993970e+00
2.206739261571478483e+00
1.881030776888002576e+00
1.542121378976956114e+00
1.194686249151265756e+00
8.433952490052855078e-01
4.928396246990723317e-01
1.473782310503533588e-01
-1.889755879816377993e-01
-5.125505515513152366e-01
-8.200598829266859680e-01
-1.108652228021265618e+00
-1.375944006545295473e+00
-1.620039133749766602e+00
-1.839535122141467749e+00
-2.033526503409217590e+00
-2.201571996060101011e+00
-2.343634599413729536e+00
-2.460036489550128547e+00
-2.551434754900330226e+00
-2.618798019159303880e+00
-2.663371296121815224e+00
-2.686629757456498790e+00
-2.690227583383089982e+00
-2.675947552350773417e+00
-2.645654570669400130e+00
-2.601253990300731900e+00
-2.544654391083788436e+00
-2.477734196983675030e+00
-2.402311748484602827e+00
-2.320118925922065145e+00
-2.232778843301275185e+00
-2.141788254296516758e+00
-2.048505168423964573e+00
-1.954141866404185857e+00
-1.859763070852167965e+00
-1.766288678932674161e+00
-1.674500219219463126e+00
-1.585050096281815701e+00
-1.498472694108552217e+00
-1.415196515495098062e+00
-1.335556670491714559e+00
-1.259807182160821659e+00
-1.188132734799312473e+00
-1.120659606799240482e+00
-1.057465646884761412e+00
-9.985892263829936333e-01
-9.440371576484503091e-01
-8.937916173790027008e-01
-8.478161302265011523e-01
-8.060606886631542789e-01
-7.684660926663259284e-01
-7.349675911847443066e-01
-7.054979067910960300e-01
-6.799897206803929839e-01
-6.583776863620232067e-01
-6.406000353385472579e-01
-6.265998280929067077e-01
-6.163258967455039761e-01
-6.097335184046315248e-01
-6.067848502656068010e-01
-6.074491508765705872e-01
-6.117028047971976301e-01
-6.195291612478726062e-01
-6.309181921282521754e-01
-6.458659683852859823e-01
-6.643739482954656994e-01
-6.864480657396000440e-01
-7.120976008629866794e-01
-7.413338105034352754e-01
-7.741682918427412741e-01
-8.106110461892432895e-01
-8.506682084371846031e-01
-8.943394005222379262e-01
-9.416146673848777571e-01
-9.924709513486659196e-01
-1.046868063897985701e+00
-1.104744112858064620e+00
-1.166010355609088833e+00
-1.230545458886829868e+00
-1.298189165707899884e+00
-1.368735399178845569e+00
-1.441924864941032780e+00
-1.517437270047973463e+00
-1.594883329288014462e+00
-1.673796801022120917e+00
-1.753626869822694889e+00
-1.833731268196116204e+00
-1.913370597402373585e+00
-1.991704350274826840e+00
-2.067789138732318843e+00
-2.140579582816499293e+00
-2.208932201062487888e+00
-2.271612474472163079e+00
-2.327305052377773187e+00
-2.374626887029084976e+00
-2.412142994273902108e+00
-2.438384673318291007e+00
-2.451870386504069632e+00
-2.451129828407644595e+00
