-3.336450868639591949e+00
-3.275849553376156020e+00
-3.191025842977273541e+00
-3.084667626117360673e+00
-2.959646712023874748e+00
-2.818947037479865969e+00
-2.665585412144102495e+00
-2.502529615465964419e+00
-2.332621073636977016e+00
-2.158509014525614500e+00
-1.982600767930226437e+00
-1.807029882933653964e+00
-1.633641020571057645e+00
-1.463988867272352223e+00
-1.299347739743710761e+00
-1.140728627103759107e+00
-9.889010039211709735e-01
-8.444174313665777643e-01
-7.076394986492615669e-01
-5.787640448664190806e-01
-4.578488323787314740e-01
-3.448370312157652551e-01
-2.395800055466639489e-01
-1.418580228070449589e-01
-5.139864302855170347e-02
3.210730316758221570e-02
1.089921504163228055e-01
1.796001247618624896e-01
2.442781914111845643e-01
3.033687945990659052e-01
3.572042513541929809e-01
4.061025489427362301e-01
4.503643114544413906e-01
4.902707211977355706e-01
5.260821978656591291e-01
5.580376696707501916e-01
5.863542952807707653e-01
6.112275163998024397e-01
6.328313439805228757e-01
6.513187999296962127e-01
6.668224513854316138e-01
6.794549888293448525e-01
6.893098097688521442e-01
6.964615803357986357e-01
7.009667537788372149e-01
7.028640315540706229e-01
7.021747579380919202e-01
6.989032438278839354e-01
6.930370192364193604e-01
6.845470177741539430e-01
6.733877000913404132e-01
6.594971270049042600e-01
6.427969972422973299e-01
6.231926688312520168e-01
6.005731881736811051e-01
5.748113580626957875e-01
5.457638797048467438e-01
5.132716146174916005e-01
4.771600187153322570e-01
4.372398094399124746e-01
3.933079364431087410e-01
3.451489388831671112e-01
2.925367777486220788e-01
2.352372407039930724e-01
1.730110289414547031e-01
1.056176344721408561e-01
3.282012379783566525e-02
-4.560905819544663897e-02
-1.298811534588183436e-01
-2.201829170130232272e-01
-3.166671123389510623e-01
-4.194416001124116611e-01
-5.285569681976296508e-01
-6.439926863230014398e-01
-7.656418243091309694e-01
-8.932944604728351168e-01
-1.026620038285703806e+00
-1.165149116917655103e+00
-1.308255200441970301e+00
-1.455137609655358544e+00
-1.604806638891775661e+00
-1.756072491557162607e+00
-1.907539630475667547e+00
-2.057608022547218418e+00
-2.204482435011682284e+00
-2.346190498623524689e+00
-2.480609751163744825e+00
-2.605503361180162791e+00
-2.718563709228882797e+00
-2.817462322376309558e+00
-2.899903453409672593e+00
-2.963677447592089287e+00
-3.006710019154538394e+00
-3.027105313936495623e+00
-3.023183849865082262e+00
-2.993519219021202105e+00
-2.936976862536644806e+00
-2.852753539465998411e+00
-2.740411061213756216e+00
-2.599899053233795776e+00
-2.431570334387557875e+00
-2.236197102776655399e+00
-2.014985549464411552e+00
-1.769577835944301958e+00
-1.502044846871955386e+00
-1.214878198475858762e+00
-9.109661031914827456e-01
-5.935376630569545453e-01
-2.660947902575428459e-01
6.763526549999195059e-02
4.037425944683298851e-01
7.382149675739022587e-01
1.067030469226749378e+00
1.386217322435118859e+00
1.691908015822484845e+00
1.980434758197239686e+00
2.248413838516993835e+00
2.492787298081620140e+00
2.710876930030501342e+00
2.900443597024850995e+00
3.059710595011483125e+00
3.187368902891141609e+00
3.282590748465679109e+00
3.345044180762327013e+00
3.374895334521842205e+00
3.372797417415774657e+00
3.339870207348536457e+00
3.277672528072909319e+00
3.188170215769505322e+00
3.073700566768894582e+00
2.936929477119713194e+00
2.780794102683254554e+00
2.608426423778315684e+00
2.423060323044710973e+00
2.227931650696092447e+00
2.026182908141680006e+00
1.820781749375654401e+00
1.614457862656284881e+00
1.409658626320715147e+00
1.208521616291809320e+00
1.012861481974823175e+00
8.241690257118975405e-01
6.436206087344251703e-01
4.720961239549337773e-01
3.102036194951758308e-01
1.583084880470040368e-01
1.656518558598280358e-02
-1.150503582913580819e-01
-2.367090840948766484e-01
-3.486989456608965421e-01
-4.513975873998890553e-01
-5.452480021848724601e-01
-6.307373837457005417e-01
-7.083792053130645305e-01
-7.786984318260545823e-01
-8.422196606337519764e-01
-8.994579010907294281e-01
-9.509116571765445780e-01
-9.970579644874545400e-01
-1.038349030049310340e+00
-1.075210161362085248e+00
-1.108038698935879252e+00
-1.137203720786469585e+00
-1.163046310803273586e+00
-1.185880238774630335e+00
-1.205992919572549615e+00
-1.223646550287720070e+00
-1.239079353105765113e+00
-1.252506859683565121e+00
-1.264123193183923410e+00
-1.274102314911409239e+00
-1.282599208704152227e+00
-1.289750980771888544e+00
-1.295677861411694165e+00
-1.300484098832018542e+00
-1.304258732734700388e+00
-1.307076243463923593e+00
-1.308997069904560995e+00
-1.310067991765605067e+00
-1.310322371629330629e+00
-1.309780253396799043e+00
-1.308448312564633786e+00
-1.306319654090374538e+00
-1.303373453018810801e+00
-1.299574432742670815e+00
-1.294872175269728531e+00
-1.289200257734543387e+00
-1.282475209647285563e+00
-1.274595285172857251e+00
-1.265439045663016016e+00
-1.254863749791529592e+00
-1.242703552424782920e+00
-1.228767516563904705e+00
-1.212837450714204568e+00
-1.194665592851946068e+00
-1.173972171803175923e+00
-1.150442902499379416e+00
-1.123726491567892616e+00
-1.093432252502505975e+00
-1.059127978614970544e+00
-1.020338262213030811e+00
-9.765434957633465363e-01
-9.271798604374700270e-01
-8.716406574957284992e-01
-8.092794019068617617e-01
-7.394151447278345390e-01
-6.613405185160803335e-01
-5.743330133847588392e-01
-4.776699535690245302e-01
-3.706475879170010868e-01
-2.526046048783507914e-01
-1.229502452977806332e-01
1.880297123393420700e-02
1.730020862230217948e-01
3.398125312390724573e-01
5.191737030184073731e-01
7.107524835002415609e-01
9.138964154234032744e-01
1.127588881330005899e+00
1.350409248469400580e+00
1.580501560951735884e+00
1.815556095774734979e+00
2.052808892410625585e+00
2.289064677416927651e+00
2.520747880097558014e+00
2.743983706302393077e+00
2.954706409060359196e+00
3.148786769700998356e+00
3.322167359405791220e+00
3.470993702084613108e+00
3.591731492090986411e+00
3.681263260849472641e+00
3.736962777453726403e+00
3.756750712577476836e+00
3.739136949940963461e+00
3.683251543647511728e+00
3.588863446421473036e+00
3.456388696567596508e+00
3.286890339318051080e+00
3.082063231231964018e+00
2.844194325909080057e+00
2.576116729890364443e+00
2.281182598636086745e+00
1.963211204996144543e+00
1.626377021720431859e+00
1.275107512767156726e+00
9.140101342289446151e-01
5.478077500637893449e-01
1.812430218571618179e-01
-1.810541733672491327e-01
-5.346480859957776222e-01
-8.753945165400783823e-01
-1.199519473089182942e+00
-1.503653251985660244e+00
-1.784857025649316142e+00
-2.040684425435888905e+00
-2.269240989321219537e+00
-2.469185194069088318e+00
-2.639686852596016209e+00
-2.780381949885401660e+00
-2.891346110962299765e+00
-2.973081081242840984e+00
-3.026493632910947973e+00
-3.052856177215289790e+00
-3.053754927274768161e+00
-3.031036575845002190e+00
-2.986758967964240785e+00
-2.923144236195114321e+00
-2.842530460146702964e+00
-2.747319679505599410e+00
-2.639923107851914974e+00
-2.522706836009861231e+00
-2.397941992593262572e+00
-2.267762572216303951e+00
-2.134132804955896301e+00
-1.998824615280611949e+00
-1.863404699854384283e+00
-1.729230252521925415e+00
-1.597452054256042420e+00
-1.469023469362864098e+00
-1.344713843449131696e+00
-1.225124889684084062e+00
-1.110708788022101379e+00
-1.001786937526770283e+00
-8.985685095558803015e-01
-8.011681800497558736e-01
-7.096226223624243490e-01
-6.239055038365075578e-01
-5.439408599972976877e-01
-4.696148245725109138e-01
-4.007857580811898801e-01
-3.372928719235700479e-01
-2.789634736541695692e-01
-2.256189734582231265e-01
-1.770797998352973968e-01
-1.331693670596333090e-01
-9.371723146973318097e-02
-5.856156345870765917e-02
-2.755104724129997865e-02
-5.463081498804719808e-04
2.257904269220744470e-02
4.193767307909971459e-02
5.762804076664317793e-02
6.973409768578964218e-02
7.832514645843305368e-02
8.345581540032540047e-02
8.516612683338856127e-02
8.348164078941311406e-02
7.841366290528271887e-02
6.995951178594821129e-02
5.810284725497068259e-02
4.281406594580076941e-02
2.405077658950715430e-02
1.758373021111085677e-03
-2.412926956144223131e-02
-5.368894683043481941e-02
-8.700708812225305122e-02
-1.241784863546997325e-01
-1.653047472579841914e-01
-2.104924020493725567e-01
-2.598506215706188338e-01
-3.134884651305384629e-01
-3.715115964031906470e-01
-4.340183938875881720e-01
-5.010953862307017115e-01
-5.728119484277471862e-01
-6.492141992243848359e-01
-7.303180584745041504e-01
-8.161014352723997556e-01
-9.064955443056262885e-01
-1.001375373406279135e+00
-1.100549363150663762e+00
-1.203748401463835771e+00
-1.310614296256181976e+00
-1.420687966550825632e+00
-1.533397691204511082e+00
-1.648047893383219886e+00
-1.763809100421656950e+00
-1.879709906135125896e+00
-1.994631929875124499e+00
-2.107308882863950572e+00
-2.216330826675662280e+00
-2.320154471206309132e+00
-2.417119874078472730e+00
-2.505473214697091944e+00
-2.583394571985240695e+00
-2.649029097596886206e+00
-2.700519917636496903e+00
-2.736041667418455337e+00
-2.753834572527718905e+00
-2.752239778892699107e+00
-2.729736664837985494e+00
-2.684982206413101036e+00
-2.616851212639720980e+00
-2.524475129534890172e+00
-2.407276699463805958e+00
-2.264998547773164894e+00
-2.097726861433530487e+00
-1.905914858340908680e+00
-1.690407130878233133e+00
-1.452456162845294108e+00
-1.193724884978630829e+00
-9.162854596512592931e-01
-6.226118584120804433e-01
-3.155443452158748774e-01
1.758830218026813906e-03
3.258583258282017336e-01
6.530721266328120000e-01
9.795390662746953359e-01
1.301296892182753462e+00
1.614339065267913043e+00
1.914685781822624167e+00
2.198476816477365148e+00
2.462048593532008667e+00
2.702012419583326164e+00
2.915326457351181233e+00
3.099339574309358358e+00
3.251832055658018472e+00
3.371064701470311231e+00
3.455819425736899930e+00
3.505426412924453672e+00
3.519780681928619259e+00
3.499345202788214149e+00
3.445140534725082304e+00
3.358728157767873146e+00
3.242192030908232603e+00
3.098112653510725956e+00
2.929522041366602991e+00
2.739831557269599038e+00
2.532732819150790515e+00
2.312078753638913131e+00
2.081755443936140981e+00
1.845556569411918924e+00
1.607071426008817250e+00
1.369594409495243470e+00
1.136059580905794952e+00
9.089999303269814535e-01
6.905282892942626871e-01
4.823361698272887743e-01
2.857072034498362445e-01
1.015423509553918108e-01
-6.960577398852517417e-02
-2.274922298255089848e-01
-3.721356450428036089e-01
-5.037734692612749754e-01
-6.228188062978107231e-01
-7.298203575389836661e-01
-8.254263577058008616e-01
-9.103528480933091860e-01
-9.853563191953731426e-01
-1.051210618942393538e+00
-1.108687972587736992e+00
-1.158543919308907988e+00
-1.201505908144825163e+00
-1.238265210927590454e+00
-1.269471722448425322e+00
-1.295731150317807501e+00
-1.317604077395627238e+00
-1.335606408843519111e+00
-1.350210764704963484e+00
-1.361848475263083058e+00
-1.370911907041797440e+00
-1.377756940331460234e+00
-1.382705470470928066e+00
-1.386047865071452057e+00
-1.388045330640035546e+00
-1.388932170761931983e+00
-1.388917923255003517e+00
-1.388189369683527463e+00
-1.386912412904091063e+00
-1.385233816461395984e+00
-1.383282800801588275e+00
-1.381172491242225187e+00
-1.379001211540408667e+00
-1.376853619714293542e+00
-1.374801680757409494e+00
-1.372905474553996363e+00
-1.371213835992180385e+00
-1.369764824641944045e+00
-1.368586021233423544e+00
-1.367694648174707872e+00
-1.367097510291875651e+00
-1.366790750964152590e+00
-1.366759417538268906e+00
-1.366976828648651665e+00
-1.367403734932375770e+00
-1.367987262931036563e+00
-1.368659631367353580e+00
-1.369336628394444366e+00
-1.369915838053461510e+00
-1.370274604355264270e+00
-1.370267724117903096e+00
-1.369724861582619191e+00
-1.368447681721600917e+00
-1.366206706142263361e+00
-1.362737903145068818e+00
-1.357739036840853508e+00
-1.350865809120504135e+00
-1.341727852870882032e+00
-1.329884652372862242e+00
-1.314841494043546666e+00
-1.296045593960122755e+00
-1.272882584187117416e+00
-1.244673615885037110e+00
-1.210673417006883579e+00
-1.170069764100644782e+00
-1.121984977409468787e+00
-1.065480230322318311e+00
-9.995636682211888058e-01
-9.232035029158845996e-01
-8.353473109930813489e-01
-7.349486254944017638e-01
-6.210014724494331562e-01
-4.925827403386158765e-01
-3.489012921143834767e-01
-1.893518727847753602e-01
-1.357157184022654214e-02
1.785028779707438784e-01
3.865776532527022136e-01
6.099441460108440127e-01
8.474215054439145911e-01
1.097302602731683008e+00
1.357310846835812157e+00
1.624579219041482947e+00
1.895663652064537130e+00
2.166598661024195849e+00
2.432995006110993064e+00
2.690171074199956713e+00
2.933305450233631984e+00
3.157598227478506381e+00
3.358430646458899105e+00
3.531514158900301847e+00
3.673020953561780821e+00
3.779690191749000228e+00
3.848908027936273957e+00
3.878762450023956809e+00
3.868073644215320961e+00
3.816400573825245779e+00
3.724030004361379209e+00
3.591961164449125832e+00
