-2.434731801501053283e+00
-2.401316006218145116e+00
-2.349627764149588849e+00
-2.278553660314058593e+00
-2.187156351509809138e+00
-2.074708271825281169e+00
-1.940724931842050305e+00
-1.784997493466237151e+00
-1.607621365831855442e+00
-1.409017973606878416e+00
-1.189953086069094779e+00
-9.515566172405010015e-01
-6.953398440246845169e-01
-4.232024562269832701e-01
-1.374208553361837282e-01
1.593891240614976612e-01
4.642997620576269080e-01
7.740707242625329831e-01
1.085182749610106079e+00
1.393915550816976268e+00
1.696422510587620724e+00
1.988780780077379573e+00
2.267028608238571774e+00
2.527252909663891156e+00
2.765723550034728806e+00
2.978984089315695805e+00
3.163893017468521141e+00
3.317673518084553130e+00
3.437979066855058718e+00
3.522961633468212117e+00
3.571338966331191411e+00
3.582447487837576272e+00
3.556268506245888084e+00
3.493434344797702096e+00
3.395227947318704587e+00
3.263578861748115401e+00
3.101047748480433519e+00
2.910789580214309780e+00
2.696488056351926677e+00
2.462256910915882280e+00
2.212509296585421836e+00
1.951804410759833575e+00
1.684686409492764714e+00
1.415530998403727425e+00
1.148411242870626348e+00
8.869896186039527564e-01
6.344404145944531059e-01
3.934045937289433192e-01
1.659765297923535277e-01
-4.628169978139591578e-02
-2.423060730776349647e-01
-4.214848613007629030e-01
-5.836077057536578350e-01
-7.288124021181866530e-01
-8.575299331808761139e-01
-9.704280495060824130e-01
-1.068354911208302394e+00
-1.152285471070964018e+00
-1.223273439726173528e+00
-1.282410789739587331e+00
-1.330795372688310829e+00
-1.369506157888685793e+00
-1.399584983362613055e+00
-1.422023572649269596e+00
-1.437754734632522569e+00
-1.447646919948099464e+00
-1.452501515530181475e+00
-1.453052371296523759e+00
-1.449967096422526414e+00
-1.443849664016183088e+00
-1.435243885149690035e+00
-1.424637380466910574e+00
-1.412465754076127844e+00
-1.399116765593605649e+00
-1.384934379766520562e+00
-1.370222634720803301e+00
-1.355249311362663356e+00
-1.340249403700957354e+00
-1.325428401010189106e+00
-1.310965376443921748e+00
-1.297015888277132101e+00
-1.283714680818643705e+00
-1.271178173913669163e+00
-1.259506736208862998e+00
-1.248786735836076689e+00
-1.239092357788235121e+00
-1.230487194133149664e+00
-1.223025609152989857e+00
-1.216753883436934025e+00
-1.211711145414329671e+00
-1.207930093952224171e+00
-1.205437518196189162e+00
-1.204254618758920481e+00
-1.204397131675245314e+00
-1.205875253683523773e+00
-1.208693363937860976e+00
-1.212849533574547278e+00
-1.218334811431238229e+00
-1.225132270357264019e+00
-1.233215794865496928e+00
-1.242548587482181111e+00
-1.253081368050954714e+00
-1.264750238462082566e+00
-1.277474188098022712e+00
-1.291152210028793990e+00
-1.305660009619685979e+00
-1.320846282478887801e+00
-1.336528557260941108e+00
-1.352488610956212867e+00
-1.368467472952342501e+00
-1.384160053566689141e+00
-1.399209451089998391e+00
-1.413200997183065022e+00
-1.425656113300475925e+00
-1.436026049327213450e+00
-1.443685584917791642e+00
-1.447926794331100719e+00
-1.447953042380562438e+00
-1.442873520955058275e+00
-1.431698874438330993e+00
-1.413338796404487008e+00
-1.386602873740349073e+00
-1.350206304379478750e+00
-1.302782266052571414e+00
-1.242902521869724719e+00
-1.169107284940525293e+00
-1.079944573964507271e+00
-9.740186039512939153e-01
-8.500463383442226073e-01
-7.069215119531704339e-01
-5.437859943731808698e-01
-3.601083725965291693e-01
-1.557684215936857852e-01
6.885647287504662040e-02
3.128100594228926945e-01
5.744892162843733274e-01
8.515956197726969323e-01
1.141112422043350172e+00
1.439313440936350830e+00
1.741816096669126512e+00
2.043687185150160790e+00
2.339599132829607964e+00
2.624020042860140567e+00
2.891413462986891947e+00
3.136428798589588229e+00
3.354075364463471320e+00
3.539880107587178415e+00
3.690024866375928969e+00
3.801452028684457307e+00
3.871929895306214231e+00
3.900079577510148887e+00
3.885372077347001962e+00
3.828104861614734400e+00
3.729368775344490849e+00
3.591013044504683727e+00
3.415594229405988447e+00
3.206275202447365302e+00
2.966677435306658062e+00
2.700766933409439297e+00
2.412829931975706721e+00
2.107431522982174510e+00
1.789238575035288603e+00
1.462837052736707388e+00
1.132690659840040803e+00
8.031202666170089710e-01
4.781873809845658130e-01
1.615547577670619073e-01
-1.435378724128505146e-01
-4.342106511722322870e-01
-7.079767154166033416e-01
-9.628157206480161268e-01
-1.197176824512423909e+00
-1.409957681227579362e+00
-1.600477530069320808e+00
-1.768442031485965016e+00
-1.913910845218961709e+00
-2.037264326962050287e+00
-2.139165384407301751e+00
-2.220521256775220831e+00
-2.282447599241682834e+00
-2.326231715019706048e+00
-2.353292379679535973e+00
-2.365137638606812143e+00
-2.363323975440072555e+00
-2.349419848445651215e+00
-2.324975029880779864e+00
-2.291495785835563570e+00
-2.250425237195102124e+00
-2.203128112853549592e+00
-2.150879214029908670e+00
-2.094855140640880631e+00
-2.036129008451748046e+00
-1.975667962808157485e+00
-1.914333274989633127e+00
-1.852882751074091061e+00
-1.791975094786017131e+00
-1.732175825048878570e+00
-1.673964317980485061e+00
-1.617741561459570931e+00
-1.563838246258927311e+00
-1.512522882151588810e+00
-1.464009685545273554e+00
-1.418466059695912440e+00
-1.376019538349672500e+00
-1.336764119661049355e+00
-1.300765956638968657e+00
-1.268068400566445986e+00
-1.238696411906087036e+00
-1.212660376518396976e+00
-1.189959363809393045e+00
-1.170583875040170030e+00
-1.154518124650190991e+00
-1.141741898788385168e+00
-1.132232031029847708e+00
-1.125963530413893743e+00
-1.122910391659320828e+00
-1.123046111724126161e+00
-1.126343931170617596e+00
-1.132776813187783338e+00
-1.142317167707717074e+00
-1.154936322824682948e+00
-1.170603741008076071e+00
-1.189285972941633851e+00
-1.210945337680368272e+00
-1.235538314903548152e+00
-1.263013633411805392e+00
-1.293310037263193824e+00
-1.326353715124242161e+00
-1.362055374325057855e+00
-1.400306950427676389e+00
-1.440977951584403449e+00
-1.483911443525878227e+00
-1.528919694008598062e+00
-1.575779520466590533e+00
-1.624227394218547671e+00
-1.673954386346446999e+00
-1.724601061787295553e+00
-1.775752453889160698e+00
-1.826933277439043213e+00
-1.877603561081423678e+00
-1.927154896613294088e+00
-1.974907525264438357e+00
-2.020108486010390614e+00
-2.061931052618141358e+00
-2.099475695105835538e+00
-2.131772805309608554e+00
-2.157787433531590526e+00
-2.176426291579800942e+00
-2.186547280300106699e+00
-2.186971802157138267e+00
-2.176500111684345207e+00
-2.153929923894395859e+00
-2.118078335786951261e+00
-2.067806964413029469e+00
-2.002050046691956631e+00
-1.919844873286842279e+00
-1.820363396784883792e+00
-1.702943580585965400e+00
-1.567119497064051625e+00
-1.412649932046783130e+00
-1.239544416888269884e+00
-1.048083943408270713e+00
-8.388398181551515176e-01
-6.127040145573194874e-01
-3.709263952286609434e-01
-1.151197305001994409e-01
1.527748029681608999e-01
4.305043569442163487e-01
7.154848621394274133e-01
1.004791535178038542e+00
1.295192137562852119e+00
1.583227846993068955e+00
1.865289534565388374e+00
2.137630822753541882e+00
2.396379293365287655e+00
2.637629106966926429e+00
2.857576794277862930e+00
3.052629250787258997e+00
3.219474246245447091e+00
3.355132368769500939e+00
3.457015365026325782e+00
3.523007222557215989e+00
3.551555214355674117e+00
3.541748254084224001e+00
3.493373998116963808e+00
3.406955012750716882e+00
3.283764224492010442e+00
3.125821840919370764e+00
2.935876793699069953e+00
2.717368612887203660e+00
2.474357881280662586e+00
2.211416378229561275e+00
1.933479766770380914e+00
1.645674888378067413e+00
1.353135460946368829e+00
1.060818685124486072e+00
7.733359676349117473e-01
4.948123737579908643e-01
2.287868204553696883e-01
-2.184265342198881202e-02
-2.548328908762424461e-01
-4.685784389448181542e-01
-6.620729823189537289e-01
-8.348558373681213007e-01
-9.869472544236923550e-01
-1.118776081793974697e+00
-1.231104464815556243e+00
-1.324954439255070504e+00
-1.401539823824121012e+00
-1.462204523421579028e+00
-1.508367293230778783e+00
-1.541473357749236106e+00
-1.562953973444332956e+00
-1.574194985597859420e+00
-1.576514569778771913e+00
-1.571149177202360248e+00
-1.559245832277588617e+00
-1.541858776645999463e+00
-1.519948854994426890e+00
-1.494384657884636036e+00
-1.465944965968901004e+00
-1.435322324973631547e+00
-1.403127647580879378e+00
-1.369895683995503655e+00
-1.336091126676680618e+00
-1.302115079928910513e+00
-1.268311616296430300e+00
-1.234974196794101697e+00
-1.202351783755881920e+00
-1.170654538195269767e+00
-1.140059042347962626e+00
-1.110713027492594263e+00
-1.082739607186681052e+00
-1.056241041664676361e+00
-1.031302059065993593e+00
-1.007992769518201381e+00
-9.863712093852796681e-01
-9.664855517575711152e-01
-9.483760169199695333e-01
-9.320765146641314391e-01
-9.176160479701249706e-01
-9.050199035202690645e-01
-8.943106496498322011e-01
-8.855089607230266502e-01
-8.786342829752193939e-01
-8.737053528177686212e-01
-8.707405762062133681e-01
-8.697582740565477089e-01
-8.707767954225266172e-01
-8.738144971312915565e-01
-8.788895852227683880e-01
-8.860198098999041427e-01
-8.952220026673074482e-01
-9.065114402365811452e-01
-9.199010156908929980e-01
-9.354001928269581878e-01
-9.530137148632307209e-01
-9.727400341758644098e-01
-9.945694217912651736e-01
-1.018481711718699279e+00
-1.044443627431560939e+00
-1.072405630673908483e+00
-1.102298228020706761e+00
-1.134027665542987506e+00
-1.167470940620039865e+00
-1.202470062216634661e+00
-1.238825503670245798e+00
-1.276288814163672791e+00
-1.314554389150238034e+00
-1.353250456516735589e+00
-1.391929400026183261e+00
-1.430057622301381448e+00
-1.467005224037359667e+00
-1.502035851463700666e+00
-1.534297129941777138e+00
-1.562812157120387457e+00
-1.586472592050499397e+00
-1.604033991819928007e+00
-1.614114226155990650e+00
-1.615196071885983464e+00
-1.605635437288724487e+00
-1.583677017030926004e+00
-1.547479475174644792e+00
-1.495152246384376937e+00
-1.424805632662962118e+00
-1.334614906505323217e+00
-1.222897570679130519e+00
-1.088201277135875111e+00
-9.293988656273419746e-01
-7.457875041854929998e-01
-5.371902581762055817e-01
-3.040580803490874340e-01
-4.756629372049361870e-02
2.303063713261395695e-01
5.267313158706641296e-01
8.380291126136796276e-01
1.159720432480467744e+00
1.486628155249697825e+00
1.813026652331109156e+00
2.132833103853871926e+00
2.439831291228026444e+00
2.727909209682740865e+00
2.991287142054081638e+00
3.224719113744781041e+00
3.423660479567042891e+00
3.584397291303477395e+00
3.704131246372311281e+00
3.781018026975999202e+00
3.814167191419254532e+00
3.803616123030831631e+00
3.750284878846081416e+00
3.655914391823010590e+00
3.522987840187085329e+00
3.354622302403087897e+00
3.154420506189778983e+00
2.926327034761515122e+00
2.674560756607943901e+00
2.403588933291363361e+00
2.118005933903444493e+00
1.822308903514061162e+00
1.520761310560977408e+00
1.217414824237213145e+00
9.161062679796286856e-01
6.203439650277465800e-01
3.332134637249557496e-01
5.737017144778026184e-02
-2.049171983540635233e-01
-4.517335004263986487e-01
-6.815575450917293887e-01
-8.933130923256586975e-01
-1.086336117070235474e+00
-1.260301669826126236e+00
-1.415180253078936357e+00
-1.551216621388471939e+00
-1.668903588033334939e+00
-1.768947826919169630e+00
-1.852234506376635892e+00
-1.919792740460649405e+00
-1.972760740149944292e+00
-2.012350823121672683e+00
-2.039816048843128726e+00
-2.056420391466724062e+00
-2.063413534736221688e+00
-2.062010480657918254e+00
-2.053375654458891475e+00
-2.038610995710465446e+00
-2.018747498954073460e+00
-1.994739713536383574e+00
-1.967462764436543443e+00
-1.937711502730706137e+00
-1.906201424803301236e+00
-1.873571018040975478e+00
-1.840385224432134370e+00
-1.807139732803158427e+00
-1.774265845160537980e+00
-1.742135684254546346e+00
-1.711067550905790213e+00
-1.681331266281653747e+00
-1.653153369838247233e+00
-1.626722073603083185e+00
-1.602191900527237145e+00
-1.579687956338632127e+00
-1.559309809252473089e+00
-1.541134963368576694e+00
-1.525221925466826001e+00
-1.511612870911346551e+00
-1.500335922610309236e+00
-1.491407060432471177e+00
-1.484831679655358228e+00
-1.480605816626939353e+00
-1.478717057435644966e+00
-1.479145146524950993e+00
-1.481862308245861071e+00
-1.486833292040103283e+00
-1.494015148652549696e+00
-1.503356744459955374e+00
-1.514798017255186702e+00
-1.528268975469097679e+00
-1.543688441677460110e+00
-1.560962540202378124e+00
-1.579982931545897085e+00
-1.600624795674673972e+00
-1.622744570589518709e+00
-1.646177454121476424e+00
-1.670734683654852448e+00
-1.696200618099460877e+00
-1.722329648991106854e+00
-1.748842980601671426e+00
-1.775425332760490305e+00
-1.801721626058989223e+00
-1.827333731966816366e+00
-1.851817379260219276e+00
-1.874679338385740968e+00
-1.895375017688278652e+00
-1.913306642654723388e+00
-1.927822210245286438e+00
-1.938215442558426371e+00
-1.943726995189142270e+00
-1.943547183434919390e+00
-1.936820470813331418e+00
