1.765580849125210960e+00
1.809566232464051572e+00
1.843747186698387663e+00
1.869032584058507807e+00
1.886321812992457936e+00
1.896492590911385889e+00
1.900391460211906081e+00
1.898826454204765035e+00
1.892561618773730192e+00
1.882313193042097987e+00
1.868747290227950941e+00
1.852478904949633964e+00
1.834072051261075753e+00
1.814040830246886893e+00
1.792851225837107210e+00
1.770923443808054554e+00
1.748634627591401980e+00
1.726321811009231988e+00
1.704284990325674709e+00
1.682790225402875484e+00
1.662072693022679903e+00
1.642339639475728141e+00
1.623773185696439025e+00
1.606532954399455537e+00
1.590758496669671507e+00
1.576571500743354726e+00
1.564077770705568637e+00
1.553368969943949240e+00
1.544524123582687647e+00
1.537610877150644040e+00
1.532686508466198694e+00
1.529798690182723409e+00
1.528986000200997175e+00
1.530278175363184223e+00
1.533696102288137020e+00
1.539251537277454895e+00
1.546946545166736353e+00
1.556772645300599223e+00
1.568709651048502352e+00
1.582724187946262573e+00
1.598767874992866656e+00
1.616775154110297485e+00
1.636660754121882277e+00
1.658316779983797451e+00
1.681609425060150098e+00
1.706375308908554489e+00
1.732417458220757212e+00
1.759500958406895244e+00
1.787348326704250923e+00
1.815634677354214244e+00
1.843982771265182397e+00
1.871958074064644428e+00
1.899063974027614288e+00
1.924737339735979713e+00
1.948344633310612029e+00
1.969178820118755890e+00
1.986457353568406914e+00
1.999321546064205757e+00
2.006837679583413969e+00
2.008000247720562736e+00
2.001737784154544730e+00
1.986921789010711814e+00
1.962379295835796844e+00
1.926909570068509492e+00
1.879305226321129396e+00
1.818377649704171484e+00
1.742986058374910385e+00
1.652069151892255672e+00
1.544678569947512958e+00
1.420014195996111450e+00
1.277460907309324600e+00
1.116622669496313280e+00
9.373468549173434861e-01
7.397423932837059457e-01
5.242180575596360192e-01
2.915549678372632569e-01
4.296034295021505800e-02
-2.199557430947387260e-01
-4.952262442783107455e-01
-7.805177630149298107e-01
-1.073089711306428162e+00
-1.369768318474963387e+00
-1.666984623265919119e+00
-1.960890995963683769e+00
-2.247431205086702910e+00
-2.522304035457060944e+00
-2.780988620652014021e+00
-3.018933745871922092e+00
-3.231758374819069246e+00
-3.415328925985946729e+00
-3.565791313843084787e+00
-3.679672548569536961e+00
-3.754035168424767477e+00
-3.786613937041723776e+00
-3.775916925557838866e+00
-3.721304905119972695e+00
-3.623053336548291536e+00
-3.482394837274327415e+00
-3.301539185457623038e+00
-3.083662072092488327e+00
-2.832851360141590114e+00
-2.554006315867185517e+00
-2.252692212382592540e+00
-1.934953973599953025e+00
-1.607094380806745493e+00
-1.275430880417891988e+00
-9.460540426837165118e-01
-6.246100592919535677e-01
-3.161203851820374999e-01
-2.484476792361767564e-02
2.458062552725912286e-01
4.933043474980361998e-01
7.159834614649798201e-01
9.129775560104748111e-01
1.084131247352283278e+00
1.229897366798772040e+00
1.351230598489235657e+00
1.449481637868867079e+00
1.526294578115415801e+00
1.583510583332627064e+00
1.623081195982574387e+00
1.646993949868076568e+00
1.657211763069752486e+00
1.655626396421082225e+00
1.644025123860550330e+00
1.624068861899629068e+00
1.597279484436320285e+00
1.565034012388445417e+00
1.528563844162448948e+00
1.488957729799417207e+00
1.447167613712651013e+00
1.404016707417333532e+00
1.360209230817900572e+00
1.316341239733963109e+00
1.272911976568866343e+00
1.230335217599380693e+00
1.188950203497743052e+00
1.149031858432495667e+00
1.110800116240581836e+00
1.074428279239116657e+00
1.040050403998302730e+00
1.007767763883707257e+00
9.776544601477777929e-01
9.497622646405716740e-01
9.241247812837237730e-01
9.007610053559822472e-01
8.796783549016028436e-01
8.608752399969400448e-01
8.443432279729564671e-01
8.300688556564010945e-01
8.180351316093508185e-01
8.082227683689178210e-01
8.006111764953514065e-01
7.951792481559741832e-01
7.919059536830986845e-01
7.907707703431331447e-01
7.917539583597836828e-01
7.948366959160545475e-01
8.000010811364258734e-01
8.072300061585365727e-01
8.165069049547605262e-01
8.278153733940211145e-01
8.411386568921325191e-01
8.564589982862824691e-01
8.737568346086893589e-01
8.930098284306983158e-01
9.141917151823995003e-01
9.372709442675728475e-01
9.622090883291904984e-01
9.889589899192907652e-01
1.017462610054992167e+00
1.047648540658190131e+00
1.079429140873892079e+00
1.112697253000838993e+00
1.147322457050159672e+00
1.183146829449986059e+00
1.219980175705263070e+00
1.257594727301845516e+00
1.295719308826241756e+00
1.334033013659996492e+00
1.372158462515682187e+00
1.409654770048140104e+00
1.446010399429334514e+00
1.480636153413486422e+00
1.512858601090485200e+00
1.541914276591437316e+00
1.566944986004864315e+00
1.586994507010656141e+00
1.601006909789276289e+00
1.607826755335546087e+00
1.606201680305359369e+00
1.594788414685782918e+00
1.572163962267898230e+00
1.536844153342503905e+00
1.487311576327934537e+00
1.422053834984249310e+00
1.339611545484872046e+00
1.238634337847354772e+00
1.117943138417675231e+00
9.765979870697772958e-01
8.139712106839787076e-01
6.298246205812806364e-01
4.243871272367542025e-01
1.984274366839074988e-01
-4.668375774938142431e-02
-3.089270291667906010e-01
-5.856083903838021909e-01
-8.733622170682774355e-01
-1.168192141843429566e+00
-1.465556867971060218e+00
-1.760500962363849675e+00
-2.047821307186497908e+00
-2.322253719598627253e+00
-2.578664115237483401e+00
-2.812231120777659132e+00
-3.018607634696468978e+00
-3.194048619018205581e+00
-3.335497524891589904e+00
-3.440635614755493954e+00
-3.507906831707558126e+00
-3.536526350566948196e+00
-3.526469985484899539e+00
-3.478439215084683678e+00
-3.393803392331448787e+00
-3.274523873607221081e+00
-3.123064766077031873e+00
-2.942304129844670157e+00
-2.735465162621909307e+00
-2.506064354336494659e+00
-2.257847589376285935e+00
-1.994691003931556184e+00
-1.720470138379466940e+00
-1.438946580652132434e+00
-1.153731248682390520e+00
-8.682878179253824547e-01
-5.858839614804437490e-01
-3.095022934643927304e-01
-4.178827856297556015e-02
2.149521085627146832e-01
4.587313838686381540e-01
6.878715385338123323e-01
9.010306922486577275e-01
1.097225467550144717e+00
1.275808267106278038e+00
1.436424280359819061e+00
1.578982757649855628e+00
1.703639797842982473e+00
1.810777677178253109e+00
1.900977439455736606e+00
1.974988549937786386e+00
2.033698266156157342e+00
2.078101375696038033e+00
2.109270740564165969e+00
2.128329517265533877e+00
2.136425929613612773e+00
2.134711168276298032e+00
2.124320671708928909e+00
2.106358723923461795e+00
2.081886098366942939e+00
2.051910439076686909e+00
2.017379094528369166e+00
1.979174154297561383e+00
1.938109454388699859e+00
1.894929322273466221e+00
1.850308827685198221e+00
1.804855305564246004e+00
1.759110923761661116e+00
1.713556065048233990e+00
1.668613304428961275e+00
1.624651791248126198e+00
1.581991861926029141e+00
1.540909739615201168e+00
1.501642196245041916e+00
1.464391085457372954e+00
1.429327664864335379e+00
1.396596659507170823e+00
1.366320027369399392e+00
1.338600401172455268e+00
1.313524200974798495e+00
1.291164414810066274e+00
1.271583049327739579e+00
1.254833260907161074e+00
1.240961180597825342e+00
1.230007442161711317e+00
1.222008425885911631e+00
1.216997226186188774e+00
1.215004350189477167e+00
1.216058150158112250e+00
1.220184988784819069e+00
1.227409132102982969e+00
1.237752359547094061e+00
1.251233275946928014e+00
1.267866305094152990e+00
1.287660339741591997e+00
1.310617017992260047e+00
1.336728591951931611e+00
1.365975352844521096e+00
1.398322574884286462e+00
1.433716940028522346e+00
1.472082414576033838e+00
1.513315548158699952e+00
1.557280189925414504e+00
1.603801632281899314e+00
1.652660218126301706e+00
1.703584484125158394e+00
1.756243959985918979e+00
1.810241784372773166e+00
1.865107356824575957e+00
1.920289293484819471e+00
1.975148999943164396e+00
2.028955202302957339e+00
2.080879789576636441e+00
2.129995305706223974e+00
2.175274409270120834e+00
2.215591594799117825e+00
2.249727469466911156e+00
2.276375928575693042e+00
2.294154684096580521e+00
2.301619743742064461e+00
2.297284529277269893e+00
2.279644206635430326e+00
2.247205437391325500e+00
2.198521029410994476e+00
2.132228000022634795e+00
2.047086961976996466e+00
1.942021198268928162e+00
1.816155147563702776e+00
1.668852792136235497e+00
1.499754553053051609e+00
1.308810160898608910e+00
1.096310378958910148e+00
8.629228998335780609e-01
6.097259245511112979e-01
3.382377885965847653e-01
5.044983863356929804e-02
-2.511942565138102768e-01
-5.638807896380938489e-01
-8.844216431533910017e-01
-1.209192223309235592e+00
-1.534177941809715451e+00
-1.855112179802030026e+00
-2.167577568330592452e+00
-2.467008080809410142e+00
-2.748740098403851473e+00
-3.008213187265510236e+00
-3.241142089732277576e+00
-3.443551172093394452e+00
-3.611803634435202692e+00
-3.742721323030264280e+00
-3.833734974479346747e+00
-3.882988518797869215e+00
-3.889396025439924021e+00
-3.852682345224355043e+00
-3.773418951081851436e+00
-3.653048312006289766e+00
-3.493887595427699111e+00
-3.299101368802811240e+00
-3.072633169864318337e+00
-2.819094923550110376e+00
-2.543624434826493808e+00
-2.251721658479006738e+00
-1.949066467882546450e+00
-1.641318563938939157e+00
-1.333909929461444044e+00
-1.031851537410863884e+00
-7.395775418549278557e-01
-4.608403489593159708e-01
-1.986567938368586639e-01
4.470246161132878510e-02
2.676887414746963456e-01
4.694223273727888279e-01
6.496172642662833008e-01
8.084934991239273172e-01
9.466863583171448715e-01
1.065160190050740141e+00
1.165128420124792896e+00
1.247979919461686071e+00
1.315211647839659825e+00
1.368368628985130009e+00
1.408993025168952862e+00
1.438583817920155550e+00
1.458567486267836610e+00
1.470278869020501755e+00
1.474950489881173610e+00
1.473708219529799912e+00
1.467571281401856442e+00
1.457455029898119703e+00
1.444175427650064902e+00
1.428454565874302196e+00
1.410926842070377107e+00
1.392145557057032024e+00
1.372589756970013841e+00
1.352671163601055992e+00
1.332741039308613207e+00
1.313096852135872794e+00
1.293988614055866071e+00
1.275624811307412010e+00
1.258177857913154174e+00
1.241789040892335549e+00
1.226572952059238997e+00
1.212621410283736934e+00
1.200006896629964404e+00
1.188785537434068562e+00
1.178999667592009581e+00
1.170680012160849603e+00
1.163847520181877870e+00
1.158514885461937816e+00
1.154687784880892520e+00
1.152365860826958466e+00
1.151543470047695195e+00
1.152210216986880642e+00
1.154351285329927146e+00
1.157947577386983173e+00
1.162975667129914292e+00
1.169407568359506877e+00
1.177210315721519907e+00
1.186345352649539331e+00
1.196767716288075212e+00
1.208425006294268078e+00
1.221256126684840515e+00
1.235189781389808950e+00
1.250142712287135804e+00
1.266017665394638891e+00
1.282701072137714338e+00
1.300060450871274753e+00
1.317941535869936676e+00
1.336165143629571617e+00
1.354523810545357199e+00
1.372778237711899774e+00
1.390653574783356605e+00
1.407835585049696414e+00
1.423966707841986867e+00
1.438642030146865869e+00
1.451405161872697080e+00
1.461744019233129244e+00
1.469086556813065769e+00
1.472796572765683765e+00
1.472169835979356023e+00
1.466430943310605528e+00
1.454731479569074448e+00
1.436150164200190149e+00
1.409695701481977759e+00
1.374313026121000814e+00
1.328893587787962849e+00
1.272290324511974102e+00
1.203338095686841802e+00
1.120880530255123242e+00
1.023804328916298800e+00
9.110818355128610380e-01
7.818218123915530171e-01
6.353267898418727411e-01
4.711539378253381538e-01
2.891759220794605234e-01
8.963920004510313178e-02
-1.267810716033495599e-01
-3.589297391940291515e-01
-6.051262525872782572e-01
-8.631315488925987989e-01
-1.130136646720774074e+00
-1.402781912590775226e+00
-1.677211868817435558e+00
-1.949165151686792496e+00
-2.214095377715330493e+00
-2.467316591291595529e+00
-2.704164923058615333e+00
-2.920164488083115906e+00
-3.111181995017654245e+00
-3.273554999193793780e+00
-3.404185449533428276e+00
-3.500599353466132158e+00
-3.560979091233487548e+00
-3.584176372488188100e+00
-3.569714073648067032e+00
-3.517782578554201400e+00
-3.429226422252257933e+00
-3.305507827851683622e+00
-3.148642713425370943e+00
-2.961125552737343902e+00
-2.745859786204192687e+00
-2.506095893169941746e+00
-2.245383217106482476e+00
-1.967519851670947340e+00
-1.676446906901169820e+00
-1.376110828149121668e+00
-1.070388855657939731e+00
-7.630642885048878332e-01
-4.577750417874834055e-01
-1.579331839056489495e-01
1.333481342139617720e-01
4.132778813467314349e-01
6.793798011926073244e-01
9.295190982033668670e-01
1.161938914888112073e+00
1.375265299792604257e+00
1.568494473326576433e+00
1.740974518300781648e+00
1.892383615672278419e+00
2.022709274438495797e+00
2.132226585465264446e+00
2.221470757495048520e+00
