1.080744184970322985e+00
1.121646470985232291e+00
1.157191635705729915e+00
1.187994650149019726e+00
1.214616289521034398e+00
1.237564785622493169e+00
1.257298307955571737e+00
1.274227937514942344e+00
1.288720889369117328e+00
1.301103802873039061e+00
1.311665987136191758e+00
1.320662540634566229e+00
1.328317293202805338e+00
1.334825545959700044e+00
1.340356591153089472e+00
1.345056006376509350e+00
1.349047721918331222e+00
1.352435865469455045e+00
1.355306390503270730e+00
1.357728494196745128e+00
1.359755833169490558e+00
1.361427544373730258e+00
1.362769079100675240e+00
1.363792857166805206e+00
1.364498747694101954e+00
1.364874382153734356e+00
1.364895304383615171e+00
1.364524961409275816e+00
1.363714537979364039e+00
1.362402636692122027e+00
1.360514805300844676e+00
1.357962910388966549e+00
1.354644359168351908e+00
1.350441169243923767e+00
1.345218886451650331e+00
1.338825353827164388e+00
1.331089336687447666e+00
1.321819012893567846e+00
1.310800343849059635e+00
1.297795345675688994e+00
1.282540294922949853e+00
1.264743916247162758e+00
1.244085603650927352e+00
1.220213758137821403e+00
1.192744337374708197e+00
1.161259729965389065e+00
1.125308106790900542e+00
1.084403409472485036e+00
1.038026189837027546e+00
9.856255347474248696e-01
9.266223695820200446e-01
8.604144798693421636e-01
7.863836536999023741e-01
7.039054022225670337e-01
6.123617394312963480e-01
5.111574887901190190e-01
3.997404700335670524e-01
2.776257439414303030e-01
1.444238308905275159e-01
-1.275051987216755420e-04
-1.561286642003050784e-01
-3.234818569951308231e-01
-5.018542381672013164e-01
-6.906420139082580789e-01
-8.889372711753683598e-01
-1.095499625780939734e+00
-1.308735037229629361e+00
-1.526684424831289633e+00
-1.747024927713617837e+00
-1.967086501943545063e+00
-2.183886315240130216e+00
-2.394182914211714586e+00
-2.594550947234315341e+00
-2.781474920770330872e+00
-2.951456927865534041e+00
-3.101129150534865264e+00
-3.227358929444983371e+00
-3.327335141585753053e+00
-3.398630634333317246e+00
-3.439244342338500182e+00
-3.447632462988898361e+00
-3.422735968952610008e+00
-3.364004178410971768e+00
-3.271409697749125378e+00
-3.145452036774285531e+00
-2.987149839233916193e+00
-2.798021652804651982e+00
-2.580059740349936348e+00
-2.335707182342474653e+00
-2.067829431841594623e+00
-1.779655843496208645e+00
-1.474712241306769034e+00
-1.156770686891475552e+00
-8.297706795690904524e-01
-4.977179227012963891e-01
-1.646224055169139278e-01
1.655596995709185670e-01
4.890110491032296225e-01
8.021276145987230599e-01
1.101561518762273595e+00
1.384263453195451188e+00
1.647541333004609587e+00
1.889104090913559686e+00
2.107080722977182408e+00
2.300026058269847518e+00
2.466918934646753048e+00
2.607152408927517762e+00
2.720517110720625631e+00
2.807181771789895475e+00
2.867672043233946866e+00
2.902843985942493710e+00
2.913849658303219847e+00
2.902097211163499058e+00
2.869210244213449723e+00
2.816989234853422008e+00
2.747374376047475586e+00
2.662407118633156156e+00
2.564188407758907662e+00
2.454833945094243575e+00
2.336429052061552714e+00
2.210986550115092708e+00
2.080410548309820307e+00
1.946467866280541914e+00
1.810767589374951525e+00
1.674748368591146175e+00
1.539672618267743376e+00
1.406626595718096340e+00
1.276525351339413472e+00
1.150121521064749297e+00
1.028016984549516399e+00
9.106764914710405723e-01
7.984424421576961084e-01
6.915501036544977609e-01
5.901426583222417754e-01
4.942856175353114168e-01
4.039802650783821947e-01
3.191759143322226433e-01
2.397808706346445107e-01
1.656720732884296721e-01
9.670344882453001112e-02
3.271305503911153129e-02
-2.647088262426199740e-02
-8.102492417311193962e-02
-1.311262372989666358e-01
-1.769491741149042119e-01
-2.186624890866954718e-01
-2.564271004720344860e-01
-2.903943048123215354e-01
-3.207043623796485554e-01
-3.474853844043455098e-01
-3.708524626965840620e-01
-3.909069859517665391e-01
-4.077360998766512146e-01
-4.214122710863910104e-01
-4.319929247806934547e-01
-4.395201295755343240e-01
-4.440203079628064486e-01
-4.455039559805620830e-01
-4.439653609984904326e-01
-4.393823102917965295e-01
-4.317157884591271699e-01
-4.209096662744686301e-01
-4.068903888939310876e-01
-3.895666772756714580e-01
-3.688292633768636142e-01
-3.445506872733369308e-01
-3.165851932748297015e-01
-2.847687729554366776e-01
-2.489194146175406908e-01
-2.088376312968413806e-01
-1.643073530577992825e-01
-1.150972867985314424e-01
-6.096286191887081291e-02
-1.648899844083968197e-03
6.310684430857113614e-02
1.335691047937262732e-01
2.099993158212892230e-01
2.926484392785744792e-01
3.817482332674460022e-01
4.775008063018777449e-01
5.800663230907179280e-01
6.895487698585448522e-01
8.059797354885935849e-01
9.293002322978894947e-01
1.059340675907346929e+00
1.195799254620807162e+00
1.338219082282903205e+00
1.485964774966819668e+00
1.638199422178653331e+00
1.793863324152706662e+00
1.951656361925193428e+00
2.110026287830998104e+00
2.267165503718571173e+00
2.421018767741092148e+00
2.569303591901249906e+00
2.709544095053045165e+00
2.839117636167705960e+00
2.955312018514255623e+00
3.055389841172154064e+00
3.136655831280749762e+00
3.196523094993574787e+00
3.232575219014741652e+00
3.242622398626010316e+00
3.224751536669962171e+00
3.177372825096651088e+00
3.099266972339996595e+00
2.989634253672690090e+00
2.848137121101899538e+00
2.674921955718782218e+00
2.470621403870208788e+00
2.236366980308588381e+00
1.973828661928018757e+00
1.685245144979334420e+00
1.373406629834125203e+00
1.041587224879477525e+00
6.934622211303311801e-01
3.330726334990110060e-01
-3.521438491079727229e-02
-4.067996723078595722e-01
-7.769643203431909617e-01
-1.140955092548584515e+00
-1.494097683559175715e+00
-1.831899019309046750e+00
-2.150104962277402887e+00
-2.444768213761233433e+00
-2.712342049881065975e+00
-2.949790624480429280e+00
-3.154635824328116289e+00
-3.324952365207523464e+00
-3.459383736814424015e+00
-3.557172703383435941e+00
-3.618171612050689934e+00
-3.642831423920687595e+00
-3.632180127031836125e+00
-3.587791904622862571e+00
-3.511747416822196932e+00
-3.406588173666861952e+00
-3.275263392238528137e+00
-3.121062136071527604e+00
-2.947525274709476228e+00
-2.758339223972227749e+00
-2.557219704180574649e+00
-2.347796290295028232e+00
-2.133507983714264089e+00
-1.917517800394479055e+00
-1.702651093149179173e+00
-1.491358413039617803e+00
-1.285700577387459465e+00
-1.087351939166852688e+00
-8.976173556255726549e-01
-7.174588204297484006e-01
-5.475284864603213730e-01
-3.882054061395637246e-01
-2.396338391422286052e-01
-1.017614623047948669e-01
2.562383530262768438e-02
1.428595887932393171e-01
2.503775475591551447e-01
3.486760712503048643e-01
4.382963464273265108e-01
5.198024502621282350e-01
5.937650999059469470e-01
6.607488045450227165e-01
7.213020509004772762e-01
7.759501022638418677e-01
8.251899952703235508e-01
8.694873319696786451e-01
9.092744979904808789e-01
9.449499841417395851e-01
9.768785371218231539e-01
1.005391908696232850e+00
1.030790020568633114e+00
1.053342395196410930e+00
1.073289737712034952e+00
1.090845580875860810e+00
1.106197928256430263e+00
1.119510844928786275e+00
1.130925960076282433e+00
1.140563858292374722e+00
1.148525344759583788e+00
1.154892570576179889e+00
1.159730015000892678e+00
1.163085321697529428e+00
1.164989988364482087e+00
1.165459911198908793e+00
1.164495786870915817e+00
1.162083375075223968e+00
1.158193625635994817e+00
1.152782674728944023e+00
1.145791715420332979e+00
1.137146747749764986e+00
1.126758215342414049e+00
1.114520538006091854e+00
1.100311550342172984e+00
1.083991858205678671e+00
1.065404131309756641e+00
1.044372352919203273e+00
1.020701054359245852e+00
9.941745682641629500e-01
9.645563420598619597e-01
9.315883674468542486e-01
8.949907926080427067e-01
8.544617945737150722e-01
8.096778143725835708e-01
7.602942738535958256e-01
7.059469135365549208e-01
6.462539254024669555e-01
5.808190754070171602e-01
5.092360488429672483e-01
4.310942767506916740e-01
3.459865311052467418e-01
2.535185854281116757e-01
1.533212308001243029e-01
4.506489065870135369e-02
-7.152301070116770521e-02
-1.966379433929396625e-01
-3.303756548891334521e-01
-4.727075368338568562e-01
-6.234547529734832949e-01
-7.822621412663042229e-01
-9.485730329686498097e-01
-1.121606105811284948e+00
-1.300335305883549841e+00
-1.483473796070995165e+00
-1.669463052541559245e+00
-1.856468707122508111e+00
-2.042385462410530206e+00
-2.224854120383835010e+00
-2.401293729192409465e+00
-2.568950485042535981e+00
-2.724962480194585979e+00
-2.866435938216195467e+00
-2.990525806461659997e+00
-3.094512804750364943e+00
-3.175871033692524659e+00
-3.232324004047091304e+00
-3.261890796135512360e+00
-3.262925324935228577e+00
-3.234151235600517982e+00
-3.174694266544942245e+00
-3.084112050152722606e+00
-2.962416691776395883e+00
-2.810082601012223513e+00
-2.628041370155725254e+00
-2.417680841288749605e+00
-2.180853165955943140e+00
-1.919863044050307721e+00
-1.637425297168294325e+00
-1.336628507508137220e+00
-1.020899213817517914e+00
-6.939225603111103258e-01
-3.595544386724088826e-01
-2.177046486770716632e-02
3.153872004238557625e-01
6.479042714040758044e-01
9.718855215371061673e-01
1.283603245234327561e+00
1.579546103334597440e+00
1.856498803520785668e+00
2.111615031502674711e+00
2.342449736660661586e+00
2.546980489756192512e+00
2.723633903390112465e+00
2.871292074191931665e+00
2.989280590389115755e+00
3.077360861679488746e+00
3.135726411002848213e+00
3.164988332616183175e+00
3.166146469201329250e+00
3.140554183288455814e+00
3.089883115202067820e+00
3.016087683745845904e+00
2.921365719964845287e+00
2.808112126229700412e+00
2.678864404937680188e+00
2.536241261669291536e+00
2.382877193302884056e+00
2.221357024645257638e+00
2.054154908585718253e+00
1.883582107502554948e+00
1.711746719088015567e+00
1.540526907808600132e+00
1.371557403610436321e+00
1.206227311516409273e+00
1.045686637393882457e+00
8.908588927077197850e-01
7.424576068704232812e-01
6.010051909668808756e-01
4.668531304038548435e-01
3.402028413027219367e-01
2.211266462726674265e-01
1.095883627350133782e-01
5.463017924099459847e-03
-9.144473869838501412e-02
-1.813838850766955335e-01
-2.646421817415113842e-01
-3.415333496589778584e-01
-4.123862708627097362e-01
-4.775361175065865882e-01
-5.373172446668688096e-01
-5.920576412211858708e-01
-6.420747182354513694e-01
-6.876722164939211845e-01
-7.291380266733955562e-01
-7.667427394932760931e-01
-8.007387648341780517e-01
-8.313598848223362481e-01
-8.588211282962563420e-01
-8.833188752505054531e-01
-9.050311164156507049e-01
-9.241178102807152683e-01
-9.407212896295606974e-01
-9.549666812079680156e-01
-9.669623072526670748e-01
-9.768000468475848130e-01
-9.845556395172584407e-01
-9.902889138954331649e-01
-9.940439318164714377e-01
-9.958490375606142697e-01
-9.957168044492830106e-01
-9.936438728662972952e-01
-9.896106752573184950e-01
-9.835810452198117115e-01
-9.755017089765962712e-01
-9.653016597879775507e-01
-9.528914180768721653e-01
-9.381621830567372644e-01
-9.209848856789852878e-01
-9.012091578607898112e-01
-8.786622393891398985e-01
-8.531478516432283721e-01
-8.244450801194654899e-01
-7.923073178529445038e-01
-7.564613398487333162e-01
-7.166065999969692957e-01
-6.724148628093528091e-01
-6.235303109235540431e-01
-5.695703016195752255e-01
-5.101269788113395043e-01
-4.447699858628940683e-01
-3.730505557866817257e-01
-2.945072925789645746e-01
-2.086739757477776847e-01
-1.150897343760934055e-01
-1.331191645814119862e-02
9.706804870129021046e-02
2.164055843279990843e-01
3.449806008817634662e-01
4.829719031090886072e-01
6.304286402304529746e-01
7.872393156492165645e-01
9.530991577366929590e-01
1.127476922340284293e+00
1.309582511066178734e+00
1.498337026780473202e+00
1.692347208023633698e+00
1.889886548522786480e+00
2.088885850671586386e+00
2.286936496209027059e+00
2.481310036714778899e+00
2.668997386257800475e+00
2.846769364087477605e+00
3.011257614940180627e+00
3.159051085348623999e+00
3.286799423720276447e+00
3.391312640222662989e+00
3.469647862277708494e+00
3.519179514368988126e+00
3.537656158081954327e+00
3.523250319512827744e+00
3.474604169332046411e+00
3.390869425405031556e+00
3.271740778317357545e+00
3.117481950919794187e+00
2.928933314056210158e+00
2.707493407236902794e+00
2.455105592867131037e+00
2.174278825248262326e+00
1.868084938119931815e+00
1.540079585184347843e+00
1.194203429515188875e+00
8.347042981733903133e-01
4.660872517926052394e-01
9.303921500781674181e-02
-2.796896239137385276e-01
-6.473757448603074671e-01
-1.005420215355051106e+00
-1.349461933123257129e+00
-1.675453963791882162e+00
-1.979696981115916188e+00
-2.258912475259701846e+00
-2.510330413888842926e+00
-2.731749021660712540e+00
-2.921533994520206790e+00
-3.078581305944573465e+00
-3.202305798774497170e+00
-3.292650089318299056e+00
-3.350074907407911695e+00
-3.375525449333899530e+00
-3.370388908295680608e+00
