-1.922651924802225798e+00
-1.900115795292152576e+00
-1.868266348568783819e+00
-1.826151166914134150e+00
-1.772827323020436552e+00
-1.707381062316440934e+00
-1.628951526385855608e+00
-1.536758054723552869e+00
-1.430128372154476635e+00
-1.308523050357379036e+00
-1.171553390243928350e+00
-1.018997376267198218e+00
-8.508255874591064138e-01
-6.672426722390909504e-01
-4.687299616171188843e-01
-2.560668198214119395e-01
-3.032997012107869345e-02
2.071109164394618340e-01
4.545921788522796492e-01
7.101449609409210550e-01
9.714686156202889666e-01
1.235918790026698355e+00
1.500550542082611960e+00
1.762191128828787701e+00
2.017482327955670396e+00
2.262885137190628004e+00
2.494696837263304712e+00
2.709126954896176276e+00
2.902422107880947344e+00
3.070981725806777085e+00
3.211434856415753991e+00
3.320707797245681103e+00
3.396107649624691138e+00
3.435409894658420171e+00
3.436942780992103597e+00
3.399677200162473323e+00
3.323316498867292523e+00
3.208364624019515166e+00
3.056161106381166004e+00
2.868888524238122351e+00
2.649557458148803946e+00
2.401962043150267512e+00
2.130595123315877970e+00
1.840519314965793463e+00
1.537199239042928101e+00
1.226304655407677080e+00
9.134969832920847299e-01
6.042160399978624419e-01
3.034870168965835835e-01
1.576436801465014304e-02
-2.551790894737392956e-01
-5.063167977546984000e-01
-7.353891027767702759e-01
-9.408841060101613696e-01
-1.121986108463039589e+00
-1.278502344799885559e+00
-1.410778886138793320e+00
-1.519613512314798687e+00
-1.606169248718366305e+00
-1.671889704878871230e+00
-1.718417163900446409e+00
-1.747515902576971314e+00
-1.761004472567760493e+00
-1.760699925535975652e+00
-1.748374760966875163e+00
-1.725725315627944179e+00
-1.694349459715319473e+00
-1.655731524781623554e+00
-1.611232908766337069e+00
-1.562087284641515028e+00
-1.509399561734099393e+00
-1.454148027028806744e+00
-1.397189276438422612e+00
-1.339265489644752671e+00
-1.281013470263742349e+00
-1.222974739644354880e+00
-1.165605962383341465e+00
-1.109289112696439705e+00
-1.054340962659174430e+00
-1.001021681451429224e+00
-9.495424951700293104e-01
-9.000724708833188759e-01
-8.527445273354213873e-01
-8.076607817638122855e-01
-7.648973239693160897e-01
-7.245084909230731229e-01
-6.865306935030998092e-01
-6.509858324347771452e-01
-6.178843378007575771e-01
-5.872278519091288507e-01
-5.590115851307206896e-01
-5.332263714431235702e-01
-5.098604452646524621e-01
-4.889009686622577955e-01
-4.703353369302777920e-01
-4.541522864391351888e-01
-4.403428276367260530e-01
-4.289010232884840623e-01
-4.198246314573746418e-01
-4.131156299639225371e-01
-4.087806319143441058e-01
-4.068312013954490935e-01
-4.072840755908375687e-01
-4.101612946364632251e-01
-4.154902374957640809e-01
-4.233035583051307782e-01
-4.336390135434164406e-01
-4.465391659498996191e-01
-4.620509476113384695e-01
-4.802250567569842921e-01
-5.011151599455363481e-01
-5.247768674832894442e-01
-5.512664390812324067e-01
-5.806391712956131546e-01
-6.129474177106195576e-01
-6.482381821728925297e-01
-6.865502254685074135e-01
-7.279106114925907312e-01
-7.723306316059662668e-01
-8.198010393290214859e-01
-8.702865233364617259e-01
-9.237193631432552010e-01
-9.799922028024818932e-01
-1.038949887135099059e+00
-1.100380294802183467e+00
-1.164004098660410103e+00
-1.229463378817597929e+00
-1.296309018990279283e+00
-1.363986866075650006e+00
-1.431822742346607447e+00
-1.499006676891374568e+00
-1.564577114421879189e+00
-1.627406374149696910e+00
-1.686189085719358882e+00
-1.739435495751654903e+00
-1.785471178587727747e+00
-1.822443719801562390e+00
-1.848336232663884360e+00
-1.860987937755458121e+00
-1.858123754236491232e+00
-1.837396796288348844e+00
-1.796447818667352259e+00
-1.732982951816522288e+00
-1.644867589904116967e+00
-1.530232351846088079e+00
-1.387587036632607296e+00
-1.215939735324772952e+00
-1.014918561775782324e+00
-7.848916157877581234e-01
-5.270763887884064580e-01
-2.436243929437891809e-01
6.233548485172302200e-02
3.867082546765376883e-01
7.245043046989622093e-01
1.069968237045296089e+00
1.416758368514865474e+00
1.758169835288115879e+00
2.087392173562391484e+00
2.397784690026170118e+00
2.683143554186468105e+00
2.937932634777479457e+00
3.157460104804416634e+00
3.337997699702259791e+00
3.476848261679888807e+00
3.572367864088715539e+00
3.623948072572381385e+00
3.631964722990944860e+00
3.597699037665180732e+00
3.523237355943799276e+00
3.411357940865662908e+00
3.265405227960654688e+00
3.089144067944181060e+00
2.886619167614992154e+00
2.662070721231722725e+00
2.419874801188136804e+00
2.164406093827419664e+00
1.899845646416664424e+00
1.630084755768281379e+00
1.358753182204744947e+00
1.089231294160659669e+00
8.245726856972187546e-01
5.674213499709533925e-01
3.200066193320638686e-01
8.418451706222042363e-02
-1.385383890041460009e-01
-3.469990090945277439e-01
-5.403683467198971968e-01
-7.181424032345925523e-01
-8.801291304023922679e-01
-1.026413192100575245e+00
-1.157301212873254048e+00
-1.273271004027161313e+00
-1.374939148213141227e+00
-1.463041662945483878e+00
-1.538415691391253004e+00
-1.601975997340254088e+00
-1.654687334507625618e+00
-1.697536818682751525e+00
-1.731509695566990414e+00
-1.757569995040724864e+00
-1.776646076705741706e+00
-1.789620371025609558e+00
-1.797322469323833438e+00
-1.800524821642186080e+00
-1.799940463565508519e+00
-1.796222336574940126e+00
-1.789963871565616760e+00
-1.781700563413692429e+00
-1.771912305370876295e+00
-1.761026279479470213e+00
-1.749420226220572916e+00
-1.737425939855740342e+00
-1.725332861328513934e+00
-1.713391660802178418e+00
-1.701817723964141216e+00
-1.690794477934888018e+00
-1.680476507204419434e+00
-1.670992426552198484e+00
-1.662447488036987275e+00
-1.654925910342708750e+00
-1.648492925839911472e+00
-1.643196545472754178e+00
-1.639069045034182714e+00
-1.636128180267844234e+00
-1.634378138348157483e+00
-1.633810234378383131e+00
-1.634403361379865194e+00
-1.636124202168071973e+00
-1.638927211394670014e+00
-1.642754375431068059e+00
-1.647534756660798516e+00
-1.653183830486349093e+00
-1.659602622261483029e+00
-1.666676651829521516e+00
-1.674274695735732177e+00
-1.682247377824811041e+00
-1.690425601717478576e+00
-1.698618839962975136e+00
-1.706613296912431466e+00
-1.714169967269561168e+00
-1.721022613847816185e+00
-1.726875690866444657e+00
-1.731402249453536157e+00
-1.734241866177781199e+00
-1.734998654768542314e+00
-1.733239443423100656e+00
-1.728492238132357528e+00
-1.720245147725609325e+00
-1.707946013629223936e+00
-1.691003062129678547e+00
-1.668786961356266252e+00
-1.640634675210318250e+00
-1.605855428443893729e+00
-1.563738889260689158e+00
-1.513565349441935659e+00
-1.454617343272968544e+00
-1.386192015274801959e+00
-1.307613867888854475e+00
-1.218248330003980584e+00
-1.117517429518704919e+00
-1.004918881720276769e+00
-8.800486635609281461e-01
-7.426256118348324442e-01
-5.925167825143503597e-01
-4.297643142782525683e-01
-2.546144060717889790e-01
-6.754370303925763541e-02
1.307254047805838371e-01
3.392203505524792329e-01
5.567111375603448487e-01
7.816906632470133065e-01
1.012350776386921503e+00
1.246568497139063592e+00
1.481913042427768223e+00
1.715679137545661925e+00
1.944930520427552434e+00
2.166521457418203234e+00
2.377100736494337507e+00
2.573149540621729958e+00
2.751072552446690800e+00
2.907295829426325806e+00
3.038342421719857356e+00
3.140916163501040970e+00
3.212011101733581064e+00
3.249018443410068180e+00
3.249814607982691506e+00
3.212847953883338992e+00
3.137236953838752118e+00
3.022867864520763170e+00
2.870473954841738617e+00
2.681687877402568532e+00
2.459063665412112965e+00
2.206062269045311108e+00
1.926992843686941459e+00
1.626904359747802120e+00
1.311426890309621784e+00
9.865684619491301710e-01
6.584813140714613766e-01
3.332181613897342576e-01
1.650090130500911703e-02
-2.864797875801284310e-01
-5.712222104922930477e-01
-8.340223449323195259e-01
-1.072030447075855930e+00
-1.283256995987937188e+00
-1.466535447819613092e+00
-1.621453697915235415e+00
-1.748266317855264207e+00
-1.847796876778114550e+00
-1.921336712366492616e+00
-1.970544079266844051e+00
-1.997345788886587981e+00
-2.003843751545732577e+00
-1.992230568876506291e+00
-1.964718685100552698e+00
-1.923485067446704111e+00
-1.870629245377033012e+00
-1.808140765223448687e+00
-1.737873538341541346e+00
-1.661526823593906910e+00
-1.580633746147092067e+00
-1.496557734873542156e+00
-1.410495880026690463e+00
-1.323487164853622167e+00
-1.236423467885583660e+00
-1.150061706774763604e+00
-1.065036132179154160e+00
-9.818703715096077644e-01
-9.009891370679348199e-01
-8.227295704053787517e-01
-7.473521446787002587e-01
-6.750509887049431779e-01
-6.059634858468453400e-01
-5.401790470981561176e-01
-4.777470069948625553e-01
-4.186836443510296712e-01
-3.629783822077224387e-01
-3.105992309474057689e-01
-2.614975633632105612e-01
-2.156122791866087740e-01
-1.728734328827288558e-01
-1.332053667827961529e-01
-9.652940267211608527e-02
-6.276613567863922882e-02
-3.183736502302237509e-02
-3.667709801869553296e-03
2.181405653693287844e-02
4.467391054360910635e-02
6.497168846919525176e-02
8.276036221765770140e-02
9.808545855398190239e-02
1.109845860839661497e-01
1.214870461902061854e-01
1.296135087408024078e-01
1.353757370033946139e-01
1.387763482123841319e-01
1.398085929126308691e-01
1.384561536882532584e-01
1.346929570035566293e-01
1.284829974392486251e-01
1.197801778749207763e-01
1.085281737000084179e-01
9.466033549911379019e-02
7.809964226605410620e-02
5.875873468294031537e-02
3.654006229264199213e-02
1.133618471485249753e-02
-1.696972124419209374e-02
-4.850308200192355451e-02
-8.339679019261712900e-02
-1.217896298329361471e-01
-1.638241561073562891e-01
-2.096439262997304986e-01
-2.593899859975571376e-01
-3.131965198969877684e-01
-3.711856071967286619e-01
-4.334610708215817509e-01
-5.001014179514784441e-01
-5.711519369106879962e-01
-6.466159607529351483e-01
-7.264452811933761467e-01
-8.105295435630928136e-01
-8.986843163668730705e-01
-9.906374156311077428e-01
-1.086013093278748842e+00
-1.184313975916917450e+00
-1.284901165023129010e+00
-1.386973537993257954e+00
-1.489547733447506905e+00
-1.591440320168087563e+00
-1.691253305098387782e+00
-1.787363811755191989e+00
-1.877918887155777261e+00
-1.960837143576307895e+00
-2.033819575706154126e+00
-2.094371599255110183e+00
-2.139837214752293715e+00
-2.167445428342384961e+00
-2.174369667698938358e+00
-2.157802653823797545e+00
-2.115050304608720122e+00
-2.043646385600307092e+00
-1.941483864178739305e+00
-1.806952794152461905e+00
-1.639075362684501602e+00
-1.437635568683585108e+00
-1.203302578400774925e+00
-9.377379548597203351e-01
-6.436673507585625176e-01
-3.248987610203406540e-01
1.372207894772710379e-02
3.664220088023000255e-01
7.266750967292905372e-01
1.087435379345362607e+00
1.441415292550374261e+00
1.781390903184835395e+00
2.100508164624596663e+00
2.392559606229027747e+00
2.652204328589304883e+00
2.875118509626347407e+00
3.058080042513199981e+00
3.198997816343678302e+00
3.296892951139400285e+00
3.351836619322293043e+00
3.364852890237005401e+00
3.337799560493295292e+00
3.273240073498083547e+00
3.174314895164646710e+00
3.044608768488757278e+00
2.888004965470569729e+00
2.708544670239414920e+00
2.510327737055588315e+00
2.297434490211936353e+00
2.073809560268741414e+00
1.843137055010867220e+00
1.608795919095566962e+00
1.373882932583026850e+00
1.141207858939509379e+00
9.132385674019199984e-01
6.920603822846544961e-01
4.793869275593261037e-01
2.765977386715361974e-01
8.477006394061764594e-02
-9.530372316196515647e-02
-2.631056559716802301e-01
-4.183766422900102588e-01
-5.610886244242565546e-01
-6.914074215193747319e-01
-8.096550313945887201e-01
-9.162773219488513643e-01
-1.011817389834898551e+00
-1.096892258395578912e+00
-1.172171320426185659e+00
-1.238356494278076481e+00
-1.296164743741744285e+00
-1.346313405898651228e+00
-1.389508299589408136e+00
-1.426434276207595220e+00
-1.457747825452295531e+00
-1.484071430615661047e+00
-1.505989465266181160e+00
-1.524045469092760285e+00
-1.538740658607736123e+00
-1.550533508231686231e+00
-1.559840224106684881e+00
-1.567035921205748750e+00
-1.572456326222997358e+00
-1.576399838678198773e+00
-1.579129806390746182e+00
-1.580876898017541166e+00
-1.581841477234092963e+00
-1.582195907642546473e+00
-1.582086734392633032e+00
-1.581636706247117719e+00
-1.580946613204348594e+00
-1.580096924037658335e+00
-1.579149214924968181e+00
-1.578147386938957064e+00
-1.577118671944790718e+00
-1.576074429837667656e+00
-1.575010741417060656e+00
-1.573908802012146557e+00
-1.572735121577810480e+00
-1.571441538072059885e+00
-1.569965050275045959e+00
-1.568227478089290194e+00
-1.566134958834235924e+00
-1.563577288847252555e+00
-1.560427122570597458e+00
-1.556539043472600525e+00
-1.551748525093668007e+00
-1.545870803488153422e+00
-1.538699688542064514e+00
-1.530006348360696711e+00
-1.519538109378429480e+00
-1.507017321764700046e+00
-1.492140355751657932e+00
-1.474576809205825567e+00
-1.453969019588967182e+00
-1.429932005752587498e+00
