4.704240131153521465e-01
3.843157933761380263e-01
2.905131315330439778e-01
1.886629469506145296e-01
7.847227081753217759e-02
-4.026685902068817546e-02
-1.676521063453052796e-01
-3.036486498861383221e-01
-4.480715520354830450e-01
-6.005695996640907364e-01
-7.606040493323082963e-01
-9.274182933094482495e-01
-1.100003527907749801e+00
-1.277072806641632585e+00
-1.457051181490742531e+00
-1.638074697521057832e+00
-1.817983437336094354e+00
-1.994306758031475058e+00
-2.164259552349980797e+00
-2.324769002922663308e+00
-2.472526709445961757e+00
-2.604044856269807973e+00
-2.715711607126023441e+00
-2.803862883645546589e+00
-2.864881685426134972e+00
-2.895319829451135529e+00
-2.892034343888661319e+00
-2.852331347606260614e+00
-2.774109745464150567e+00
-2.656002830670090020e+00
-2.497516803725138956e+00
-2.299156455236758045e+00
-2.062523697344717188e+00
-1.790378482745008437e+00
-1.486653052901916849e+00
-1.156406559247360466e+00
-8.057067329745626338e-01
-4.414334027709020947e-01
-7.101133777611823295e-02
2.979074038472639407e-01
6.577819482093261172e-01
1.001508817167888976e+00
1.322706319363549321e+00
1.615935405756922183e+00
1.876844634258634681e+00
2.102238176005239545e+00
2.290077014754840157e+00
2.439428496763373033e+00
2.550376791869553017e+00
2.623904251236483631e+00
2.661755081853704574e+00
2.666291737153077435e+00
2.640348574762283018e+00
2.587086469441446379e+00
2.509856910147966857e+00
2.412083589570242381e+00
2.297163231388467342e+00
2.168385575038399349e+00
2.028873728817990330e+00
1.881541441535850012e+00
1.729057446061499359e+00
1.573812416248862478e+00
1.417896985770608520e+00
1.263101522321770087e+00
1.110936266393409921e+00
9.626583878988191900e-01
8.192934871707518996e-01
6.816493603890264597e-01
5.503280855651968562e-01
4.257429627949070872e-01
3.081419487988227290e-01
1.976345656226357606e-01
9.421802210002991340e-02
-2.200229102887928806e-03
-9.178401882193250316e-02
-1.747531510033264734e-01
-2.513700627522038600e-01
-3.219277365416666759e-01
-3.867386982655241501e-01
-4.461252840158803634e-01
-5.004114155319335788e-01
-5.499160035079460052e-01
-5.949479410029371307e-01
-6.358025023235162054e-01
-6.727589178372693768e-01
-7.060788520690884917e-01
-7.360055648352470392e-01
-7.627635645308896706e-01
-7.865585948926969717e-01
-8.075778598355192184e-01
-8.259904023775292981e-01
-8.419475801556565164e-01
-8.555835958510693562e-01
-8.670160573575530494e-01
-8.763465438989920253e-01
-8.836611595889637405e-01
-8.890310620078434312e-01
-8.925129557626708676e-01
-8.941495430232743180e-01
-8.939699250538709618e-01
-8.919899505581756483e-01
-8.882125081459206761e-01
-8.826277620078130104e-01
-8.752133312425949274e-01
-8.659344150940508911e-01
-8.547438678502328191e-01
-8.415822297204277325e-01
-8.263777196533403924e-01
-8.090462062958413414e-01
-7.894911713990079294e-01
-7.676036859016973635e-01
-7.432624288278419922e-01
-7.163337839596871648e-01
-6.866720602796380080e-01
-6.541198838701455243e-01
-6.185088149225739240e-01
-5.796602458034717520e-01
-5.373866235487843035e-01
-4.914930139209623960e-01
-4.417790156135102952e-01
-3.880409814132442237e-01
-3.300745042416362574e-01
-2.676771379607266743e-01
-2.006514010619290245e-01
-1.288082661883152014e-01
-5.197155469201870936e-02
3.001610972644651321e-02
1.172850056019103526e-01
2.099270143161634516e-01
3.079811618171858223e-01
4.114167039072387788e-01
5.201154503285660979e-01
6.338555760983420884e-01
7.522988027915521458e-01
8.749812504726074414e-01
1.001305950409586920e+00
1.130533353828157228e+00
1.261766624942977089e+00
1.393931721134374691e+00
1.525756226225326584e+00
1.655753061049105801e+00
1.782213738297935945e+00
1.903211973570382520e+00
2.016615681587552444e+00
2.120105774080376815e+00
2.211201888923011616e+00
2.287296070449531982e+00
2.345695647847175103e+00
2.383676971922421561e+00
2.398552785787860575e+00
2.387755853707460574e+00
2.348938520107794137e+00
2.280083663072898670e+00
2.179619355116229062e+00
2.046530934245195166e+00
1.880468354410304022e+00
1.681847671211247119e+00
1.451941081534187772e+00
1.192944045593077540e+00
9.080057748920731253e-01
6.012114193976487719e-01
2.775078886361120323e-01
-5.743046461531915031e-02
-3.973937043213121023e-01
-7.358747559510300240e-01
-1.066335438276153846e+00
-1.382476086434806906e+00
-1.678484307701547662e+00
-1.949242371289339193e+00
-2.190479952142608155e+00
-2.398867480730922708e+00
-2.572052807776112893e+00
-2.708648560777811909e+00
-2.808179710952224184e+00
-2.871002234930132069e+00
-2.898204814708478239e+00
-2.891504102187607117e+00
-2.853139069606890565e+00
-2.785764447330798976e+00
-2.692341629274939585e+00
-2.576027127779155990e+00
-2.440064901396308716e+00
-2.287697407679298411e+00
-2.122104474364627347e+00
-1.946356085664685764e+00
-1.763358157171763363e+00
-1.575796806903212888e+00
-1.386106903408167002e+00
-1.196470377886086345e+00
-1.008821193157022567e+00
-8.248390066372778273e-01
-6.459406222656581820e-01
-4.732874968545489058e-01
-3.078099413146906937e-01
-1.502322926362361366e-01
-1.087805306058066543e-03
1.392729036710212143e-01
2.706693617538164509e-01
3.930700057770383782e-01
5.065658333973567240e-01
6.113450432466435158e-01
7.076720480683792447e-01
7.958708339170232904e-01
8.763111755928579827e-01
9.493965191841017282e-01
1.015553142608992765e+00
1.075220652879749217e+00
1.128843922211314243e+00
1.176866415908813357e+00
1.219724738704490274e+00
1.257844188559126497e+00
1.291635150253790609e+00
1.321490213544124881e+00
1.347781957637944839e+00
1.370861353527615289e+00
1.391056740442697226e+00
1.408673309781615313e+00
1.423993030458570397e+00
1.437274925129391256e+00
1.448755619259060934e+00
1.458650080858929776e+00
1.467152478552659955e+00
1.474437099959767128e+00
1.480659278643301269e+00
1.485956288352909160e+00
1.490448173734821413e+00
1.494238491959577919e+00
1.497414946631667521e+00
1.500049898119832914e+00
1.502200738726870322e+00
1.503910122931074067e+00
1.505206045568721285e+00
1.506101760129651579e+00
1.506595532332641429e+00
1.506670223504118722e+00
1.506292699933199364e+00
1.505413065323569555e+00
1.503963714927067485e+00
1.501858212706788986e+00
1.498989995389419017e+00
1.495230910674969715e+00
1.490429603801526337e+00
1.484409773061360127e+00
1.476968323411368411e+00
1.467873457381876801e+00
1.456862756464525788e+00
1.443641320905779013e+00
1.427880055287572336e+00
1.409214201649839682e+00
1.387242250846763225e+00
1.361525382422527741e+00
1.331587606998377638e+00
1.296916814093337145e+00
1.256966939812962369e+00
1.211161486650017549e+00
1.158898598783391076e+00
1.099557846445234022e+00
1.032508764951893809e+00
9.571210775319219932e-01
8.727764744098608363e-01
7.788819687731022290e-01
6.748852788185573104e-01
5.602933260377892521e-01
4.346952858462068137e-01
2.977909631434264015e-01
1.494233842194601369e-01
-1.038758347913712986e-02
-1.814143577203852775e-01
-3.631961446885597078e-01
-5.550199197757167413e-01
-7.559060328989882782e-01
-9.645896767175261566e-01
-1.179487839035521679e+00
-1.398661276215005911e+00
-1.619805764692862748e+00
-1.840287386087257504e+00
-2.057180581921536966e+00
-2.267265081019733231e+00
-2.467014373713829034e+00
-2.652645805667736223e+00
-2.820226315582341048e+00
-2.965767529474467867e+00
-3.085301568897178104e+00
-3.174984632516815175e+00
-3.231236977763270346e+00
-3.250888237709312012e+00
-3.231313227293568513e+00
-3.170563977780436193e+00
-3.067501883627612891e+00
-2.921924301531169998e+00
-2.734672429945666838e+00
-2.507705750943215239e+00
-2.244133237717880647e+00
-1.948195412520702607e+00
-1.625188927819419593e+00
-1.281322796763183725e+00
-9.235020428747640064e-01
-5.590499646982126647e-01
-1.953947400546963420e-01
1.602482977927159602e-01
5.011702727512216127e-01
8.214163611558483735e-01
1.115972638173104103e+00
1.380884717540531437e+00
1.613307413618819464e+00
1.811490347703723192e+00
1.974710362556988397e+00
2.103167471226456531e+00
2.197861982642056677e+00
2.260462316668235161e+00
2.293165413565661837e+00
2.298553734845762975e+00
2.279458840919954099e+00
2.238841411327412878e+00
2.179691534608959813e+00
2.104947960246279948e+00
2.017433336959761014e+00
1.919803518927962971e+00
1.814510623347356244e+00
1.703779327238869046e+00
1.589593912022289501e+00
1.473693016314883808e+00
1.357570859136629116e+00
1.242485548949819885e+00
1.129474946082122289e+00
1.019378526849250344e+00
9.128619334068304170e-01
8.104407058319602619e-01
7.125009176184301518e-01
6.193162000219591956e-01
5.310619812226370362e-01
4.478282071911101059e-01
3.696315781858109384e-01
2.964277487658518173e-01
2.281234008314484696e-01
1.645877977621158783e-01
1.056633717842608011e-01
5.117496502049970197e-02
9.375688124949132065e-04
-4.523746607234838124e-02
-8.753762119385355422e-02
-1.261456156336439038e-01
-1.612368108249439824e-01
-1.929774121313159452e-01
-2.215232635822492746e-01
-2.470190954181237242e-01
-2.695981028275525326e-01
-2.893817596318801200e-01
-3.064797848516034873e-01
-3.209902212457141912e-01
-3.329995950624121681e-01
-3.425831101714157390e-01
-3.498048734651466596e-01
-3.547181295789875177e-01
-3.573654946408730826e-01
-3.577791819873493706e-01
-3.559812144717983684e-01
-3.519836199399447030e-01
-3.457886081028430092e-01
-3.373887281066421662e-01
-3.267670073574716616e-01
-3.138970743790431284e-01
-2.987432769120622056e-01
-2.812607939569253812e-01
-2.613957600250025326e-01
-2.390854246835701913e-01
-2.142583591705503054e-01
-1.868347398644795709e-01
-1.567267602991082864e-01
-1.238392121442555144e-01
-8.807029652194142688e-02
-4.931271897541496252e-02
-7.455159094848937996e-03
3.761581821621700489e-02
8.601334261568234496e-02
1.378472423057939822e-01
1.932204319183937202e-01
2.522246747303582004e-01
3.149357296468817125e-01
3.814079260405619509e-01
4.516682151176029669e-01
5.257097323653682208e-01
6.034848529240206538e-01
6.848976562193703765e-01
7.697956210685298339e-01
8.579603224629542835e-01
9.490969219483613717e-01
1.042822382999509800e+00
1.138652591177926832e+00
1.235988807069454687e+00
1.334104022375264709e+00
1.432129746826604100e+00
1.529043624650837874e+00
1.623658251695507371e+00
1.714611849388026243e+00
1.800362384968561713e+00
1.879187559214149150e+00
1.949192983525545042e+00
2.008329474558032679e+00
2.054418614174115643e+00
2.085185154565048382e+00
2.098296903947065584e+00
2.091415896851931411e+00
2.062264916186872021e+00
2.008709972379449038e+00
1.928854909880369561e+00
1.821142689530323544e+00
1.684459540356789242e+00
1.518239745727402612e+00
1.322568110630416349e+00
1.098274923578112849e+00
8.470150004520127229e-01
5.713194733143620585e-01
2.746080729767101936e-01
-3.884789615982606192e-02
-3.640165565708929907e-01
-6.952496934678122908e-01
-1.026474798077098072e+00
-1.351424240395624254e+00
-1.663884771301601395e+00
-1.957945506473641517e+00
-2.228221627147495276e+00
-2.470035818169501685e+00
-2.679547851943503201e+00
-2.853830895368783427e+00
-2.990898670965684847e+00
-3.089690608895949264e+00
-3.150022907211994738e+00
-3.172512523372505999e+00
-3.158482089022629502e+00
-3.109858852396654161e+00
-3.029080891889493365e+00
-2.919008033920348133e+00
-2.782819381911609824e+00
-2.623896168787307914e+00
-2.445719757020285101e+00
-2.251798840380886180e+00
-2.045596047343873902e+00
-1.830439200823753776e+00
-1.609455298962963354e+00
-1.385552062707862131e+00
-1.161412266401375737e+00
-9.394646182284629443e-01
-7.218465678594957469e-01
-5.103910594391097844e-01
-3.066380351919927305e-01
-1.118526533946274937e-01
7.295745967047223557e-02
2.470263629800820426e-01
4.098174575288400234e-01
5.610123656799635983e-01
7.004937081613646921e-01
8.283191369738054366e-01
9.446917357810326044e-01
1.049933023929795262e+00
1.144460577947699731e+00
1.228768845976906388e+00
1.303411482854531567e+00
1.368984832163157694e+00
1.426113019113718128e+00
1.475435044868368406e+00
1.517593827539752027e+00
1.553226871359248307e+00
1.582958261766306718e+00
1.607391854024746936e+00
1.627105675573525589e+00
1.642647609899564820e+00
1.654532383468215739e+00
1.663239794107520986e+00
1.669214038819421653e+00
1.672863945251376272e+00
1.674563896663444851e+00
1.674655247716681838e+00
1.673448058480226042e+00
1.671223002585182416e+00
1.668233345235383913e+00
1.664706910828948727e+00
1.660847984288164270e+00
1.656839109908794239e+00
1.652842761988488007e+00
1.649002870481106386e+00
1.645446191624972299e+00
1.642283516108645092e+00
1.639610709865215066e+00
1.637509582754845150e+00
1.636048581346527531e+00
1.635283302560531782e+00
1.635256822902664942e+00
1.635999839076699214e+00
1.637530614268510654e+00
1.639854724147899789e+00
1.642964595975255238e+00
1.646838833941091318e+00
1.651441323407701223e+00
1.656720107304455958e+00
1.662606028457655150e+00
1.669011132962295640e+00
1.675826832234516006e+00
1.682921822993005856e+00
1.690139770778632533e+00
