-7.448710745945730238e-01
-7.182656788553600791e-01
-6.889197059354824626e-01
-6.566759629664004061e-01
-6.213659123452871524e-01
-5.828105524880008437e-01
-5.408216286198481715e-01
-4.952031968968446107e-01
-4.457535526323804231e-01
-3.922674911452116442e-01
-3.345388521290445505e-01
-2.723633131278722086e-01
-2.055414602327062246e-01
-1.338823169487898257e-01
-5.720772226961667178e-02
2.464180260784138571e-02
1.117989108736753140e-01
2.043583063261866228e-01
3.023624013069328709e-01
4.057843841984573041e-01
5.145103245334823328e-01
6.283226255675496974e-01
7.468868205052916487e-01
8.697421801783361550e-01
9.962942660747505785e-01
1.125805722348972138e+00
1.257381880079213810e+00
1.389950885163923067e+00
1.522242286007466916e+00
1.652770332613965776e+00
1.779826918130513969e+00
1.901485088827198355e+00
2.015611042117923191e+00
2.119882863791806571e+00
2.211816231116621623e+00
2.288798057367230410e+00
2.348129267910041840e+00
2.387078388999867684e+00
2.402948794140209454e+00
2.393162304816103703e+00
2.355358788571552342e+00
2.287507133205957555e+00
2.188020128516310780e+00
2.055866862727961930e+00
1.890680355889804876e+00
1.692859301975431441e+00
1.463658513195131405e+00
1.205256710756476890e+00
9.207878653903397437e-01
6.143242624272414742e-01
2.908032061714729832e-01
-4.410645186521487682e-02
-3.841955423961650462e-01
-7.229528206889699327e-01
-1.053831283251804418e+00
-1.370518476239607431e+00
-1.667186184299774832e+00
-1.938698872589027067e+00
-2.180767540738956178e+00
-2.390044154304946655e+00
-2.564159235408425719e+00
-2.701709835378232949e+00
-2.802207338273502213e+00
-2.865996127988932773e+00
-2.894155302204670210e+00
-2.888393997221888831e+00
-2.850945496646557054e+00
-2.784460118149808761e+00
-2.691895800437169584e+00
-2.576406641685847099e+00
-2.441235193411101179e+00
-2.289622944810023597e+00
-2.124748678115433442e+00
-1.949681582178647510e+00
-1.767327534621993657e+00
-1.580373108361173617e+00
-1.391253250983127243e+00
-1.202149239426686611e+00
-1.014994282230823108e+00
-8.314679598161278662e-01
-6.529876366471448756e-01
-4.807152536329292181e-01
-3.155810804222150545e-01
-1.583092592526536835e-01
-9.433376281916851236e-03
1.306948988788922683e-01
2.618937150566355010e-01
3.841302930773539681e-01
4.974946986555668915e-01
6.021742597872422609e-01
6.984322824273518915e-01
7.865912698843857687e-01
8.670191782829973492e-01
9.401174339005790026e-01
1.006310214438085771e+00
1.066035009538857992e+00
1.119734563736862309e+00
1.167850188454009785e+00
1.210816297553452658e+00
1.249055966966861497e+00
1.282977350407663364e+00
1.312970826791549417e+00
1.339406814232486198e+00
1.362634190525523259e+00
1.382979277360167236e+00
1.400745320426479923e+00
1.416212400335319810e+00
1.429637688273651897e+00
1.441255968009334865e+00
1.451280347131598703e+00
1.459903085426857983e+00
1.467296480509419743e+00
1.473613763128177823e+00
1.478989957563322744e+00
1.483542677575153901e+00
1.487372830995303152e+00
1.490565214170487929e+00
1.493188980720983938e+00
1.495297971840583662e+00
1.496930898763490836e+00
1.498111369154984995e+00
1.498847750754484398e+00
1.499132866648332341e+00
1.498943517226775990e+00
1.498239825919419177e+00
1.496964406247863533e+00
1.495041350207484410e+00
1.492375040626143567e+00
1.488848793677265858e+00
1.484323342622657194e+00
1.478635180297282803e+00
1.471594784860128513e+00
1.462984764325797160e+00
1.452557965308643784e+00
1.440035609216743451e+00
1.425105532757596549e+00
1.407420629108760979e+00
1.386597607940054155e+00
1.362216219189502420e+00
1.333819101495737902e+00
1.300912451772493705e+00
1.262967722363885992e+00
1.219424572082895786e+00
1.169695277063317773e+00
1.113170767660728977e+00
1.049228365561352128e+00
9.772411869176526045e-01
8.965891033933391929e-01
8.066712435803986558e-01
7.069203503943498612e-01
5.968198814819147824e-01
4.759252024363881950e-01
3.438899205401296788e-01
2.004969438871334886e-01
4.569184830625998284e-02
-1.203849680325237564e-01
-2.973703514826556149e-01
-4.846565884317577400e-01
-6.813758097442874639e-01
-8.863846385675070438e-01
-1.098237056913766496e+00
-1.315144843020545906e+00
-1.534953301214612154e+00
-1.755161321451411460e+00
-1.972964851426769473e+00
-2.185270064828264580e+00
-2.388676406776450101e+00
-2.579498199830022376e+00
-2.753855438974358805e+00
-2.907777835490127138e+00
-3.037282846578147399e+00
-3.138464154278936213e+00
-3.207620616874374164e+00
-3.241402903164841032e+00
-3.236953000257982715e+00
-3.192037180315113964e+00
-3.105178787912202143e+00
-2.975788745036807015e+00
-2.804283044270472924e+00
-2.592172343140100921e+00
-2.342111544788842981e+00
-2.057902441711356722e+00
-1.744442486260072034e+00
-1.407609103165460063e+00
-1.054071356371310664e+00
-6.910335500177139378e-01
-3.259315316294242315e-01
3.388781509762500699e-02
3.814734369522788104e-01
7.105387796713938942e-01
1.015674629394935691e+00
1.292495471115837402e+00
1.537715885113257297e+00
1.749160057441366600e+00
1.925713393107730154e+00
2.067230845065817224e+00
2.174419619609682996e+00
2.248709751446814842e+00
2.292116870374308668e+00
2.307099335143822039e+00
2.296417525854263175e+00
2.263006172304472763e+00
2.209866269187516608e+00
2.139976901792769670e+00
2.056224263413078734e+00
1.961345318585010933e+00
1.857885302726284271e+00
1.748168934884603454e+00
1.634283587689738360e+00
1.518071136894356021e+00
1.401126390658724796e+00
1.284802378536807677e+00
1.170223444001823543e+00
1.058305443059771811e+00
9.497800665528873809e-01
8.452194516617604902e-01
7.450581697661984304e-01
6.496114837569425537e-01
5.590903886362968978e-01
4.736147420864500468e-01
3.932256986928394094e-01
3.178981099823577350e-01
2.475529236284752244e-01
1.820692296768892104e-01
1.212954650372582849e-01
6.505933415661578623e-02
1.317621480063186669e-02
-3.454402649050593299e-02
-7.829170976249759384e-02
-1.182533263378915123e-01
-1.546086136699074132e-01
-1.875285043487706360e-01
-2.171737337427029901e-01
-2.436939497719362580e-01
-2.672271908960914266e-01
-2.878996285815423328e-01
-3.058254825625105755e-01
-3.211070664510385919e-01
-3.338349214152599442e-01
-3.440879970933840015e-01
-3.519338692026238169e-01
-3.574289710921964569e-01
-3.606188280977640770e-01
-3.615382869660602183e-01
-3.602117344803205667e-01
-3.566533009814432664e-01
-3.508670460873542507e-01
-3.428471256840391335e-01
-3.325779404789518945e-01
-3.200342680018036789e-01
-3.051813837256392992e-01
-2.879751840392690276e-01
-2.683623092637991148e-01
-2.462803003450467765e-01
-2.216578038599463785e-01
-1.944148460223693031e-01
-1.644632274563535557e-01
-1.317070855196836587e-01
-9.604368715744035501e-02
-5.736450439442803556e-02
-1.555666616002503166e-02
2.949513617212548219e-02
7.790621901352168255e-02
1.297888793771319049e-01
1.852487275489626828e-01
2.443803607864729888e-01
3.072623996260099299e-01
3.739519274407014926e-01
4.444784087612159706e-01
5.188371260934300233e-01
5.969821452921368898e-01
6.788187305691222306e-01
7.641950316814193345e-01
8.528927980889360327e-01
9.446168716072848026e-01
1.038983346383149486e+00
1.135506538849099245e+00
1.233585204083281317e+00
1.332488626718536517e+00
1.431343185753302105e+00
1.529119868218451916e+00
1.624623129428868884e+00
1.716481731963066526e+00
1.803143015267957727e+00
1.882872972904807707e+00
1.953764489491576217e+00
2.013754788908228566e+00
2.060651303353255859e+00
2.092164559246383781e+00
2.105948534928526072e+00
2.099652225849633957e+00
2.070986620124059208e+00
2.017807805246021768e+00
1.938212317236722049e+00
1.830639084837579755e+00
1.693974029121323444e+00
1.527655199042263323e+00
1.331775534092212609e+00
1.107177946668651991e+00
8.555341645108219817e-01
5.793959624040015965e-01
2.822065684430131172e-01
-3.173752434501415226e-02
-3.573790157925337274e-01
-6.890456951682818465e-01
-1.020644184404146282e+00
-1.345890666111953626e+00
-1.658561598245371860e+00
-1.952742350793722714e+00
-2.223050918537423648e+00
-2.464818784284732001e+00
-2.674219548053912821e+00
-2.848344120005463331e+00
-2.985226699369511572e+00
-3.083828600472569903e+00
-3.143987839629520664e+00
-3.166341817191837382e+00
-3.152231603250223557e+00
-3.103600956484968698e+00
-3.022902504067253915e+00
-2.913007799877715520e+00
-2.777103641449375271e+00
-2.618574497029642956e+00
-2.440900798414576300e+00
-2.247586496957816760e+00
-2.042086294840281369e+00
-1.827717874713722601e+00
-1.607596484414991034e+00
-1.384616523729591320e+00
-1.161446026899051409e+00
-9.404980179374948790e-01
-7.238937304764297975e-01
-5.134500963799455420e-01
-3.106922425805733190e-01
-1.168720838038741910e-01
6.701496417148501694e-02
2.402145354598054783e-01
4.022004660489074679e-01
5.526629595478129708e-01
6.914912486443888229e-01
8.187479081539360548e-01
9.346393955629473949e-01
1.039488947765464300e+00
1.133714162306239004e+00
1.217808031421602655e+00
1.292321655525615620e+00
1.357848043409574990e+00
1.415007351039750505e+00
1.464433998662341141e+00
1.506765731371488171e+00
1.542634381170955526e+00
1.572658037344807358e+00
1.597434450067258593e+00
1.617535639424710459e+00
1.633503736466170420e+00
1.645848065010701688e+00
1.655043407898423080e+00
1.661529329046095960e+00
1.665710372794541705e+00
1.667956945918439571e+00
1.668606686938688410e+00
1.667966157222378509e+00
1.666312712781740979e+00
1.663896448868414479e+00
1.660942138645373989e+00
1.657651105871349673e+00
1.654202993562920998e+00
1.650757402560081299e+00
1.647455381097479687e+00
1.644420754798456841e+00
1.641761289103153665e+00
1.639569678848143086e+00
1.637924360805891544e+00
1.636890144884195486e+00
1.636518660178775120e+00
1.636848611529420294e+00
1.637905841748004132e+00
1.639703194184090718e+00
1.642240169276951045e+00
1.645502368770910495e+00
1.649460720654424062e+00
1.654070478513631759e+00
1.659269988481670177e+00
1.664979218729943922e+00
1.671098047944515885e+00
1.677504311794470127e+00
1.684051610083708184e+00
1.690566881571711200e+00
1.696847760818706696e+00
1.702659737919954175e+00
1.707733153901591860e+00
1.711760075000702042e+00
1.714391104303986779e+00
1.715232211278781227e+00
1.713841682403992817e+00
1.709727331134194506e+00
1.702344150648087195e+00
1.691092653569829407e+00
1.675318225960254592e+00
1.654311914630600455e+00
1.627313171507518197e+00
1.593515145715069359e+00
1.552073092162206791e+00
1.502116245475830114e+00
1.442763022867950662e+00
1.373138691378683607e+00
1.292393957902235213e+00
1.199722949222811863e+00
1.094380498172094374e+00
9.757014201806907261e-01
8.431266084237961644e-01
6.962388429005872403e-01
5.348045735395242639e-01
3.588127334505825661e-01
1.685060059248041364e-01
-3.559079622619864408e-02
-2.526436601938710780e-01
-4.814944451318124430e-01
-7.206592685161269385e-01
-9.683144807069843374e-01
-1.222255906700326467e+00
-1.479868431486346836e+00
-1.738157146042105694e+00
-1.993827361200122494e+00
-2.243328119429717216e+00
-2.482822667507923686e+00
-2.708188618924850743e+00
-2.915142638123470853e+00
-3.099410689889650072e+00
-3.256830366881054317e+00
-3.383420066163398854e+00
-3.475494106797809124e+00
-3.529810478754558556e+00
-3.543708223577231031e+00
-3.515231602912104680e+00
-3.443248964073933660e+00
-3.327559966475527986e+00
-3.168980328595973006e+00
-2.969395202714470106e+00
-2.731774072537017872e+00
-2.460142425779458186e+00
-2.159504942483374101e+00
-1.835711500592535739e+00
-1.495260066413810485e+00
-1.145044260521556501e+00
-7.920691962887036475e-01
-4.431653092868924060e-01
-1.047249693370363444e-01
2.175218340957495167e-01
5.186825872880196364e-01
7.948213284330396533e-01
1.043017386390704848e+00
1.261362863341081608e+00
1.448905138455559127e+00
1.605549700591303308e+00
1.731942259688728392e+00
1.829344249925448640e+00
1.899507348205203172e+00
1.944548600221788659e+00
1.966829531832976485e+00
1.968845396588186025e+00
1.953130964869941311e+00
1.922186008973685967e+00
1.878419168563267183e+00
1.824106251370335441e+00
1.761359067460828154e+00
1.692103130886638551e+00
1.618064334596074794e+00
1.540764763210936916e+00
1.461526741238526217e+00
1.381483163827688543e+00
1.301591724727235055e+00
1.222651011326172821e+00
1.145317093653764884e+00
1.070119817280587915e+00
9.974784022674288986e-01
9.277161381991873013e-01
8.610740451269167650e-01
7.977234135134692039e-01
7.377771603625418173e-01
6.812999842275367923e-01
6.283173436622151442e-01
5.788233180243821385e-01
5.327874209317744469e-01
4.901604583596202436e-01
4.508795193133404711e-01
4.148721899824969750e-01
3.820600869674414812e-01
3.523617818183760741e-01
3.256952027955408724e-01
3.019795850149498140e-01
2.811370341772819192e-01
2.630937595193184042e-01
2.477810314047409201e-01
2.351359115548655176e-01
2.251017907279828367e-01
2.176287692041858901e-01
2.126739069453090769e-01
2.102013654991739255e-01
2.101824587944651768e-01
