2.125956256730289484e-01
2.174263327418594349e-01
2.246669119745499654e-01
2.343163345958131361e-01
2.463799188069582535e-01
2.608689660327060400e-01
2.778003160087980650e-01
2.971958072689444008e-01
3.190816290601747873e-01
3.434875425681271910e-01
3.704459460987055142e-01
3.999907566210914034e-01
4.321560734456394437e-01
4.669745899548324863e-01
5.044757066226617237e-01
5.446833055718590666e-01
5.876131451390059768e-01
6.332698252714686893e-01
6.816432933484086742e-01
7.327048598685060865e-01
7.864027013874744787e-01
8.426568511625831537e-01
9.013536706265768972e-01
9.623398063574685191e-01
1.025415614578937706e+00
1.090328007262488130e+00
1.156762617502130830e+00
1.224335143844432539e+00
1.292581745127938442e+00
1.360948438420846118e+00
1.428779656006794685e+00
1.495306437086572293e+00
1.559635107188524161e+00
1.620737609386010192e+00
1.677444729001178247e+00
1.728443206033368318e+00
1.772277305025402594e+00
1.807355184065495335e+00
1.831960331570659184e+00
1.844268686897900134e+00
1.842372889883133302e+00
1.824315853213353655e+00
1.788136085305809919e+00
1.731926352816951509e+00
1.653905206383414317e+00
1.552498420813422708e+00
1.426426640305260563e+00
1.274796250550805032e+00
1.097191604179571067e+00
8.937668390601822832e-01
6.653335952478297566e-01
4.134371711218251533e-01
1.404097516958975611e-01
-1.506115468754038178e-01
-4.557105125695206649e-01
-7.702649517164623649e-01
-1.089067095189859335e+00
-1.406488841171200876e+00
-1.716683980683934019e+00
-2.013811623543685148e+00
-2.292260284866619369e+00
-2.546853448809101916e+00
-2.773022364115548921e+00
-2.966936832614828656e+00
-3.125589956556538151e+00
-3.246840021265948284e+00
-3.329418746530951267e+00
-3.372912832482140466e+00
-3.377716568154346621e+00
-3.344952981672769887e+00
-3.276377194412355642e+00
-3.174285273122286810e+00
-3.041432324671183185e+00
-2.880942956354841655e+00
-2.696216075800172085e+00
-2.490845517504790774e+00
-2.268543012734950626e+00
-2.033028863882609283e+00
-1.787913615931446154e+00
-1.536630667264730965e+00
-1.282423305531444235e+00
-1.028335230368708997e+00
-7.771707640864673472e-01
-5.314361247745781336e-01
-2.933010333912871026e-01
-6.460642325810082853e-02
1.531046114816941028e-01
3.585705800719868330e-01
5.508112244468831298e-01
7.291249034598434875e-01
8.930793218367603092e-01
1.042495503018157743e+00
1.177419840270097273e+00
1.298086182777997255e+00
1.404879777159709020e+00
1.498311669979774718e+00
1.579001438445681638e+00
1.647660958114819385e+00
1.705074713746902004e+00
1.752077138566485504e+00
1.789529979160846551e+00
1.818302311312928410e+00
1.839254416231028033e+00
1.853225457186592484e+00
1.861024318084185447e+00
1.863422890074113880e+00
1.861151246646872703e+00
1.854894339452038299e+00
1.845289982444532573e+00
1.832927960819289881e+00
1.818350114882769430e+00
1.802051250931712811e+00
1.784480727610518347e+00
1.766044562710181509e+00
1.747107918419679828e+00
1.727997829518984396e+00
1.709006063796991937e+00
1.690392018320275636e+00
1.672385577575791871e+00
1.655189875449585069e+00
1.638983914583848289e+00
1.623925013652716576e+00
1.610151059737994217e+00
1.597782548678303050e+00
1.586924404972570812e+00
1.577667574773995884e+00
1.570090388617122024e+00
1.564259690495632293e+00
1.560231731020974788e+00
1.558052822516966085e+00
1.557759752931173525e+00
1.559379953926495643e+00
1.562931417006670376e+00
1.568422349729035936e+00
1.575850562289595524e+00
1.585202573152513450e+00
1.596452421244877629e+00
1.609560171278010543e+00
1.624470098666189966e+00
1.641108541179986835e+00
1.659381406438723117e+00
1.679171328077547987e+00
1.700334471681193893e+00
1.722696995483868010e+00
1.746051186408236422e+00
1.770151300659122073e+00
1.794709159596677983e+00
1.819389570926279287e+00
1.843805667512598667e+00
1.867514281672274068e+00
1.890011506865846069e+00
1.910728620127029931e+00
1.929028583592437007e+00
1.944203372045200107e+00
1.955472419075942492e+00
1.961982519140610615e+00
1.962809573542054986e+00
1.956962605826095825e+00
1.943390519704770059e+00
1.920992078513202195e+00
1.888629525041925827e+00
1.845146104459668868e+00
1.789387506157381624e+00
1.720227001865996197e+00
1.636594004852199857e+00
1.537505973584876839e+00
1.422103641718269751e+00
1.289688048919851893e+00
1.139754023294105023e+00
9.720132689194963538e-01
7.864109846187693487e-01
5.831599630344638241e-01
3.628086922052923269e-01
1.263048721165817290e-01
-1.250042958349332489e-01
-3.894105273535357070e-01
-6.648496050458035933e-01
-9.488719127129101594e-01
-1.238607812895806237e+00
-1.530762482204499175e+00
-1.821697002608672067e+00
-2.107537329384043812e+00
-2.384180858197745501e+00
-2.647260896363933025e+00
-2.892247941767966957e+00
-3.114665994713064379e+00
-3.310242107858477389e+00
-3.474950145035221816e+00
-3.605070496026029137e+00
-3.697324411605058536e+00
-3.749026036385183058e+00
-3.758204544573064965e+00
-3.723699960322568003e+00
-3.645241204135978741e+00
-3.523504412842383360e+00
-3.360149208460661896e+00
-3.157828147361262605e+00
-2.920159198115467092e+00
-2.651652835043918799e+00
-2.357591777570856806e+00
-2.043864628067686429e+00
-1.716756652156757434e+00
-1.382708464262912385e+00
-1.048064063978545901e+00
-7.188331993003362896e-01
-4.004856530618893240e-01
-9.778564472345972758e-02
1.853275622832905867e-01
4.458055590115790889e-01
6.815001125993487285e-01
8.911220912822754858e-01
1.074163901504229246e+00
1.230800720443156804e+00
1.361782334163484265e+00
1.468322720868164177e+00
1.551991546993104709e+00
1.614610979229748056e+00
1.658161034134828515e+00
1.684696089159351207e+00
1.696274482730352418e+00
1.694902465151179705e+00
1.682492654907949081e+00
1.660835711860389585e+00
1.631582826587394841e+00
1.596236248019480053e+00
1.556145589907002025e+00
1.512508516529028180e+00
1.466374990003904255e+00
1.418654505593441417e+00
1.370125731063136287e+00
1.321447837279001947e+00
1.273172751770745847e+00
1.225757615218982188e+00
1.179576863766026884e+00
1.134933542260913253e+00
1.092069622824212605e+00
1.051175233355644112e+00
1.012396806626568280e+00
9.758442078434905742e-01
9.415969343920962409e-01
9.097094837504392517e-01
8.802159842811762003e-01
8.531341772697691450e-01
8.284688265304025467e-01
8.062146263754882414e-01
7.863586676503151462e-01
7.688825143800482875e-01
7.537639412003831474e-01
7.409783705750554450e-01
7.305000484969975671e-01
7.223029898532438153e-01
7.163617200510206118e-01
7.126518362439719922e-01
7.111504077693240333e-01
7.118362311011980914e-01
7.146899511859832188e-01
7.196940578945973943e-01
7.268327629363869891e-01
7.360917594945213249e-01
7.474578640580592515e-01
7.609185368279066664e-01
7.764612746167620649e-01
7.940728681246992382e-01
8.137385089461061094e-01
8.354407332974177480e-01
8.591581814272933881e-01
8.848641498276863526e-01
9.125249099947361220e-01
9.420977601385620570e-01
9.735287710283861973e-01
1.006750184896848088e+00
1.041677418281937939e+00
1.078205617248393589e+00
1.116205715974584622e+00
1.155519949288968728e+00
1.195956785537667377e+00
1.237285261755338484e+00
1.279228733051872346e+00
1.321458084969582059e+00
1.363584502124487896e+00
1.405151938679277013e+00
1.445629496202666786e+00
1.484403957389202056e+00
1.520772780806296076e+00
1.553937912392507226e+00
1.583000801999765450e+00
1.606959009791681492e+00
1.624704751067593822e+00
1.635025729120704652e+00
1.636608768335708675e+00
1.628047185477168313e+00
1.607853507969768891e+00
1.574479744136371817e+00
1.526347430024618923e+00
1.461888691409240826e+00
1.379597810601298047e+00
1.278091257730704866e+00
1.156173872629010724e+00
1.012909916095737550e+00
8.476986140657687407e-01
6.603532325664147606e-01
4.511805527131769189e-01
2.210551894858250599e-01
-2.851788247619313835e-02
-2.953589188139155719e-01
-5.765936300488625488e-01
-8.686654567970972796e-01
-1.167387840955651290e+00
-1.468042413158470394e+00
-1.765521877306385878e+00
-2.054506814141142446e+00
-2.329659619339863319e+00
-2.585819157611888297e+00
-2.818182967751982737e+00
-3.022465028243848550e+00
-3.195017231474982289e+00
-3.332908743478668168e+00
-3.433969486523644754e+00
-3.496810752089569263e+00
-3.520828983279011393e+00
-3.506187255664594105e+00
-3.453769232076509876e+00
-3.365110687650674226e+00
-3.242317371603669063e+00
-3.087974823865753837e+00
-2.905061862382316118e+00
-2.696884217259615468e+00
-2.467021460254909648e+00
-2.219254488452591545e+00
-1.957454356131246076e+00
-1.685451160723657749e+00
-1.406938328583232423e+00
-1.125451468849570924e+00
-8.443685390191074669e-01
-5.668521385340881125e-01
-2.957630269806355572e-01
-3.361992859519659371e-02
2.173938523624421859e-01
4.554093100158463914e-01
6.788636573580695277e-01
8.865229367833700191e-01
1.077502194693595650e+00
1.251243509477893090e+00
1.407470534601785284e+00
1.546155860870994436e+00
1.667503537775341105e+00
1.771930595600444525e+00
1.860040744663388201e+00
1.932593681262654073e+00
1.990474235402151626e+00
2.034662894957891321e+00
2.066207930923943170e+00
2.086199423071930958e+00
2.095745754484901635e+00
2.095953085762519486e+00
2.087908109435978599e+00
2.072664049873114589e+00
2.051229637097521596e+00
2.024560708823880173e+00
1.993554111626653969e+00
1.959043622737475232e+00
1.921797649836053390e+00
1.882518487028157939e+00
1.841842911553516648e+00
1.800343907413227695e+00
1.758533309344800566e+00
1.716865154947848859e+00
1.675739548056121020e+00
1.635506851011914398e+00
1.596472053504716326e+00
1.558899181951635349e+00
1.523015646108564436e+00
1.489016434180654880e+00
1.457068097352743008e+00
1.427312478743082869e+00
1.399870152515409805e+00
1.374843561108399559e+00
1.352319843115849851e+00
1.332373347964526111e+00
1.315067844339032233e+00
1.300458431512958368e+00
1.288593161355595651e+00
1.279514381037897275e+00
1.273259803488631992e+00
1.269863312283742829e+00
1.269355504146210567e+00
1.271763969432311958e+00
1.277113306381908675e+00
1.285424860990852736e+00
1.296716180019309217e+00
1.311000160313696927e+00
1.328283873084866729e+00
1.348567037741462915e+00
1.371840116183827840e+00
1.398081995509819597e+00
1.427257225956390707e+00
1.459312784662748497e+00
1.494174333037288305e+00
1.531741950944606412e+00
1.571885331398005459e+00
1.614438445923409793e+00
1.659193710308539238e+00
1.705895706701632708e+00
1.754234554115654543e+00
1.803839065178733936e+00
1.854269861729325175e+00
1.905012673211967433e+00
1.955472077256497965e+00
2.004965977150078071e+00
2.052721125821111769e+00
2.097870019226721450e+00
2.139449472901659988e+00
2.176401214601439982e+00
2.207574839869220540e+00
2.231733533598638797e+00
2.247563041549533569e+00
2.253684457975696720e+00
2.248671411908505391e+00
2.231072089896855903e+00
2.199436183003396383e+00
2.152346404637004440e+00
2.088453706297498158e+00
2.006515018354412483e+00
1.905432421176083357e+00
1.784292791837197356e+00
1.642406413053591807e+00
1.479342254138883872e+00
1.294959389224004775e+00
1.089439305444487971e+00
8.633217150304447474e-01
6.175365229528738675e-01
3.534378961098527672e-01
7.284804193954387552e-02
-2.219549760883406941e-01
-5.283192155474387697e-01
-8.432242941959898763e-01
-1.163216755286692550e+00
-1.484430498149156064e+00
-1.802708868467583603e+00
-2.113722003792388282e+00
-2.412977792298420798e+00
-2.695837749364455416e+00
-2.957693558355372954e+00
-3.194170926235778030e+00
-3.401195295200828195e+00
-3.575007474658162376e+00
-3.712259875982965696e+00
-3.810169391081499768e+00
-3.866641567439225380e+00
-3.880343503222117185e+00
-3.850752058989047821e+00
-3.778194331485725144e+00
-3.663877681336970671e+00
-3.509901664454992520e+00
-3.319241835677066543e+00
-3.095693475319646115e+00
-2.843770815766682780e+00
-2.568569929532579899e+00
-2.275606605585755116e+00
-1.970633473595406082e+00
-1.659437280143322591e+00
-1.347625638926432945e+00
-1.040424005922838457e+00
-7.425061099123774211e-01
-4.578726003671600431e-01
-1.897806091035315335e-01
5.928085371518369839e-02
2.875763288603604417e-01
4.940757251268486638e-01
6.783799839756409211e-01
8.406316494925959448e-01
9.814217639021090012e-01
1.101700481147456445e+00
1.202693498750599277e+00
1.285823918056374637e+00
1.352639694096272827e+00
1.404748335546599725e+00
1.443761289884121668e+00
1.471249908103352988e+00
1.488713413093657900e+00
1.497557819900505294e+00
1.499083799643627257e+00
1.494481154694568881e+00
1.484827836150053315e+00
1.471091963222539434e+00
1.454135832997266453e+00
1.434721296444826155e+00
1.413516098849821212e+00
1.391100889301455590e+00
1.367976645145078107e+00
1.344572268776607515e+00
1.321252142713737809e+00
1.298323451347821456e+00
1.276043126139836170e+00
1.254624306037567250e+00
1.234242256369257662e+00
1.215039709532872658e+00
1.197131629066529479e+00
1.180609417244497195e+00
1.165544592110399069e+00
