1.196317342724463106e+00
1.242848008941325855e+00
1.284067959004534520e+00
1.320434575509197073e+00
1.352388807937133341e+00
1.380351819487516618e+00
1.404722459144730262e+00
1.425875524890485080e+00
1.444160752424185068e+00
1.459902417231877081e+00
1.473399437618210461e+00
1.484925855460127009e+00
1.494731587187670296e+00
1.503043354067966630e+00
1.510065711185580639e+00
1.515982114710124229e+00
1.520955979740776343e+00
1.525131688080976877e+00
1.528635517661071308e+00
1.531576469494021264e+00
1.534046974784502693e+00
1.536123466994961939e+00
1.537866807119581125e+00
1.539322552111621834e+00
1.540521057828485807e+00
1.541477409796592202e+00
1.542191174478561244e+00
1.542645965298093058e+00
1.542808819006393994e+00
1.542629378275790275e+00
1.542038878972140870e+00
1.540948941871444822e+00
1.539250172549381457e+00
1.536810577717064863e+00
1.533473812288867588e+00
1.529057279569944416e+00
1.523350115788583814e+00
1.516111104057290992e+00
1.507066575245977536e+00
1.495908373556184667e+00
1.482291978605688065e+00
1.465834896001971366e+00
1.446115451376694505e+00
1.422672133713435594e+00
1.395003656764344013e+00
1.362569923885907697e+00
1.324794098929396258e+00
1.281066014746766513e+00
1.230747173943369077e+00
1.173177609835413193e+00
1.107684843153735388e+00
1.033595058449612747e+00
9.502464159620644946e-01
8.570042212565986972e-01
7.532776975465307334e-01
6.385386686964380498e-01
5.123434610546607759e-01
3.743599489836087479e-01
2.244005527975964920e-01
6.245871658305276325e-02
-1.112568541152714474e-01
-2.962955266217467409e-01
-4.919464864777162716e-01
-6.972249478649737986e-01
-9.108550537744986020e-01
-1.131240219175271067e+00
-1.356424561500228387e+00
-1.584076159540971807e+00
-1.811519101459155623e+00
-2.035783321815637148e+00
-2.253612509225847660e+00
-2.461443847592480250e+00
-2.655443387486179141e+00
-2.831615987012095825e+00
-2.985915252107161688e+00
-3.114321660521281565e+00
-3.212938913953959030e+00
-3.278131376964829702e+00
-3.306670824830584277e+00
-3.295871955385497820e+00
-3.243723010760725778e+00
-3.149016669685532843e+00
-3.011475148869255491e+00
-2.831856849427589307e+00
-2.612030486461743628e+00
-2.355006643769192554e+00
-2.064921218721629703e+00
-1.746963647679661058e+00
-1.407239231977691407e+00
-1.052559950897389074e+00
-6.901733543154185968e-01
-3.274545712640543615e-01
2.840730901784355514e-02
3.707005990606885848e-01
6.934389535806811944e-01
9.915513067514841739e-01
1.261005765399649148e+00
1.498865634118565326e+00
1.703281077875351990e+00
1.873425881823020500e+00
2.009395479622368086e+00
2.112085059710027579e+00
2.183059192386534342e+00
2.224414994271494805e+00
2.238641215725574174e+00
2.228482314632031613e+00
2.196818277084586324e+00
2.146565013714293979e+00
2.080594086522822295e+00
2.001668491725099752e+00
1.912392165468993932e+00
1.815172547451873397e+00
1.712196031962513798e+00
1.605414935879406313e+00
1.496543395841972268e+00
1.387059952059978896e+00
1.278215938858131784e+00
1.171049539387688743e+00
1.066404804516516869e+00
9.649537616892162051e-01
8.672191386918767231e-01
7.735955498883663184e-01
6.843679681007532878e-01
5.997273766167934284e-01
5.197841972296787239e-01
4.445802703505535858e-01
3.740999837633047775e-01
3.082808329382174528e-01
2.470233931738553268e-01
1.902005542875187527e-01
1.376658012988522528e-01
8.926039289193596349e-02
4.481936553613331820e-02
4.176402852057950303e-03
-3.283235215952376440e-02
-6.636539783172018536e-02
-9.657374546759962819e-02
-1.235994079586652944e-01
-1.475743745642592586e-01
-1.686199586964996222e-01
-1.868464260953826561e-01
-2.023528175609677626e-01
-2.152269127262105841e-01
-2.255452955115267444e-01
-2.333734820223354045e-01
-2.387660826665297942e-01
-2.417669885031581700e-01
-2.424095646024500283e-01
-2.407168421465693264e-01
-2.367017051998527855e-01
-2.303670706133434665e-01
-2.217060615312644312e-01
-2.107021812068655409e-01
-1.973294941924771673e-01
-1.815528176210244871e-01
-1.633279493498631940e-01
-1.426019475501537626e-01
-1.193134812420627300e-01
-9.339327923316553814e-02
-6.476472385560842759e-02
-3.334462110658445444e-02
9.558028190096371900e-04
3.822963722387848901e-02
7.857269358014870586e-02
1.220815385866066971e-01
1.688511047188768766e-01
2.189718393390550077e-01
2.725263631918321550e-01
3.295856095957129250e-01
3.902044429789707780e-01
4.544167226896816403e-01
5.222298024537811445e-01
5.936183970805786192e-01
6.685177404207834906e-01
7.468159163772680742e-01
8.283452475204374776e-01
9.128726558600438468e-01
1.000088983884154237e+00
1.089597393113861612e+00
1.180901085446066423e+00
1.273390665079250805e+00
1.366331433681636565e+00
1.458850833380049616e+00
1.549926262810871869e+00
1.638373815028694169e+00
1.722839064614124505e+00
1.801791768356959311e+00
1.873526886224433641e+00
1.936173822496431329e+00
1.987714284259966657e+00
2.026007744226716145e+00
2.048823644598740223e+00
2.053881627457332382e+00
2.038903699861148056e+00
2.001682041248544763e+00
1.940162106302101286e+00
1.852536724942698720e+00
1.737346075895489506e+00
1.593580342001064132e+00
1.420783176942902015e+00
1.219152716128756753e+00
9.896342388386570876e-01
7.339957711464796253e-01
4.548751770256961313e-01
1.557865161710364210e-01
-1.589235302784409443e-01
-4.841726853713065326e-01
-8.142917106324246701e-01
-1.143218767227512034e+00
-1.464728819165256768e+00
-1.772681021034721027e+00
-2.061261900197175034e+00
-2.325202048142755551e+00
-2.559949698383702454e+00
-2.761793111412556012e+00
-2.927931171771477992e+00
-3.056496614714333315e+00
-3.146539105451531704e+00
-3.197975565066700998e+00
-3.211513550292223407e+00
-3.188555465843686321e+00
-3.131098404279400338e+00
-3.041643145804607151e+00
-2.923106196578521665e+00
-2.778715460835303297e+00
-2.611894595236960992e+00
-2.426168005952107798e+00
-2.225089107049087023e+00
-2.012157043153601332e+00
-1.790722942937472473e+00
-1.563933196570744144e+00
-1.334719316547084755e+00
-1.105787410726069231e+00
-8.795813819645298404e-01
-6.582460765011725057e-01
-4.436170571389974060e-01
-2.372319392565442886e-01
-4.034960096100359550e-02
1.460298139283278673e-01
3.211504985374316057e-01
4.844932377786723698e-01
6.357649520366374096e-01
7.748774158829624392e-01
9.019180731121345662e-01
1.017120849802917393e+00
1.120840866089423127e+00
1.213532194888100824e+00
1.295727078452366676e+00
1.368016541500253869e+00
1.431033204897628641e+00
1.485436663331352714e+00
1.531901028508639184e+00
1.571103959585396614e+00
1.603716740429737442e+00
1.630395372606309401e+00
1.651772921695764840e+00
1.668453388089899736e+00
1.681007242282470004e+00
1.689968585147457958e+00
1.695833751909158416e+00
1.699061089973576966e+00
1.700071624523125546e+00
1.699250348660087395e+00
1.696947916622294050e+00
1.693482572377520645e+00
1.689142189056765941e+00
1.684186329501653923e+00
1.678848270466344106e+00
1.673336946231334554e+00
1.667838785002896396e+00
1.662519418203016075e+00
1.657525247814182201e+00
1.652984859768693360e+00
1.649010275095852407e+00
1.645698030180013482e+00
1.643130079077796957e+00
1.641374510793980557e+00
1.640486074745173939e+00
1.640506507761684940e+00
1.641464655903257519e+00
1.643376383960341025e+00
1.646244264488466724e+00
1.650057039212230681e+00
1.654788844800255676e+00
1.660398195353372852e+00
1.666826714147052968e+00
1.673997609033977874e+00
1.681813887660202234e+00
1.690156311626465957e+00
1.698881093035995216e+00
1.707817342267514693e+00
1.716764284290681619e+00
1.725488268722741747e+00
1.733719611656553417e+00
1.741149318832722059e+00
1.747425755130329605e+00
1.752151344272325995e+00
1.754879400766258035e+00
1.755111218449932009e+00
1.752293570975235859e+00
1.745816814675009043e+00
1.735013840094461246e+00
1.719160188738161565e+00
1.697475756048086648e+00
1.669128635840242403e+00
1.633241791723287095e+00
1.588903300964716436e+00
1.535180776190804286e+00
1.471140053761594402e+00
1.395867235659620453e+00
1.308491918068926951e+00
1.208208803406692455e+00
1.094296345216597022e+00
9.661353034367240467e-01
8.232345581681738134e-01
6.652703520937280901e-01
4.921348528147710399e-01
3.039794198862784680e-01
1.012430768530188790e-01
-1.153270332322569869e-01
-3.446567269857094828e-01
-5.853357577820399449e-01
-8.356143975003296198e-01
-1.093377405828593218e+00
-1.356101044972490399e+00
-1.620853548071528483e+00
-1.884368144912186516e+00
-2.143118863637193616e+00
-2.393315965851388505e+00
-2.630874046669984256e+00
-2.851489052092062604e+00
-3.050818055757310354e+00
-3.224620863514018332e+00
-3.368827514379254762e+00
-3.479623996960815813e+00
-3.553591142727359209e+00
-3.587850367710540667e+00
-3.580191692460936270e+00
-3.529191767722447803e+00
-3.434321897679968316e+00
-3.296036500059065233e+00
-3.115833732409770906e+00
-2.896281495203401946e+00
-2.641002989631499709e+00
-2.354616948446620395e+00
-2.042625622490735982e+00
-1.711243074614502868e+00
-1.367165382545283636e+00
-1.017300267432841077e+00
-6.684844584657142486e-01
-3.272158957687919534e-01
5.806985614510316515e-04
3.097438923965737390e-01
5.960136825586007658e-01
8.561117981003520949e-01
1.087761269527798502e+00
1.289648790210739415e+00
1.461342071968774192e+00
1.603179680109054317e+00
1.716149381038160060e+00
1.801764374254061218e+00
1.861940842086128756e+00
1.898879040498292703e+00
1.914951757137090427e+00
1.912605606406556413e+00
1.894279931543922713e+00
1.862344741522400149e+00
1.819055493841134297e+00
1.766520402460025618e+00
1.706676791700944884e+00
1.641275305033294218e+00
1.571872158381792284e+00
1.499829419149413701e+00
1.426322302549754895e+00
1.352351522963351815e+00
1.278758512222273769e+00
1.206241722813301775e+00
1.135372825875682556e+00
1.066612156959035662e+00
1.000323127200975604e+00
9.367855100159637738e-01
8.762075994715808891e-01
8.187372551210577720e-01
7.644718478571217446e-01
7.134671370845316885e-01
6.657451175339909044e-01
6.213008892650344617e-01
5.801086117692266786e-01
5.421266144338837689e-01
5.073017398259331845e-01
4.755730058436952734e-01
4.468746572183325827e-01
4.211386877466589684e-01
3.982969040346187595e-01
3.782825966281744279e-01
3.610318736846334087e-01
3.464847100741428876e-01
3.345857600808649357e-01
3.252849692294229045e-01
3.185380177536900614e-01
3.143066234364080835e-01
3.125587242031474533e-01
3.132685569294345052e-01
3.164166443927824424e-01
3.219896979438383600e-01
3.299804395751007591e-01
3.403873431387366422e-01
3.532142912031857040e-01
3.684701396050849564e-01
3.861681779386945124e-01
4.063254737247069537e-01
4.289620800430423708e-01
4.541000832874577120e-01
4.817624665283707919e-01
5.119717586374797902e-01
5.447484401906602658e-01
5.801090671948373467e-01
6.180640788002522701e-01
6.586152605629712609e-01
7.017528262044075982e-01
7.474520910332025370e-01
7.956697224412250247e-01
8.463395397669344344e-01
8.993678557095218240e-01
9.546283297189200878e-01
1.011956299114581626e+00
1.071142522545172060e+00
1.131926237180090000e+00
1.193987404117191620e+00
1.256938011260425370e+00
1.320312372016979596e+00
1.383556521965000785e+00
1.446017039182825759e+00
1.506929907341403085e+00
1.565410293326624958e+00
1.620444227384989055e+00
1.670883067852225068e+00
1.715441378223568236e+00
1.752698571077254908e+00
1.781104732627254217e+00
1.798991301697200118e+00
1.804587593300492010e+00
1.796044745733968773e+00
1.771469183193199015e+00
1.728967751269061770e+00
1.666705865695240485e+00
1.582978025661120780e+00
1.476287713164843085e+00
1.345432827084240834e+00
1.189593889842372798e+00
1.008423624820275144e+00
8.021364707584149878e-01
5.715942415410810717e-01
3.183799860715231245e-01
4.484860206781198649e-02
-2.458573420881553229e-01
-5.498343322396261890e-01
-8.624905797340043367e-01
-1.178665407429651202e+00
-1.492793243213056842e+00
-1.799103730451539596e+00
-2.091841325507792781e+00
-2.365483866724549245e+00
-2.614942259198342001e+00
-2.835728274703606999e+00
-3.024081444880935887e+00
-3.177050931894707997e+00
-3.292536300705769303e+00
-3.369297342466337941e+00
-3.406939161536644445e+00
-3.405868206580664914e+00
-3.367215878027429277e+00
-3.292744017181165272e+00
-3.184754965838413554e+00
-3.046008803281126109e+00
-2.879634167204131678e+00
-2.689039128137415524e+00
-2.477838427018514533e+00
-2.249774401397313550e+00
-2.008601143135420042e+00
-1.757964546188542032e+00
-1.501336471755661428e+00
-1.242002665605624445e+00
-9.830537242174502977e-01
-7.273414534388945585e-01
-4.774132262809219762e-01
-2.354743291790735160e-01
-3.401490440592949346e-03
2.172279225111769241e-01
4.251245420222712346e-01
6.192864823843750033e-01
7.989980308830936240e-01
9.638249667278179222e-01
1.113597177171502084e+00
1.248372952168548045e+00
1.368397089073157824e+00
1.474068886256493460e+00
1.565922559239885992e+00
1.644611430303229316e+00
1.710888265448750500e+00
