-1.142380132751204647e+00
-1.143799147595045307e+00
-1.146743903329986436e+00
-1.151218815948921836e+00
-1.157222981000074036e+00
-1.164749352890792844e+00
-1.173783684209231737e+00
-1.184303203349343248e+00
-1.196275001755279677e+00
-1.209654098391825805e+00
-1.224381145349949795e+00
-1.240379736516031839e+00
-1.257553283850958437e+00
-1.275781424303074285e+00
-1.294915926760945579e+00
-1.314776072881079783e+00
-1.335143511148743523e+00
-1.355756594571078333e+00
-1.376304237732854263e+00
-1.396419370089800660e+00
-1.415672078598917638e+00
-1.433562578349258931e+00
-1.449514161567827530e+00
-1.462866293726373002e+00
-1.472868032078635592e+00
-1.478671959865299090e+00
-1.479328907686079830e+00
-1.473783891063809470e+00
-1.460873988759113340e+00
-1.439329337972588663e+00
-1.407778922628233120e+00
-1.364763251573557712e+00
-1.308756061608633781e+00
-1.238196666828874859e+00
-1.151533554882637533e+00
-1.047278517648955187e+00
-9.240695506894238687e-01
-7.807406907552795206e-01
-6.163978839854113989e-01
-4.305010892980170589e-01
-2.229525341419987261e-01
5.812050752481242276e-03
2.547371806046538900e-01
5.220768930363380855e-01
8.053487925724753804e-01
1.101319150826133964e+00
1.406025332999035315e+00
1.714844012663971462e+00
2.022611306907824424e+00
2.323791389058271761e+00
2.612677055774384804e+00
2.883598250640109661e+00
3.131119023208615459e+00
3.350215604950766313e+00
3.536435532979133711e+00
3.686032981324093960e+00
3.796068436386184519e+00
3.864464877479619975e+00
3.890024898848094104e+00
3.872419930741117344e+00
3.812161379660419236e+00
3.710562557841014630e+00
3.569694751758382356e+00
3.392318875278804935e+00
3.181764023851125334e+00
2.941775402904920345e+00
2.676418944526908206e+00
2.390067169007988657e+00
2.087332605787486806e+00
1.772864631196090945e+00
1.451180277011797415e+00
1.126648445577739244e+00
8.034684864892748246e-01
4.855468854834253944e-01
1.763739837783143416e-01
-1.209868188634968256e-01
-4.038334503684212762e-01
-6.698514230468246566e-01
-9.171923914862880611e-01
-1.144473784450646736e+00
-1.350742530268553176e+00
-1.535445247006967717e+00
-1.698393391841567013e+00
-1.839728092309500518e+00
-1.959888816829663760e+00
-2.059579996644550715e+00
-2.139733757217105570e+00
-2.201471295224241675e+00
-2.246064025145569687e+00
-2.274894408018844683e+00
-2.289417102561445816e+00
-2.291122111242885229e+00
-2.281501761626882008e+00
-2.262022701476752218e+00
-2.234103220295465153e+00
-2.199095616738794501e+00
-2.158273019244460578e+00
-2.112819996166976910e+00
-2.063826385599258462e+00
-2.012283911263358149e+00
-1.959085240195459487e+00
-1.905025178207909953e+00
-1.850803702290292785e+00
-1.797030504783711402e+00
-1.744230713391077270e+00
-1.692851444836240837e+00
-1.643268866473572620e+00
-1.595795472480049160e+00
-1.550687329087429234e+00
-1.508151088365955239e+00
-1.468350628018956883e+00
-1.431413213212446855e+00
-1.397435117482571432e+00
-1.366486675123199213e+00
-1.338616762438115115e+00
-1.313856716767845656e+00
-1.292223719819109107e+00
-1.273723681919785022e+00
-1.258353657975833872e+00
-1.246103835380755864e+00
-1.236959127474481557e+00
-1.230900404233938872e+00
-1.227905388354836536e+00
-1.227949240146311904e+00
-1.231004849293435344e+00
-1.237042847329678175e+00
-1.246031349361727658e+00
-1.257935428846490789e+00
-1.272716325083118605e+00
-1.290330379772848257e+00
-1.310727695983508134e+00
-1.333850508355334030e+00
-1.359631257026663320e+00
-1.387990350320624566e+00
-1.418833606845909756e+00
-1.452049371970422609e+00
-1.487505307363145235e+00
-1.525044854139023132e+00
-1.564483387539618908e+00
-1.605604093462520865e+00
-1.648153603639205045e+00
-1.691837456972050457e+00
-1.736315465789919354e+00
-1.781197093635134232e+00
-1.826036974669653867e+00
-1.870330730914923745e+00
-1.913511265564807884e+00
-1.954945737296639230e+00
-1.993933436057375497e+00
-2.029704791161619504e+00
-2.061421735063684757e+00
-2.088179655946377888e+00
-2.109011165260002318e+00
-2.122891909207231365e+00
-2.128748665315808974e+00
-2.125469995894619490e+00
-2.111919768992710722e+00
-2.086953859861524041e+00
-2.049440235462624216e+00
-1.998282323120601056e+00
-1.932445250241209278e+00
-1.850984223224522385e+00
-1.753074195476272523e+00
-1.638040272061023872e+00
-1.505388477351101928e+00
-1.354835216426858002e+00
-1.186331382329819606e+00
-1.000079728325908190e+00
-7.965560144610226434e-01
-5.765475222748626116e-01
-3.411921726721580117e-01
-9.197836190954544744e-02
1.692866736140035133e-01
4.404865073585622626e-01
7.191757427193329333e-01
1.002565880114302255e+00
1.287546926206138309e+00
1.570762858132796591e+00
1.848691628775226858e+00
2.117662603912056962e+00
2.373859164451178394e+00
2.613392252813771410e+00
2.832429818036196867e+00
3.027317030369199191e+00
3.194658921949306229e+00
3.331375155242710662e+00
3.434757248492383397e+00
3.502548321043863933e+00
3.533034591030964844e+00
3.525129852733137614e+00
3.478444888543673841e+00
3.393336966864611615e+00
3.270934400548957122e+00
3.113138035320570207e+00
2.922605751708214239e+00
2.702718200420592076e+00
2.457513933528842287e+00
2.191583776644284942e+00
1.909926029512926560e+00
1.617773343904444383e+00
1.320404005038923412e+00
1.022950027833966713e+00
7.302164857374038309e-01
4.465285289869844743e-01
1.756195610368586624e-01
-7.943437312687331997e-02
-3.162378147010105889e-01
-5.330650612561773638e-01
-7.288240285707697774e-01
-9.030014597984866720e-01
-1.055594662024913477e+00
-1.187035280126462533e+00
-1.298110912648100745e+00
-1.389889162758128238e+00
-1.463646493900757628e+00
-1.520802386186856481e+00
-1.562859159572825174e+00
-1.591348869021962820e+00
-1.607789270889759203e+00
-1.613650173806764565e+00
-1.610329950109748109e+00
-1.599140584070031457e+00
-1.581299011497586671e+00
-1.557922728102672849e+00
-1.530028300561649957e+00
-1.498532045097431320e+00
-1.464252519694062782e+00
-1.427914586473388869e+00
-1.390154766145544896e+00
-1.351527551767003121e+00
-1.312512326769867510e+00
-1.273520567674443438e+00
-1.234903052317082528e+00
-1.196956860595072225e+00
-1.159932010973991234e+00
-1.124037634709352362e+00
-1.089447626653681667e+00
-1.056305752226344818e+00
-1.024730209663744285e+00
-9.948176709265490469e-01
-9.666468342703382621e-01
-9.402815276671648848e-01
-9.157734094575290529e-01
-8.931643078636806177e-01
-8.724882409905619918e-01
-8.537731549101602591e-01
-8.370424140097260102e-01
-8.223160711424514213e-01
-8.096119431136523659e-01
-7.989465115269123174e-01
-7.903356662266439736e-01
-7.837953037728072614e-01
-7.793417905730155582e-01
-7.769922972649372372e-01
-7.767650077051844182e-01
-7.786792027945039774e-01
-7.827552162376129052e-01
-7.890142559304259562e-01
-7.974780817573312586e-01
-8.081685270742570149e-01
-8.211068471974396488e-01
-8.363128744896538569e-01
-8.538039552155455292e-01
-8.735936386342277871e-01
-8.956900846172992647e-01
-9.200941502422832485e-01
-9.467971082640425085e-01
-9.757779458249612459e-01
-1.007000183007661809e+00
-1.040408143827040499e+00
-1.075922602064654843e+00
-1.113435721056225791e+00
-1.152805197622506883e+00
-1.193847525014615663e+00
-1.236330302464432318e+00
-1.279963546568920751e+00
-1.324390019500344629e+00
-1.369174666889856340e+00
-1.413793377057481315e+00
-1.457621393635567308e+00
-1.499921847955122844e+00
-1.539834978890560091e+00
-1.576368647156711100e+00
-1.608390732951445079e+00
-1.634623992071062348e+00
-1.653644021010576282e+00
-1.663881264217166756e+00
-1.663628472000177716e+00
-1.651055623067397615e+00
-1.624234740684541656e+00
-1.581176828368601850e+00
-1.519882467284341843e+00
-1.438406564330910964e+00
-1.334936607155811972e+00
-1.207882660998024660e+00
-1.055976292290621732e+00
-8.783750587383675201e-01
-6.747695691889331604e-01
-4.454900379037414759e-01
-1.916067769290626943e-01
8.498592825770855119e-02
3.815173241700630102e-01
6.943338550507174300e-01
1.018947422569083772e+00
1.350137537297991797e+00
1.682101284444363687e+00
2.008645137643030321e+00
2.323411455418195715e+00
2.620124066307181643e+00
2.892829177285265896e+00
3.136109888544766022e+00
3.345262556371150886e+00
3.516430528948953693e+00
3.646691989307457860e+00
3.734101129349687742e+00
3.777689493189016368e+00
3.777438842879301539e+00
3.734232450168068151e+00
3.649787095282774008e+00
3.526567632996659096e+00
3.367676724627873597e+00
3.176708860032163795e+00
2.957602676450407753e+00
2.714561786517683650e+00
2.452024321585557498e+00
2.174551601239430809e+00
1.886610471283546531e+00
1.592422151396587493e+00
1.295973731739179291e+00
1.001036304704304936e+00
7.110689927113487130e-01
4.291165018309420209e-01
1.577941391198071641e-01
-1.006791092226700796e-01
-3.444434407196569348e-01
-5.720018782774243249e-01
-7.822680988424308701e-01
-9.745726596457571222e-01
-1.148598616401741879e+00
-1.304313802199405181e+00
-1.441938780484896210e+00
-1.561929288787725412e+00
-1.664950265867968016e+00
-1.751840844256447260e+00
-1.823577557097324275e+00
-1.881239349961069784e+00
-1.925974731325021505e+00
-1.958971106152323838e+00
-1.981427000282788065e+00
-1.994528067706798913e+00
-1.999427378858569249e+00
-1.997230011907362712e+00
-1.988981621637891051e+00
-1.975660489514253992e+00
-1.958172521790291665e+00
-1.937348696576800977e+00
-1.913944515436618810e+00
-1.888641077846606953e+00
-1.862047431963880673e+00
-1.834703902409328125e+00
-1.807086125489422823e+00
-1.779609564826819756e+00
-1.752634301319403898e+00
-1.726469931613229036e+00
-1.701380434291046795e+00
-1.677588890370375285e+00
-1.655281974857760074e+00
-1.634614157429067793e+00
-1.615711568113909591e+00
-1.598675503648530505e+00
-1.583585564156180681e+00
-1.570502415589799083e+00
-1.559470185995278868e+00
-1.550518504176954027e+00
-1.543664194400127476e+00
-1.538912642170380041e+00
-1.536258846209853868e+00
-1.535688170858528601e+00
-1.537176811738055981e+00
-1.540691985799735875e+00
-1.546191855197539766e+00
-1.553625192192228832e+00
-1.562930790545249637e+00
-1.574036627397020327e+00
-1.586858778719942853e+00
-1.601300091438470519e+00
-1.617248613833318194e+00
-1.634575789392676226e+00
-1.653134417086806085e+00
-1.672756387777084797e+00
-1.693250210617580409e+00
-1.714398346896623293e+00
-1.735954376035915514e+00
-1.757640033130126289e+00
-1.779142163617685624e+00
-1.800109659302737919e+00
-1.820150459242101393e+00
-1.838828714331120384e+00
-1.855662245582383463e+00
-1.870120443957896006e+00
-1.881622784870594201e+00
-1.889538144631063510e+00
-1.893185111572964097e+00
-1.891833481536868700e+00
-1.884707113986649585e+00
-1.870988308482061990e+00
-1.849823879867941834e+00
-1.820333199100365063e+00
-1.781618640883744220e+00
-1.732779090941477751e+00
-1.672927243911556783e+00
-1.601211006112370328e+00
-1.516838093068833215e+00
-1.419101105284416686e+00
-1.307399320732981041e+00
-1.181255667018164646e+00
-1.040333317883106456e+00
-8.844610129356210715e-01
-7.136710405052268946e-01
-5.282397900947942704e-01
-3.287148916304737378e-01
-1.159260097454344746e-01
1.090114682292844805e-01
3.446957503680776469e-01
5.894356529208821804e-01
8.412298208773785202e-01
1.097738072903040596e+00
1.356288493404901097e+00
1.613932210189981342e+00
1.867503571336553980e+00
2.113647546043089687e+00
2.348823590465101141e+00
2.569335356326880593e+00
2.771423348706569367e+00
2.951390470003085742e+00
3.105701305826841008e+00
3.231053605031252829e+00
3.324459352258868350e+00
3.383337308520718789e+00
3.405598362191766704e+00
3.389729716135673865e+00
3.334889044762986199e+00
3.240994928946119735e+00
3.108790995999862083e+00
2.939877680611816757e+00
2.736717539503575658e+00
2.502613998051852029e+00
2.241654264737614088e+00
1.958608215407120046e+00
1.658782983747399520e+00
1.347839705222830364e+00
1.031583073532179595e+00
7.157389452805560381e-01
4.057397275927017155e-01
1.065372558361416255e-01
-1.775436113520082182e-01
-4.429053614599841038e-01
-6.867313966067704056e-01
-9.069943353426116461e-01
-1.102424151868581115e+00
-1.272445971825988620e+00
-1.417099680091916003e+00
-1.536951556388004958e+00
-1.633004009145312851e+00
-1.706605914428845683e+00
-1.759364814119433129e+00
-1.793062941051579484e+00
-1.809580449488074949e+00
-1.810829620517439231e+00
-1.798702073231807086e+00
-1.775028645432927821e+00
-1.741550081497458047e+00
-1.699896303995870772e+00
-1.651572345700474731e+00
-1.597949653659551217e+00
-1.540261992151999104e+00
-1.479605434540220976e+00
-1.416942103672430786e+00
-1.353107189001500510e+00
-1.288818414094136111e+00
-1.224686959131157105e+00
-1.161228833858081844e+00
-1.098875930317507743e+00
-1.037986282983514030e+00
-9.788533428146534154e-01
-9.217142633033975629e-01
-8.667573141143869453e-01
-8.141285604079707694e-01
-7.639379191354380705e-01
-7.162646695540348940e-01
-6.711624586714715068e-01
-6.286638320738040520e-01
-5.887842969264626136e-01
-5.515259391052304005e-01
-5.168806101288155874e-01
-4.848327053548493470e-01
-4.553615709319992488e-01
-4.284435686641254737e-01
-4.040538335230964839e-01
-3.821677650435731932e-01
