5.196519172640950979e-01
8.289495641283944893e-01
1.148921083221546846e+00
1.474478833676326817e+00
1.799973648277522598e+00
2.119381356647744852e+00
2.426522769467795104e+00
2.715298952444953784e+00
2.979918646251076275e+00
3.215100581896315646e+00
3.416243368964338778e+00
3.579558776893524641e+00
3.702161679723534604e+00
3.782113194241977450e+00
3.818424160537055911e+00
3.811031872628382278e+00
3.760757843324769034e+00
3.669249285785213033e+00
3.538904431096975056e+00
3.372769570203935974e+00
3.174394743816308484e+00
2.947685934625241089e+00
2.696828938542063625e+00
2.426266358629973308e+00
2.140591826729592917e+00
1.844329090140253369e+00
1.541778075650794166e+00
1.237026323811000861e+00
9.339547806418573295e-01
6.361292672378986435e-01
3.466983356592018839e-01
6.837786157615699523e-02
-1.965063335428214875e-01
-4.459817602938542236e-01
-6.784693111687680744e-01
-8.928377876331673457e-01
-1.088373536400084163e+00
-1.264708498688161153e+00
-1.421777315369333827e+00
-1.559795484549904687e+00
-1.679232095770880173e+00
-1.780775494308327156e+00
-1.865298472655596562e+00
-1.933824024593248536e+00
-1.987490184463971632e+00
-2.027514320174654827e+00
-2.055158952571571884e+00
-2.071701152410845737e+00
-2.078406609117045445e+00
-2.076508536027640961e+00
-2.067191085054683075e+00
-2.051576781094207380e+00
-2.030717462447363175e+00
-2.005588257073439795e+00
-1.977084170427687360e+00
-1.946018894756208262e+00
-1.913125471809790090e+00
-1.879058464426816011e+00
-1.844397316900421524e+00
-1.809650609362510876e+00
-1.775260937319554699e+00
-1.741610177948780480e+00
-1.709024939571311741e+00
-1.677782019998483642e+00
-1.648113738538816708e+00
-1.620213033999031937e+00
-1.594238249474290159e+00
-1.570317553248554931e+00
-1.548552964794706055e+00
-1.529023969474649247e+00
-1.511790718335470851e+00
-1.496896823834365842e+00
-1.484371763073519146e+00
-1.474232905689685014e+00
-1.466487187332618403e+00
-1.461132447012261970e+00
-1.458158447108614864e+00
-1.457547592939948178e+00
-1.459275366399251483e+00
-1.463310485533989791e+00
-1.469614799155981588e+00
-1.478142922837426543e+00
-1.488841620436455182e+00
-1.501648933867563818e+00
-1.516493060124162628e+00
-1.533290976568891129e+00
-1.551946813875429543e+00
-1.572349975380464615e+00
-1.594373006292184369e+00
-1.617869219615879484e+00
-1.642670088705529441e+00
-1.668582419936149863e+00
-1.695385332321517113e+00
-1.722827077322768297e+00
-1.750621738215906387e+00
-1.778445869516591893e+00
-1.805935139358471275e+00
-1.832681061784127818e+00
-1.858227917361767290e+00
-1.882069981580064111e+00
-1.903649201944528579e+00
-1.922353492748605230e+00
-1.937515840227834962e+00
-1.948414453134261093e+00
-1.954274221028661884e+00
-1.954269748786598981e+00
-1.947530228106484795e+00
-1.933146363024318415e+00
-1.910179502452017397e+00
-1.877673095091046962e+00
-1.834666630465957127e+00
-1.780212412325534732e+00
-1.713395751892167196e+00
-1.633359160697748891e+00
-1.539330097617653381e+00
-1.430649576183359972e+00
-1.306796898520493411e+00
-1.167407553692409339e+00
-1.012289133368998284e+00
-8.414476388982949917e-01
-6.551296956669577787e-01
-4.538648758010050965e-01
-2.384849044080085967e-01
-1.012040365099103716e-02
2.298045142306086586e-01
4.795703298920970803e-01
7.371488719307252024e-01
1.000176648463378060e+00
1.265948973760909757e+00
1.531470989950757033e+00
1.793530716746652987e+00
2.048734838814338044e+00
2.293510948355343082e+00
2.524131783605344292e+00
2.736801201612799606e+00
2.927781552525442699e+00
3.093504401911888024e+00
3.230643361433946481e+00
3.336181860413390154e+00
3.407496796786098958e+00
3.442445370819636974e+00
3.439450098003999035e+00
3.397589148632974787e+00
3.316683253147343802e+00
3.197357987698059567e+00
3.041073023622695715e+00
2.850125415581474364e+00
2.627630767912449095e+00
2.377474028027558806e+00
2.104219047230346362e+00
1.812974397208930055e+00
1.509221797727117398e+00
1.198617458741564112e+00
8.867791527164682330e-01
5.790759711564618106e-01
2.804405943564801107e-01
-4.779943562062487737e-03
-2.729276870282396628e-01
-5.210912420105657805e-01
-7.471202478914533707e-01
-9.496014727584903836e-01
-1.127804154259469227e+00
-1.281605260704963056e+00
-1.411405222507345458e+00
-1.518041413394125794e+00
-1.602702645553595096e+00
-1.666845636516585794e+00
-1.712114471950346939e+00
-1.740265596301724838e+00
-1.753101985040286248e+00
-1.752419331265345548e+00
-1.739964840902420873e+00
-1.717407242703049342e+00
-1.686315811945142018e+00
-1.648146344730218704e+00
-1.604232556220009265e+00
-1.555781886514117085e+00
-1.503874927276837026e+00
-1.449467890797318192e+00
-1.393397716326303160e+00
-1.336389369633046886e+00
-1.279064780115188649e+00
-1.221952751766220535e+00
-1.165499175600697379e+00
-1.110076982443999549e+00
-1.055995445792660803e+00
-1.003508625231873674e+00
-9.528228887554998083e-01
-9.041035685175436987e-01
-8.574808454127140767e-01
-8.130549687931678537e-01
-7.709009044438450697e-01
-7.310724836250119818e-01
-6.936061110894961024e-01
-6.585240679051455048e-01
-6.258374500840611088e-01
-5.955487637438262594e-01
-5.676542030796259963e-01
-5.421456407950532297e-01
-5.190123538309889817e-01
-4.982425060307342224e-01
-4.798244193501301491e-01
-4.637476537147644517e-01
-4.500039192431510848e-01
-4.385878389383503495e-01
-4.294975796216720654e-01
-4.227353662296862713e-01
-4.183078915223648608e-01
-4.162266296231732499e-01
-4.165080567529878541e-01
-4.191737826485396612e-01
-4.242505908043861518e-01
-4.317703821621210469e-01
-4.417700133934686080e-01
-4.542910169273239318e-01
-4.693791831396713077e-01
-4.870839842350702664e-01
-5.074578125189226352e-01
-5.305549992726661390e-01
-5.564305742231717700e-01
-5.851387207008187374e-01
-6.167308787822756155e-01
-6.512534396256401958e-01
-6.887449714544850998e-01
-7.292329081952730885e-01
-7.727296421531499870e-01
-8.192279522586906060e-01
-8.686956985699281208e-01
-9.210697288589527743e-01
-9.762489293532349288e-01
-1.034086363520577923e+00
-1.094380430147729788e+00
-1.156864964424068942e+00
-1.221198198658620004e+00
-1.286950501807718972e+00
-1.353590871773924231e+00
-1.420472247581034075e+00
-1.486815958904289525e+00
-1.551696006918148907e+00
-1.614024364627480779e+00
-1.672538926642982648e+00
-1.725795945055826675e+00
-1.772168507056564701e+00
-1.809851793172032819e+00
-1.836874996113454506e+00
-1.851120015552892628e+00
-1.850348593578766909e+00
-1.832241582928439527e+00
-1.794454556722885119e+00
-1.734691675109460762e+00
-1.650796016267239263e+00
-1.540852510559650224e+00
-1.403299580689584714e+00
-1.237046675760854919e+00
-1.041595271656094779e+00
-8.171592122091361210e-01
-5.647765727946628678e-01
-2.864001569483646814e-01
1.504950453652295281e-02
3.356831340556964416e-01
6.707013631447747981e-01
1.014511824114779470e+00
1.360897897641061505e+00
1.703232037884611083e+00
2.034725757425786874e+00
2.348701809200796742e+00
2.638864081905218040e+00
2.899536695603353920e+00
3.125851806470193672e+00
3.313880302854533610e+00
3.460709763602536793e+00
3.564475882925480565e+00
3.624353012172861987e+00
3.640510328935837148e+00
3.614039577808809689e+00
3.546859783781088016e+00
3.441607094528303712e+00
3.301512845770581350e+00
3.130261672733312128e+00
2.931845479170642754e+00
2.710466897702688005e+00
2.470484440493812439e+00
2.216296031232126929e+00
1.952145238425275986e+00
1.681994436764786771e+00
1.409536143008074616e+00
1.138220250486253082e+00
8.711908981475242619e-01
6.111939993904068613e-01
3.605553526509540641e-01
1.212186251441375040e-01
-1.052257062808699961e-01
-3.175325203028985799e-01
-5.147936499643603891e-01
-6.964305294464554486e-01
-8.621847531303442613e-01
-1.012086142306609871e+00
-1.146397914024128495e+00
-1.265563520545337051e+00
-1.370172410182541878e+00
-1.460940371194554999e+00
-1.538691494456331466e+00
-1.604334587856502736e+00
-1.658834910929036566e+00
-1.703185585120198464e+00
-1.738382332718168222e+00
-1.765403166031677351e+00
-1.785193063574584516e+00
-1.798652930552038232e+00
-1.806631991886901156e+00
-1.809922876763213395e+00
-1.809258820344816110e+00
-1.805312554262505031e+00
-1.798696554480220700e+00
-1.789964369573410652e+00
-1.779612788960840630e+00
-1.768084636610367966e+00
-1.755772002359953898e+00
-1.743019746678881710e+00
-1.730129139575378616e+00
-1.717361516170795355e+00
-1.704941857321696785e+00
-1.693062223276994960e+00
-1.681884987247419305e+00
-1.671545829790040516e+00
-1.662156470394193564e+00
-1.653807122558512699e+00
-1.646568664584661112e+00
-1.640494527043033557e+00
-1.635622300065986190e+00
-1.631975067075294605e+00
-1.629562473059563921e+00
-1.628381535963962401e+00
-1.628417210344526689e+00
-1.629642711965731960e+00
-1.632019611347250265e+00
-1.635497703757541776e+00
-1.640014662553346936e+00
-1.645495482576861734e+00
-1.651851720980108462e+00
-1.658980541630856287e+00
-1.666763572574473828e+00
-1.675065584892550863e+00
-1.683733004384879939e+00
-1.692592270652737652e+00
-1.701448060249021843e+00
-1.710081392092938302e+00
-1.718247638091835894e+00
-1.725674466109464067e+00
-1.732059743388372874e+00
-1.737069437335513777e+00
-1.740335558181154596e+00
-1.741454199406726744e+00
-1.739983761960450348e+00
-1.735443478186363686e+00
-1.727312412145758591e+00
-1.715029178311586522e+00
-1.697992705534401292e+00
-1.675564439154385132e+00
-1.647072393909912336e+00
-1.611817395311448076e+00
-1.569081631356720408e+00
-1.518139282505589494e+00
-1.458268623656584051e+00
-1.388764817914948102e+00
-1.308952964711147304e+00
-1.218201829236935430e+00
-1.115939651419178391e+00
-1.001673518821500464e+00
-8.750124522457370935e-01
-7.356926137088410922e-01
-5.836031234132483814e-01
-4.188130806283037466e-01
-2.416002842706155285e-01
-5.247671511088795870e-02
1.477976255744060941e-01
3.582111786313847412e-01
5.774929599762667065e-01
8.040915287064135386e-01
1.036150992335982179e+00
1.271499520295749086e+00
1.507660443997295818e+00
1.741888726739989623e+00
1.971213532493820253e+00
2.192456470778637367e+00
2.402236661811812723e+00
2.597015317815631441e+00
2.773191230985144973e+00
2.927197130982989837e+00
3.055574500649547609e+00
3.155060310640787957e+00
3.222697269332446712e+00
3.255937608337934996e+00
3.252729044083905396e+00
3.211602585161643653e+00
3.131771721068427272e+00
3.013228362851639197e+00
2.856818177534443670e+00
2.664288430360922888e+00
2.438305220951735741e+00
2.182433731005377631e+00
1.901073617387225356e+00
1.599344518440304785e+00
1.282921826799837239e+00
9.578296155400866096e-01
6.302054588582770567e-01
3.060580664882909252e-01
-8.960175998597379177e-03
-3.097480921838867696e-01
-5.919070384873614810e-01
-8.518428105354722835e-01
-1.086815647899819659e+00
-1.294940370752594383e+00
-1.475144713674193309e+00
-1.627098007946092162e+00
-1.751122141586664904e+00
-1.848093633880074416e+00
-1.919342715892916607e+00
-1.966553105586422046e+00
-1.991664615082474610e+00
-1.996781114503161980e+00
-1.984087967812386166e+00
-1.955783203367106315e+00
-1.914024068052742944e+00
-1.860886647140183703e+00
-1.798334583271498310e+00
-1.728194487851123506e+00
-1.652137889637555146e+00
-1.571670638974550505e+00
-1.488130107273210045e+00
-1.402689132380601889e+00
-1.316364656226492347e+00
-1.230028930372164542e+00
-1.144421707083839612e+00
-1.060162472167057945e+00
-9.777623476189866158e-01
-8.976356067907307335e-01
-8.201108018218449258e-01
-7.454414450993019914e-01
-6.738161254883081597e-01
-6.053679238900948612e-01
-5.401830246083848541e-01
-4.783084721073441736e-01
-4.197590709651851104e-01
-3.645234748123086232e-01
-3.125695234781266096e-01
-2.638489138538402945e-01
-2.183012616392999983e-01
-1.758576312737440139e-01
-1.364435787997441141e-01
-9.998176028765298762e-02
-6.639415253675939876e-02
-3.560392249675497361e-02
-7.536991805745058177e-03
1.787666959776972389e-02
4.070197938158365975e-02
6.099787666130657149e-02
7.881661576481710507e-02
9.420319678469385449e-02
1.071949025195710892e-01
1.178209162292087886e-01
1.261020020175149248e-01
1.320502321086377828e-01
1.356687489732238960e-01
1.369515507678862598e-01
1.358832898562445934e-01
1.324390857526323573e-01
1.265843500377303865e-01
1.182746257752239766e-01
1.074554504661123233e-01
9.406225084444838624e-02
7.802028575490717321e-02
5.924466405334436608e-02
3.764046667701820281e-02
1.310301132128273080e-02
-1.448169187909342619e-02
-4.523623090829829996e-02
-7.929074924853098116e-02
-1.167814942076892265e-01
-1.578488541698359060e-01
-2.026347842130354904e-01
-2.512795263871709928e-01
-3.039175334103139670e-01
-3.606725265426304339e-01
-4.216516711608027101e-01
-4.869388497586530362e-01
-5.565870876911079845e-01
-6.306101346947675657e-01
-7.089731963577374785e-01
-7.915826755542546556e-01
-8.782746559913535700e-01
-9.688017381750765322e-01
-1.062817849730917530e+00
-1.159860848735919214e+00
-1.259333206765820279e+00
-1.360481635802140765e+00
-1.462376987986474308e+00
-1.563895901073151240e+00
-1.663705359092781944e+00
-1.760251056737390130e+00
