-1.851750524681607946e+00
-1.936192578106859630e+00
-2.011345350084213557e+00
-2.074775073313698925e+00
-2.123876757122698411e+00
-2.155916945627629477e+00
-2.168089037391458529e+00
-2.157583228480964621e+00
-2.121674575211731195e+00
-2.057831695289670026e+00
-1.963843821612024199e+00
-1.837957532768456304e+00
-1.679012773777354806e+00
-1.486573651402155472e+00
-1.261053696609895081e+00
-1.003829142681888387e+00
-7.173227713428289576e-01
-4.050383857701174706e-01
-7.153400769269391279e-02
2.776700392200743828e-01
6.362476619903683073e-01
9.972835962327311066e-01
1.353539773395035395e+00
1.697754549103586141e+00
2.022950887490940541e+00
2.322723729961344574e+00
2.591477451988767555e+00
2.824595868737383331e+00
3.018544360278442085e+00
3.170913948119518100e+00
3.280415985665710465e+00
3.346832130700974073e+00
3.370926394112234714e+00
3.354331233719778815e+00
3.299421267457157469e+00
3.209185012044143193e+00
3.087094749765765034e+00
2.936964329313821676e+00
2.762803187889065537e+00
2.568704696314074276e+00
2.358769007461696265e+00
2.136998915043662350e+00
1.907166695784386912e+00
1.672742268884502836e+00
1.436906983488785094e+00
1.202563664165777313e+00
9.722902604253379488e-01
7.482881717951422873e-01
5.323791271827095217e-01
3.260392275781621163e-01
1.304343205829919528e-01
-5.355897660878292110e-02
-2.253424885760495211e-01
-3.845837297320930936e-01
-5.311913739727840422e-01
-6.652795387063393795e-01
-7.871294318226572662e-01
-8.971555997010857153e-01
-9.958780590702653868e-01
-1.083898112726276564e+00
-1.161876001037097428e+00
-1.230510190216068223e+00
-1.290519001986634162e+00
-1.342625113358821620e+00
-1.387542937199158111e+00
-1.425968528778054578e+00
-1.458571601264251116e+00
-1.485989325727244070e+00
-1.508821707308713789e+00
-1.527628392374149602e+00
-1.542926776412128387e+00
-1.555191258122703202e+00
-1.564853465156041956e+00
-1.572303258113051605e+00
-1.577890326129503862e+00
-1.581926195871848240e+00
-1.584686498794064313e+00
-1.586413369455651035e+00
-1.587317871046783013e+00
-1.587582369280548633e+00
-1.587362796081440708e+00
-1.586790762675655886e+00
-1.585975493567807648e+00
-1.585005563423057984e+00
-1.583950428098006125e+00
-1.582861744670201576e+00
-1.581774480661477966e+00
-1.580707814717693838e+00
-1.579665832777963352e+00
-1.578638024483939306e+00
-1.577599585689565265e+00
-1.576511533001268006e+00
-1.575320636617713266e+00
-1.573959178271172155e+00
-1.572344541434727683e+00
-1.570378641963878108e+00
-1.567947209696445965e+00
-1.564918931816231318e+00
-1.561144473296942614e+00
-1.556455392568919960e+00
-1.550662975253011222e+00
-1.543557013597507188e+00
-1.534904566220971267e+00
-1.524448742475176033e+00
-1.511907562548542527e+00
-1.496972957755948075e+00
-1.479309994648052129e+00
-1.458556415909791459e+00
-1.434322622632957511e+00
-1.406192234033130761e+00
-1.373723387277836716e+00
-1.336450932186574514e+00
-1.293889659966829031e+00
-1.245538638616540350e+00
-1.190886639389276080e+00
-1.129418546692942726e+00
-1.060622613137896852e+00
-9.839985278130904955e-01
-8.990665484300853771e-01
-8.053783096282626230e-01
-7.025300958805397178e-01
-5.901790624534589691e-01
-4.680621342418184727e-01
-3.360166273395346903e-01
-1.940019182274793363e-01
-4.212244167935452061e-02
1.193478244552094586e-01
2.899421712859096001e-01
4.689846750419894850e-01
6.555813624790401972e-01
8.486098298595942113e-01
1.046697349729487136e+00
1.248195118325736486e+00
1.451170618812209323e+00
1.653424321330952296e+00
1.852508732580053108e+00
2.045732111559637190e+00
2.230164963717386595e+00
2.402678699491116454e+00
2.560011101700136571e+00
2.698828699891437033e+00
2.815782021193479423e+00
2.907579942066368162e+00
2.971094080120100234e+00
3.003474689686697285e+00
3.002259533648482748e+00
2.965474959143779454e+00
2.891736769458200573e+00
2.780353603025938813e+00
2.631427221815404227e+00
2.445939339923643541e+00
2.225813618528554638e+00
1.973942401844514194e+00
1.694169039003496025e+00
1.391217975301116905e+00
1.070567627198106386e+00
7.382670421930771498e-01
4.007059187593774996e-01
6.435591509380253483e-02
-2.644936687640889184e-01
-5.799821308287584909e-01
-8.768853850675946138e-01
-1.150772119286474382e+00
-1.398102051012643843e+00
-1.616267010687122863e+00
-1.803580658240409029e+00
-1.959226695661520745e+00
-2.083178215741332551e+00
-2.176100667612853368e+00
-2.239247095178247271e+00
-2.274349324506816483e+00
-2.283506717707012523e+00
-2.269076217464278677e+00
-2.233570053461207738e+00
-2.179567521135576502e+00
-2.109643751328374339e+00
-2.026313605343356361e+00
-1.931986654369095113e+00
-1.828930558815541119e+00
-1.719242697470626968e+00
-1.604830957109923295e+00
-1.487403216600764022e+00
-1.368463850095102741e+00
-1.249316166431308606e+00
-1.131070720506560878e+00
-1.014659276298586654e+00
-9.008527016834718681e-01
-7.902797592755551603e-01
-6.834437879042831732e-01
-5.807358941993870927e-01
-4.824451620874790070e-01
-3.887675087175430089e-01
-2.998148859082803708e-01
-2.156258034662051348e-01
-1.361772011245695746e-01
-6.139695692144323674e-02
8.823944943569368704e-03
7.462047714265104825e-02
1.361444167904711788e-01
1.935571615321510786e-01
2.470243984549374550e-01
2.967123209560999508e-01
3.427850262395330527e-01
3.854027256707315274e-01
4.247204903465139902e-01
4.608872973423306374e-01
4.940452625694841116e-01
5.243289677914807490e-01
5.518648527127139047e-01
5.767706649797643692e-01
5.991549613889313175e-01
6.191166650964575746e-01
6.367446838269748000e-01
6.521175818247217926e-01
6.653032993029126541e-01
6.763589105564792314e-01
6.853304091294835088e-01
6.922525084734953982e-01
6.971484461009583855e-01
7.000297799196331106e-01
7.008961687060790702e-01
6.997351295067536503e-01
6.965217674259501779e-01
6.912184752620347261e-01
6.837746033296985271e-01
6.741261034296501808e-01
6.621951541669109931e-01
6.478897762092029611e-01
6.311034549093741397e-01
6.117147906765637577e-01
5.895872033459790273e-01
5.645687229042520849e-01
5.364919095684117512e-01
5.051739524000432580e-01
4.704170081999271003e-01
4.320088398604106095e-01
3.897238286753808012e-01
3.433244374903720031e-01
2.925631957029278252e-01
2.371852921152689253e-01
1.769318713001531151e-01
1.115441636301558459e-01
4.076866363654855357e-02
-3.563631867201362546e-02
-1.178922372996458606e-01
-2.061894274432118646e-01
-3.006731520244458333e-01
-4.014263055497289123e-01
-5.084491436339398929e-01
-6.216374046836867784e-01
-7.407610341000674392e-01
-8.654457410353175728e-01
-9.951581927278705386e-01
-1.129193005635551472e+00
-1.266657357338075274e+00
-1.406449114910683251e+00
-1.547228682729497873e+00
-1.687391327150672193e+00
-1.825050277641285135e+00
-1.958037043632523400e+00
-2.083916274510954736e+00
-2.200007628602632881e+00
-2.303412420766803859e+00
-2.391050554784804660e+00
-2.459713598941247081e+00
-2.506134965027797534e+00
-2.527077120899987150e+00
-2.519438001324604937e+00
-2.480377156614995915e+00
-2.407456599629536065e+00
-2.298787439844937719e+00
-2.153174712414342107e+00
-1.970255702666404707e+00
-1.750625526018167566e+00
-1.495939826409587114e+00
-1.208982682489617710e+00
-8.936864040634235895e-01
-5.550888419290650466e-01
-1.992172681929743339e-01
1.671030530306946704e-01
5.365071131107769231e-01
9.013980287984469930e-01
1.254279559673092237e+00
1.588082025649642626e+00
1.896449509999719840e+00
2.173963162203180310e+00
2.416288459593401328e+00
2.620248482939023571e+00
2.783834377006309424e+00
2.906165022780910157e+00
2.987404583291412230e+00
3.028647476675049077e+00
3.031785312096892504e+00
2.999368879624478623e+00
2.934468941786139595e+00
2.840534605629236431e+00
2.721251308865771712e+00
2.580406482338738261e+00
2.421778235609607144e+00
2.249056439806846441e+00
2.065778099448916993e+00
1.875254933451441230e+00
1.680509405149280378e+00
1.484250181389396905e+00
1.288879852178860919e+00
1.096499039511187101e+00
9.088932842594023009e-01
7.275242959187966374e-01
5.535472703907320380e-01
3.878483198391506903e-01
2.310796735105839494e-01
8.368077931632937616e-02
-5.410845437280688286e-02
-1.822305430630825340e-01
-3.007847166945684658e-01
-4.099959667914157557e-01
-5.101846150476087027e-01
-6.017401074450169363e-01
-6.850999328697496837e-01
-7.607329806475709999e-01
-8.291262349464852965e-01
-8.907739564892184214e-01
-9.461688021493740441e-01
-9.957945633206998215e-01
-1.040120308049835574e+00
-1.079595776121511586e+00
-1.114647883443672827e+00
-1.145678204723459714e+00
-1.173061308137372194e+00
-1.197143811388873935e+00
-1.218244045217268701e+00
-1.236652205613720357e+00
-1.252630887554358141e+00
-1.266415909710144616e+00
-1.278217337256208008e+00
-1.288220629488329161e+00
-1.296587851224269450e+00
-1.303458897490334278e+00
-1.308952686196503290e+00
-1.313168288361988623e+00
-1.316185972949680760e+00
-1.318068146376954575e+00
-1.318860175953515457e+00
-1.318591089330423793e+00
-1.317274145903710725e+00
-1.314907278775490740e+00
-1.311473408586281586e+00
-1.306940632807991776e+00
-1.301262295514708400e+00
-1.294376944959526821e+00
-1.286208186665220854e+00
-1.276664444937384957e+00
-1.265638646003784507e+00
-1.253007837602870378e+00
-1.238632769236055253e+00
-1.222357459883139486e+00
-1.204008783159610685e+00
-1.183396108813109748e+00
-1.160311051487180389e+00
-1.134527386657926407e+00
-1.105801189232410442e+00
-1.073871270160368985e+00
-1.038459977030894210e+00
-9.992744029985970444e-01
-9.560080405068933640e-01
-9.083428565731627158e-01
-8.559517444032904709e-01
-7.985012723985587257e-01
-7.356546813060520495e-01
-6.670752179885652833e-01
-5.924301291750858622e-01
-5.113959939849725966e-01
-4.236663743291814166e-01
-3.289627870895417416e-01
-2.270494601486698905e-01
-1.177511956589746001e-01
-9.722746979168829995e-04
1.232861648376051417e-01
2.549115956456921017e-01
3.936667928778145864e-01
5.391739222967397716e-01
6.908934329529232699e-01
8.481001485900120374e-01
1.009863657363340383e+00
1.175038682687930214e+00
1.342262758981305648e+00
1.509951085599436027e+00
1.676281884825435053e+00
1.839179540111142819e+00
1.996313524052717669e+00
2.145123555576889718e+00
2.282861393588655030e+00
2.406632044655115710e+00
2.513431942279673592e+00
2.600197822957778016e+00
2.663876615314165974e+00
2.701513590065279136e+00
2.710353141334013838e+00
2.687948923300754522e+00
2.632278513919830143e+00
2.541856555046440036e+00
2.415843818889645611e+00
2.254152133056752216e+00
2.057541270009249246e+00
1.827697611284626600e+00
1.567281709761559227e+00
1.279932484495940548e+00
9.702179165103566039e-01
6.435257731476725640e-01
3.058937186385989326e-01
-3.621407310991645728e-02
-3.761682737711530278e-01
-7.074511264737256555e-01
-1.023922687534666753e+00
-1.320052693285510115e+00
-1.591100736645262748e+00
-1.833236115602756122e+00
-2.043596815051741622e+00
-2.220293120262720521e+00
-2.362365523351633634e+00
-2.469709503914381710e+00
-2.542980795731670352e+00
-2.583491566040386100e+00
-2.593101360570462255e+00
-2.574102985259686616e+00
-2.529106172651137907e+00
-2.460926322944327449e+00
-2.372485056354644684e+00
-2.266724871396718299e+00
-2.146539083817946114e+00
-2.014718604775695088e+00
-1.873912684167306386e+00
-1.726595259012417394e+00
-1.575031406694592961e+00
-1.421249233190195582e+00
-1.267028222756830580e+00
-1.113907733073880246e+00
-9.632075544483519325e-01
-8.160475152667587828e-01
-6.733586450022515102e-01
-5.358881948482933089e-01
-4.042061158916110952e-01
-2.787185614640237952e-01
-1.596883220924376623e-01
-4.725786591792954100e-02
5.852971069997071896e-02
1.577139115325208174e-01
2.504035715727099265e-01
3.367652130462381321e-01
4.170116002034688352e-01
4.913901498475660157e-01
5.601717678100981423e-01
6.236409464367176358e-01
6.820877072981235134e-01
7.358015688531357457e-01
7.850673115791162449e-01
8.301621447007240251e-01
8.713538226840382706e-01
9.088993519014141320e-01
9.430440294680845215e-01
9.740206739955136195e-01
1.002048977260220131e+00
1.027334958063734760e+00
1.050070523714149884e+00
1.070433145011700615e+00
1.088585642428051559e+00
1.104676076657884032e+00
1.118837734214057411e+00
1.131189178839863585e+00
1.141834347256511561e+00
1.150862663026003929e+00
1.158349148875839729e+00
1.164354513209747921e+00
1.168925190748777210e+00
1.172093319328186611e+00
1.173876645788570761e+00
1.174278346754126012e+00
1.173286757480991094e+00
1.170875005044523132e+00
1.167000543808598634e+00
1.161604595293572739e+00
1.154611495714772396e+00
1.145927962024586355e+00
1.135442290826758960e+00
1.123023504687917340e+00
1.108520472881717955e+00
1.091761040282513751e+00
1.072551205259270724e+00
1.050674389496250916e+00
1.025890858919527915e+00
9.979373565067536367e-01
9.665270216933545822e-01
9.313496567073034083e-01
8.920724107738201569e-01
8.483409436085906918e-01
7.997811177499094537e-01
7.460012695812910932e-01
6.865951392489646476e-01
6.211455967042185389e-01
5.492294726190033449e-01
