5.134289983960143022e-01
5.506936987539945427e-01
5.848048896815140063e-01
6.159212555039750292e-01
6.441922933397531414e-01
6.697574394943334175e-01
6.927453785241622919e-01
7.132735204958511321e-01
7.314476244823909790e-01
7.473615362508879700e-01
7.610970111374520952e-01
7.727235919957934351e-01
7.822985171356255929e-01
7.898666387239541287e-01
7.954603303874090425e-01
7.990993708772909931e-01
8.007907938305584006e-01
8.005286952076571261e-01
7.982939933065870131e-01
7.940541390966281421e-01
7.877627766902105533e-01
7.793593561917047108e-01
7.687687033736058106e-01
7.559005538205362251e-01
7.406490632089769433e-01
7.228923073671748023e-01
7.024917939692381097e-01
6.792920172512783017e-01
6.531200887649893927e-01
6.237854935700157810e-01
5.910800425093967192e-01
5.547781073803319529e-01
5.146372368827361043e-01
4.703992862727525148e-01
4.217922080946440722e-01
3.685326461631554529e-01
3.103294804707767973e-01
2.468884249920481888e-01
1.779177399068207766e-01
1.031350830044976824e-01
2.227553655106117789e-02
-6.489902738719453834e-02
-1.585888518342137843e-01
-2.589427713467288839e-01
-3.660414045742688138e-01
-4.798765354147004336e-01
-6.003271981322981787e-01
-7.271345468179645222e-01
-8.598787717285842902e-01
-9.979608410978715316e-01
-1.140588978801410303e+00
-1.286765583758588516e+00
-1.435268536465150069e+00
-1.584624750457519715e+00
-1.733082410004709750e+00
-1.878594539168255251e+00
-2.018822797023533955e+00
-2.151158589576243951e+00
-2.272751792757939260e+00
-2.380543176835349772e+00
-2.471306772204969082e+00
-2.541709549454171935e+00
-2.588389874265940360e+00
-2.608054362322576036e+00
-2.597594432129136433e+00
-2.554220996026185020e+00
-2.475609431422009177e+00
-2.360046338400844324e+00
-2.206573670538304111e+00
-2.015125016927075130e+00
-1.786644160259796443e+00
-1.523175296547156998e+00
-1.227914691755291887e+00
-9.052102661356348223e-01
-5.604936826992762411e-01
-2.001356015566579105e-01
1.687738748424706392e-01
5.387074559285682795e-01
9.020249347420885577e-01
1.251310684658379468e+00
1.579691247450478730e+00
1.881102770664002444e+00
2.150487869115387252e+00
2.383914831836892567e+00
2.578624688761102846e+00
2.733018852481096328e+00
2.846599790654312123e+00
2.919873741373959941e+00
2.954225884572815097e+00
2.951782315959172287e+00
2.915269161706650181e+00
2.847870257305384012e+00
2.753083890837889847e+00
2.634584344333945616e+00
2.496096945673849099e+00
2.341298073993300921e+00
2.173744265951188304e+00
1.996813244850240476e+00
1.813640368738926423e+00
1.627064855136630017e+00
1.439609704188334671e+00
1.253490068458894768e+00
1.070622507139208590e+00
8.926219696308689278e-01
7.207996883209832895e-01
5.561791996574072527e-01
3.995297979213220385e-01
2.514019129864447644e-01
1.121523083076788746e-01
-1.803979029973820647e-02
-1.391569689145039368e-01
-2.513220355155110775e-01
-3.547707885530479999e-01
-4.498234364875213220e-01
-5.368589050546251906e-01
-6.162941288685920282e-01
-6.885683707309619983e-01
-7.541315533289032480e-01
-8.134354198681563730e-01
-8.669266024404882476e-01
-9.150410507976834973e-01
-9.581995172112000025e-01
-9.968039591542960931e-01
-1.031234774622545869e+00
-1.061848802862627617e+00
-1.088978010069907576e+00
-1.112928767381514916e+00
-1.133981634771444647e+00
-1.152391546105463238e+00
-1.168388303105041270e+00
-1.182177302981758160e+00
-1.193940417059639714e+00
-1.203836962256023657e+00
-1.212004708687766330e+00
-1.218560884873641559e+00
-1.223603145822422134e+00
-1.227210476959788910e+00
-1.229444014276391384e+00
-1.230347767003220127e+00
-1.229949233941162623e+00
-1.228259908322325789e+00
-1.225275669445421434e+00
-1.220977062266904500e+00
-1.215329468233708132e+00
-1.208283173748970318e+00
-1.199773345440388939e+00
-1.189719924644482729e+00
-1.178027457343657325e+00
-1.164584881064907762e+00
-1.149265291719052229e+00
-1.131925719374285544e+00
-1.112406947055525563e+00
-1.090533411609442282e+00
-1.066113232515849774e+00
-1.038938400897020164e+00
-1.008785165650627258e+00
-9.754146479907247480e-01
-9.385736809033714545e-01
-8.979958690795414311e-01
-8.534028393778861910e-01
-8.045056580358741494e-01
-7.510064242393839073e-01
-6.926001461242826673e-01
-6.289771458759072509e-01
-5.598264452072720943e-01
-4.848407550920344478e-01
-4.037237394020387615e-01
-3.162000159210583417e-01
-2.220277918439295950e-01
-1.210132842353506266e-01
-1.302549567585976550e-02
1.019898599025322594e-01
2.239972441225364097e-01
3.528572022011494114e-01
4.883087412774664848e-01
6.299473561151945900e-01
7.772016894967245237e-01
9.293146171117616650e-01
1.085332790112965018e+00
1.244102384378944048e+00
1.404262878187413355e+00
1.564232121963353483e+00
1.722186087238868568e+00
1.876046916898437722e+00
2.023491999129328089e+00
2.161983874123521776e+00
2.288808176670686034e+00
2.401109867016425259e+00
2.495932366575358774e+00
2.570270905594432165e+00
2.621144868469329925e+00
2.645686231439134062e+00
2.641240893404712686e+00
2.605480383309191517e+00
2.536517997080919518e+00
2.433022675646108191e+00
2.294327982112673414e+00
2.120535906969096995e+00
1.912611329729654086e+00
1.672456454032634321e+00
1.402951471473223188e+00
1.107949013189427845e+00
7.922129869567847704e-01
4.612965707891126810e-01
1.213601019309628187e-01
-2.210624460238748423e-01
-5.593310613639678186e-01
-8.869773217374516960e-01
-1.197965877753639052e+00
-1.486917048488153759e+00
-1.749275195015898454e+00
-1.981416196851972122e+00
-2.180694888788792696e+00
-2.345438813510996479e+00
-2.474898493699050128e+00
-2.569167125424286713e+00
-2.629083164885257506e+00
-2.656125164561363494e+00
-2.652301711425561148e+00
-2.620036741837139527e+00
-2.562053890368756637e+00
-2.481266782514455205e+00
-2.380680248314391179e+00
-2.263304801874505223e+00
-2.132088455294790297e+00
-1.989867690337598916e+00
-1.839329977575881125e+00
-1.682976288972416246e+00
-1.523082970428510485e+00
-1.361675987964968471e+00
-1.200528285035090015e+00
-1.041175618980224149e+00
-8.849358729629580589e-01
-7.329205001183295431e-01
-5.860387589030678912e-01
-4.450033229766972576e-01
-3.103440091867908368e-01
-1.824291411212558833e-01
-6.148901154062931529e-02
5.236378962701345591e-02
1.591185078788827922e-01
2.588527774276885851e-01
3.517189577431937275e-01
4.379291912886518756e-01
5.177399085600230544e-01
5.914373930734670992e-01
6.593257356481946330e-01
7.217177279463589112e-01
7.789284602897237342e-01
8.312709735592134219e-01
8.790532316048437211e-01
9.225758409797378823e-01
9.621301537995934350e-01
9.979965869004180368e-01
1.030443119411842634e+00
1.059723986123624728e+00
1.086078607059434153e+00
1.109730769509724935e+00
1.130888070991857619e+00
1.149741599780803591e+00
1.166465814957252434e+00
1.181218589823272325e+00
1.194141371153579323e+00
1.205359408572758362e+00
1.214982015294664208e+00
1.223102828394178054e+00
1.229800040820896001e+00
1.235136579988621808e+00
1.239160212245451920e+00
1.241903561948364265e+00
1.243384033288177148e+00
1.243603624365223537e+00
1.242548629014672112e+00
1.240189223159329224e+00
1.236478934967342624e+00
1.231354001231185213e+00
1.224732614884955106e+00
1.216514073367279014e+00
1.206577845188112397e+00
1.194782569656037463e+00
1.180965018863888272e+00
1.164939058685511508e+00
1.146494652432699324e+00
1.125396958308854556e+00
1.101385585996357497e+00
1.074174090925503089e+00
1.043449792622599848e+00
1.008874008530502353e+00
9.700828089416575484e-01
9.266883940620085358e-01
8.782811885512009642e-01
8.244327442096323066e-01
7.646995265100757777e-01
6.986276693298157925e-01
6.257588345968283505e-01
5.456374419936707021e-01
4.578197796935821184e-01
3.618858739919402212e-01
2.574552894955248195e-01
1.442079349021885282e-01
2.190998402303835982e-02
-1.095570577253557609e-01
-2.501684171440920479e-01
-3.997338848945040102e-01
-5.578820496550134234e-01
-7.240446882629821834e-01
-8.974320585814595796e-01
-1.076997342634234078e+00
-1.261402589158053367e+00
-1.449002668848719644e+00
-1.637848496665619491e+00
-1.825691523192061405e+00
-2.009975222264472894e+00
-2.187827073197274874e+00
-2.356079736518218670e+00
-2.511326662114037322e+00
-2.649987010518649377e+00
-2.768365543181401822e+00
-2.862725054100608624e+00
-2.929388547857787461e+00
-2.964866097254323929e+00
-2.965994238968898244e+00
-2.930079117229442698e+00
-2.855038342266232654e+00
-2.739541518449221336e+00
-2.583147552336315655e+00
-2.386427784011852626e+00
-2.151060619175777955e+00
-1.879887449457555038e+00
-1.576920792478429645e+00
-1.247292189052598976e+00
-8.971274614836635131e-01
-5.333444800590823043e-01
-1.633814246486225974e-01
2.051230720258559737e-01
5.646671436620224194e-01
9.082072897820192559e-01
1.229436266695757674e+00
1.522997345389240031e+00
1.784623460191424593e+00
2.011199950424507943e+00
2.200760751379370550e+00
2.352433464952968123e+00
2.466346652277066731e+00
2.543509670067075401e+00
2.585675691060512538e+00
2.595197321965791559e+00
2.574879757081058873e+00
2.527836349667524019e+00
2.457355333820838705e+00
2.366785115652249250e+00
2.259439230272481502e+00
2.138519512990017635e+00
2.007057756129462689e+00
1.867874389403107571e+00
1.723547051745716763e+00
1.576383045176025677e+00
1.428399412979564964e+00
1.281319982499313115e+00
1.136592142733726662e+00
9.954147680582035029e-01
8.587650073964934183e-01
7.274174697459261374e-01
6.019575875402333187e-01
4.827949721376607051e-01
3.701810801377090066e-01
2.642315967627965057e-01
1.649510642756896461e-01
7.225660906606601319e-02
-1.400139716017611592e-02
-9.402242758558763958e-02
-1.680422689516164192e-01
-2.363220739050084507e-01
-2.991392850538199255e-01
-3.567799611428522644e-01
-4.095322802398901341e-01
-4.576811291029250217e-01
-5.015037303507305921e-01
-5.412662438055014791e-01
-5.772212550421950139e-01
-6.096060162732603871e-01
-6.386413173430736112e-01
-6.645308547412576150e-01
-6.874609717579794887e-01
-7.076006779797761048e-01
-7.251018637804026445e-01
-7.400996465500249144e-01
-7.527127949897034487e-01
-7.630441947906597688e-01
-7.711813286305417847e-01
-7.771967504341433797e-01
-7.811485348688222974e-01
-7.830806928217708407e-01
-7.830235456602623323e-01
-7.809940535460589972e-01
-7.769960964316668939e-01
-7.710207084347865392e-01
-7.630462692168621386e-01
-7.530386577804447645e-01
-7.409513772012411570e-01
-7.267256640924348865e-01
-7.102905969127871755e-01
-6.915632216442761937e-01
-6.704487163169248198e-01
-6.468406208329446905e-01
-6.206211563522811003e-01
-5.916616629947746286e-01
-5.598231770281346664e-01
-5.249571623596636094e-01
-4.869064051498339651e-01
-4.455060692247021503e-01
-4.005848923667893469e-01
-3.519665194517597739e-01
-2.994709754292853021e-01
-2.429163340117068137e-01
-1.821207329779322148e-01
-1.169049988791808076e-01
-4.709629777092937813e-02
2.746666407372555518e-02
1.069263427062873556e-01
1.913965561796099613e-01
2.809501503654008303e-01
3.756046526250961248e-01
4.753070842419134800e-01
5.799194865613918060e-01
6.892065459994898280e-01
8.028257674204637429e-01
9.203191393250592656e-01
1.041103880877946475e+00
1.164459623958448375e+00
1.289510922396311488e+00
1.415206861319270759e+00
1.540302081529961953e+00
1.663343622675582889e+00
1.782665795382427865e+00
1.896392736222960451e+00
2.002447709446321333e+00
2.098569572432692265e+00
2.182337740527723557e+00
2.251205909751043510e+00
2.302544312660962156e+00
2.333691953288668408e+00
2.342022344989413973e+00
2.325025973471320118e+00
2.280408931492023505e+00
2.206202507055574635e+00
2.100876573633543298e+00
1.963451129175492360e+00
1.793603711368911613e+00
1.591770985173621700e+00
1.359238584349897527e+00
1.098207888421267819e+00
8.118262807093483691e-01
5.041693052423160681e-01
1.801668728431168875e-01
-1.545298956368975907e-01
-4.937385174755416495e-01
-8.309810696443625799e-01
-1.159747754023996436e+00
-1.473764603873138457e+00
-1.767240987976621325e+00
-2.035076307215191171e+00
-2.273012609563791475e+00
-2.477728578049013919e+00
-2.646877650251262093e+00
-2.779077250804312005e+00
-2.873858082366199440e+00
-2.931584052619481628e+00
-2.953354840361593681e+00
-2.940902028986868366e+00
-2.896485019599809974e+00
-2.822786881738562847e+00
-2.722806850200110595e+00
-2.599747391352972503e+00
-2.456903769346334698e+00
-2.297574874265873035e+00
-2.125002910200305184e+00
-1.942322272758991719e+00
-1.752498588425264181e+00
-1.558272643011514802e+00
-1.362135492510848422e+00
-1.166329073281243689e+00
-9.728434611777097007e-01
-7.834017520137660506e-01
-5.994521804832556588e-01
-4.221829839076516877e-01
-2.525497717829416344e-01
-9.129619147764699016e-02
6.103649977278727962e-02
2.041005322971222447e-01
3.377242917587008342e-01
4.618874287015982683e-01
5.766946326244359877e-01
6.823523561374285062e-01
7.791490358797357185e-01
8.674377032666525933e-01
9.476202874250522212e-01
1.020133692410184700e+00
1.085437930606938384e+00
1.144006307502041464e+00
