2.291204494405137737e+00
2.342383697366204220e+00
2.376123379747322684e+00
2.393663656374990456e+00
2.396335672731553679e+00
2.385528709155837035e+00
2.362660145328196570e+00
2.329149320254394695e+00
2.286395371713340730e+00
2.235758549380543858e+00
2.178544372390745831e+00
2.115990277941392605e+00
2.049254741230038146e+00
1.979408993233406466e+00
1.907431457087011673e+00
1.834204913347549537e+00
1.760516253162613953e+00
1.687058535038265417e+00
1.614434958816316934e+00
1.543164316806908687e+00
1.473687483585075286e+00
1.406374533100428925e+00
1.341532136914861395e+00
1.279410959386935609e+00
1.220212831884230020e+00
1.164097555234609338e+00
1.111189228102777760e+00
1.061582048126913147e+00
1.015345561419838338e+00
9.725293640671229811e-01
9.331672752989229602e-01
8.972810110358599989e-01
8.648833957092351143e-01
8.359811507528462915e-01
8.105772986301965632e-01
7.886732196611477841e-01
7.702703965619842608e-01
7.553718771181433533e-01
7.439834803984327616e-01
7.361147693774391376e-01
7.317798053942333736e-01
7.309976960707359472e-01
7.337929427561172835e-01
7.401955878628482255e-01
7.502411567106521684e-01
7.639703824563693901e-01
7.814286959004134170e-01
8.026654559606867245e-01
8.277328892015290984e-01
8.566846997945229969e-01
8.895743038846601891e-01
9.264526337465649464e-01
9.673654532675131090e-01
1.012350114984250427e+00
1.061431688209342861e+00
1.114618383295325588e+00
1.171896196796600620e+00
1.233222707579221034e+00
1.298519970174986771e+00
1.367666471086459445e+00
1.440488146414787396e+00
1.516748515722101454e+00
1.596138048728619863e+00
1.678262975526449985e+00
1.762633854440591730e+00
1.848654340430093468e+00
1.935610719666561064e+00
2.022662902527204043e+00
2.108837637354270100e+00
2.193024738464645296e+00
2.273977055287307092e+00
2.350314753709431326e+00
2.420534236841462850e+00
2.483021731521018349e+00
2.536071338946206843e+00
2.577907233988871116e+00
2.606709707043529001e+00
2.620644977688559862e+00
2.617899060989353099e+00
2.596716257509676495e+00
2.555442806272994805e+00
2.492575438894307549e+00
2.406812261706272160e+00
2.297100156454787712e+00
2.162671844847175784e+00
2.003071238911006358e+00
1.818178727701885711e+00
1.608254465646463016e+00
1.373995145249387040e+00
1.116570198795176605e+00
8.376302649666195199e-01
5.393130660243868890e-01
2.242327272930229598e-01
-1.045481789475105616e-01
-4.435690546500631881e-01
-7.890186092058633083e-01
-1.136711330176228385e+00
-1.482163291684433171e+00
-1.820756027879594230e+00
-2.147826890849702686e+00
-2.458715794259030307e+00
-2.748861755615463753e+00
-3.013961499577462178e+00
-3.250068503079779791e+00
-3.453619045068667681e+00
-3.621505284552230641e+00
-3.751200801051267852e+00
-3.840854211596150147e+00
-3.889327444919933985e+00
-3.896212983845956046e+00
-3.861854022671306286e+00
-3.787362071739917013e+00
-3.674617016203255204e+00
-3.526241430954015321e+00
-3.345547137324150100e+00
-3.136452845640089304e+00
-2.903373079326650785e+00
-2.651082684868533601e+00
-2.384563848747495385e+00
-2.108841815601212755e+00
-1.828815254334780205e+00
-1.549090781735894318e+00
-1.273836746819532850e+00
-1.006673182509049580e+00
-7.506091167195619862e-01
-5.080270730176652538e-01
-2.807042733414483182e-01
-6.985619443187170152e-02
1.238091020514632684e-01
3.000319441555562294e-01
4.589392523098304588e-01
6.009804441804432740e-01
7.268621170382695285e-01
8.374839009859602612e-01
9.338785477748519082e-01
1.017158966121681107e+00
1.088473866805410584e+00
1.148972421633429608e+00
1.199777340018178373e+00
1.241965244096357557e+00
1.276553097430247252e+00
1.304489525918309356e+00
1.326650015311765296e+00
1.343835136893734905e+00
1.356771082237133053e+00
1.366111912598467759e+00
1.372443009553046656e+00
1.376285311643808740e+00
1.378099997452884251e+00
1.378293356122253011e+00
1.377221651319359808e+00
1.375195843698483911e+00
1.372486077280785866e+00
1.369325875286988570e+00
1.365916010053016327e+00
1.362428036237220752e+00
1.359007485806877025e+00
1.355776730892321869e+00
1.352837525269406260e+00
1.350273240930558671e+00
1.348150816369382721e+00
1.346522429327381198e+00
1.345426912820677057e+00
1.344890928068181113e+00
1.344929907345665754e+00
1.345548779051006782e+00
1.346742484504272364e+00
1.348496294950953356e+00
1.350785934780614150e+00
1.353577515045767843e+00
1.356827279884184501e+00
1.360481166784555995e+00
1.364474176747437317e+00
1.368729556418732951e+00
1.373157786647231760e+00
1.377655374090406726e+00
1.382103444600237152e+00
1.386366141135071395e+00
1.390288825782455495e+00
1.393696095831930881e+00
1.396389625396992518e+00
1.398145853938897121e+00
1.398713543331876474e+00
1.397811234212670728e+00
1.395124631859402831e+00
1.390303955878074760e+00
1.382961283325966795e+00
1.372667921603629715e+00
1.358951857834884480e+00
1.341295356199160516e+00
1.319132831032240771e+00
1.291849210427116645e+00
1.258779129037243649e+00
1.219207440501224093e+00
1.172371698515564109e+00
1.117467371505388662e+00
1.053656604409340503e+00
9.800812510320858761e-01
8.958806904182884390e-01
8.002146227158648539e-01
6.922907251059513545e-01
5.713968098038454402e-01
4.369370537191243353e-01
2.884719386497423543e-01
1.257615893006313046e-01
-5.118800430730116591e-02
-2.420770142207675224e-01
-4.462642112885687462e-01
-6.627231109640401296e-01
-8.900058138295826593e-01
-1.126218471045419278e+00
-1.369011768212480940e+00
-1.615589408187670273e+00
-1.862737703240349152e+00
-2.106879687082826358e+00
-2.344156251485620235e+00
-2.570533511173120456e+00
-2.781930628924918825e+00
-2.974357436783850783e+00
-3.144048795859891055e+00
-3.287583679639831669e+00
-3.401980000804800675e+00
-3.484760390469598512e+00
-3.533990321835633885e+00
-3.548297495857242634e+00
-3.526884617469482563e+00
-3.469541055063796176e+00
-3.376647182173391659e+00
-3.249162734468040714e+00
-3.088599783851516900e+00
-2.896984188723693787e+00
-2.676802637176517230e+00
-2.430944016889529991e+00
-2.162657437519471593e+00
-1.875508657834526360e+00
-1.573298045115147481e+00
-1.259966310322278904e+00
-9.395124766918211412e-01
-6.159138836758621949e-01
-2.930643326251417546e-01
2.529100062605198207e-02
3.356330035428861103e-01
6.347143293241500617e-01
9.195881350864196779e-01
1.187646737163542854e+00
1.436665017720299087e+00
1.664823407261486921e+00
1.870705397757319588e+00
2.053292859304912010e+00
2.211959401918351720e+00
2.346450276297080251e+00
2.456854653184066706e+00
2.543579258131737575e+00
2.607322078471964399e+00
2.649041838987890252e+00
2.669922261836894073e+00
2.671333085821291142e+00
2.654790522483685411e+00
2.621919128779970354e+00
2.574416074398511167e+00
2.514018009090187356e+00
2.442470094118608603e+00
2.361496764955637762e+00
2.272774280949992232e+00
2.177905665877315489e+00
2.078398982591232347e+00
1.975649893610398777e+00
1.870929181996010549e+00
1.765375436427411904e+00
1.659992658492489115e+00
1.555652159201874607e+00
1.453097924835043298e+00
1.352954540928938298e+00
1.255736813658448803e+00
1.161860344133218037e+00
1.071652456429114997e+00
9.853630297910955793e-01
9.031749222938997290e-01
8.252137788719072775e-01
7.515571019123867824e-01
6.822425240874103736e-01
6.172752676356970669e-01
5.566348030458042606e-01
5.002807415464929353e-01
4.481580078844502046e-01
4.002013477092562499e-01
3.563392270543563889e-01
3.164971846376090636e-01
2.806006959006384638e-01
2.485776055886007863e-01
2.203601832524080262e-01
1.958868526544512434e-01
1.751036394271824059e-01
1.579653777755751498e-01
1.444367127447257759e-01
1.344929270234557772e-01
1.281206176921148299e-01
1.253182419067622178e-01
1.260965444937618696e-01
1.304788750980856171e-01
1.385013965761763000e-01
1.502131800013294383e-01
1.656761749507948411e-01
1.849650367378877780e-01
2.081667843670714502e-01
2.353802545396120882e-01
2.667153082391847119e-01
3.022917375315863908e-01
3.422378075616150372e-01
3.866883606344058144e-01
4.357823961502540477e-01
4.896600295482489984e-01
5.484587255134473205e-01
6.123086905032584237e-01
6.813273055169953851e-01
7.556124803295483083e-01
8.352348158445183079e-01
9.202284777756408740e-01
1.010580710500096346e+00
1.106219962442277271e+00
1.207002653168292028e+00
1.312698687902394967e+00
1.422975929377447324e+00
1.537383962815906946e+00
1.655337636634526710e+00
1.776101045371702103e+00
1.898772797322571870e+00
2.022273616232669102e+00
2.145337516019395707e+00
2.266507960365533592e+00
2.384140477860313911e+00
2.496413115280002870e+00
2.601345777374317159e+00
2.696828804547168890e+00
2.780660005705450910e+00
2.850588078782926971e+00
2.904359385795903581e+00
2.939765063238255927e+00
2.954686824384122890e+00
2.947142231320976524e+00
2.915332151300060737e+00
2.857692621397264432e+00
2.772949345942874011e+00
2.660167598600018835e+00
2.518789161358937267e+00
2.348654877354459991e+00
2.150022917254465149e+00
1.923599132917517940e+00
1.670586746000407352e+00
1.392733538922649839e+00
1.092329900543092425e+00
7.721557169401905840e-01
4.354353544485667360e-01
8.581124550253878269e-02
-2.726896803626928656e-01
-6.357318832845302303e-01
-9.987446813425323588e-01
-1.357005942696895451e+00
-1.705787264371184664e+00
-2.040443349927282046e+00
-2.356478114816349390e+00
-2.649623902692811672e+00
-2.915952788065470980e+00
-3.151980994168593231e+00
-3.354717870276392677e+00
-3.521712813593075531e+00
-3.651119938953607313e+00
-3.741742775122200548e+00
-3.793050392177530039e+00
-3.805181681309378838e+00
-3.778944393528377521e+00
-3.715804038718478530e+00
-3.617858134622413679e+00
-3.487794877776559943e+00
-3.328834938560564449e+00
-3.144652936546798117e+00
-2.939275949351962680e+00
-2.716960248689547441e+00
-2.482052224507874882e+00
-2.238843551921386066e+00
-1.991433019518579872e+00
-1.743607202120231348e+00
-1.498748817641061493e+00
-1.259776802858273870e+00
-1.029117587060148331e+00
-8.087037140403058322e-01
-5.999942340633769300e-01
-4.040107154981049109e-01
-2.213830165045506670e-01
-5.239986481927583206e-02
1.029395004904742061e-01
2.448751135839316306e-01
3.738389100811511656e-01
4.904109408536316272e-01
5.952795544478681755e-01
6.892058641134504171e-01
7.729927937656844161e-01
8.474588965428530019e-01
9.134170382733918236e-01
9.716577673678330473e-01
1.022937034894016550e+00
1.067967746509451477e+00
1.107414539830935851e+00
1.141891155695774041e+00
1.171959802075389856e+00
1.198131977969099760e+00
1.220870307318422165e+00
1.240591030438288112e+00
1.257666871405758169e+00
1.272430080176612632e+00
1.285175505598759482e+00
1.296163593474911835e+00
1.305623247768241013e+00
1.313754512106632966e+00
1.320731047303850714e+00
1.326702390751341776e+00
1.331795995931778220e+00
1.336119052836794996e+00
1.339760092477632947e+00
1.342790382727875764e+00
1.345265122245381084e+00
1.347224439888511149e+00
1.348694206814788688e+00
1.349686668440669202e+00
1.350200902231544875e+00
1.350223106632170822e+00
1.349726725940628924e+00
1.348672414223168303e+00
1.347007841625172286e+00
1.344667345206198572e+00
1.341571426101885844e+00
1.337626095065325815e+00
1.332722067356003626e+00
1.326733811130457408e+00
1.319518454223814974e+00
1.310914554375472330e+00
1.300740745567894319e+00
1.288794273350589936e+00
1.274849445847746177e+00
1.258656024431267229e+00
1.239937594808917076e+00
1.218389974188692992e+00
1.193679713342350013e+00
1.165442775386522190e+00
1.133283497393831940e+00
1.096773949947920546e+00
1.055453857676293294e+00
1.008831259896763477e+00
9.563841497689239413e-01
8.975633667721494291e-01
8.317970832154251148e-01
7.584972749904013156e-01
6.770686194823858362e-01
5.869202777671754800e-01
4.874809888016289339e-01
3.782178113628891780e-01
2.586586695160493776e-01
1.284186400385692595e-01
-1.277033246534474940e-02
-1.650268910350634333e-01
-3.282857610455092168e-01
-5.022623612180728836e-01
-6.864178324410724619e-01
-8.799261308061263609e-01
-1.081645193046161024e+00
-1.290094528425812292e+00
-1.503441751332491805e+00
-1.719500626990193792e+00
-1.935743137094160460e+00
-2.149327779779933500e+00
-2.357146181315895817e+00
-2.555889427910749578e+00
-2.742133784334813917e+00
-2.912442111538137812e+00
-3.063472883590247609e+00
-3.192085034913684005e+00
-3.295426794058478048e+00
-3.371002003723940099e+00
-3.416716080862659766e+00
-3.430910150598796893e+00
-3.412390869879742272e+00
-3.360456733757011261e+00
-3.274916772167899559e+00
-3.156098808277259415e+00
-3.004846394793762254e+00
-2.822503656500004787e+00
-2.610892585933388688e+00
-2.372294197811946059e+00
-2.109427035608636647e+00
-1.825395229009861842e+00
-1.523620598601176379e+00
-1.207794638424966704e+00
-8.818098891455302679e-01
-5.496569145901142317e-01
-2.153547252963323722e-01
1.171020665115735521e-01
4.438260282830187031e-01
7.611206972108335300e-01
1.065529627660356748e+00
1.353875703367439121e+00
