1.045443676868059946e+00
1.082549764487104715e+00
1.117771180038601875e+00
1.151115499321297531e+00
1.182630429156993790e+00
1.212394643862922061e+00
1.240506958771206092e+00
1.267076061895966888e+00
1.292213168595859329e+00
1.316027662335409687e+00
1.338624298610603169e+00
1.360100881929905414e+00
1.380546263480904257e+00
1.400039010938751272e+00
1.418647029705114582e+00
1.436428103744740836e+00
1.453431077831631502e+00
1.469697333030989483e+00
1.485262270703048726e+00
1.500156634823641699e+00
1.514407599387208592e+00
1.528039621510670409e+00
1.541075093443738941e+00
1.553534839686960378e+00
1.565438495111810546e+00
1.576804789486697223e+00
1.587651754413565097e+00
1.597996861675288871e+00
1.607857101423001422e+00
1.617249011630909949e+00
1.626188672133410673e+00
1.634691677167003920e+00
1.642773097802227467e+00
1.650447443210794285e+00
1.657728626322175547e+00
1.664629936798059706e+00
1.671164022060238619e+00
1.677342875660055022e+00
1.683177831423003035e+00
1.688679561799887985e+00
1.693858078765961173e+00
1.698722736154527846e+00
1.703282232443702249e+00
1.707544613319383453e+00
1.711517273934215932e+00
1.715206960411738812e+00
1.718619770715413386e+00
1.721761155045860692e+00
1.724635915655230667e+00
1.727248206197462999e+00
1.729601530819984800e+00
1.731698743035718691e+00
1.733542044267384785e+00
1.735132982234788512e+00
1.736472449066403412e+00
1.737560679175070177e+00
1.738397246885829528e+00
1.738981063787933490e+00
1.739310375797432195e+00
1.739382759937147194e+00
1.739195120859670984e+00
1.738743687195701160e+00
1.738024007785748060e+00
1.737030947933465796e+00
1.735758685837370141e+00
1.734200709411716002e+00
1.732349813763066848e+00
1.730198099541734313e+00
1.727736972546933369e+00
1.724957144871352988e+00
1.721848637891363776e+00
1.718400787628060700e+00
1.714602252476146838e+00
1.710441023418072248e+00
1.705904436854886796e+00
1.700979189605778208e+00
1.695651355333507970e+00
1.689906401633029187e+00
1.683729206123402156e+00
1.677104070090587040e+00
1.670014727941408594e+00
1.662444351093708583e+00
1.654375545645059287e+00
1.645790344680365891e+00
1.636670197692595030e+00
1.626995961863432871e+00
1.616747901336881066e+00
1.605905702236086752e+00
1.594448508039112200e+00
1.582354971795090215e+00
1.569603308315302037e+00
1.556171303695770725e+00
1.542036213539022205e+00
1.527174448679172292e+00
1.511560946857166909e+00
1.495168159304953726e+00
1.477964648284374016e+00
1.459913367910819826e+00
1.440969750069992505e+00
1.421079714321281884e+00
1.400177704950504642e+00
1.378184885410280724e+00
1.355007736565216225e+00
1.330537506974377893e+00
1.304651079734423735e+00
1.277213571803595515e+00
1.248082318402564894e+00
1.217111576381206595e+00
1.184158624169981522e+00
1.149094316927560477e+00
1.111820218209625954e+00
1.072288463662606439e+00
1.030518048361232619e+00
9.866067323820967294e-01
9.407425260939261680e-01
8.932163333490404922e-01
8.444209718576645152e-01
7.948271146255938557e-01
7.449533438219981818e-01
6.953322571255063922e-01
6.464774616704511701e-01
5.988521309442821350e-01
5.528374319479351096e-01
5.087117310621978028e-01
4.666501381450914865e-01
4.267364848482516071e-01
3.889754064333152961e-01
3.533068475704896905e-01
3.196247055961409789e-01
2.877952211629798418e-01
2.576724230391367887e-01
2.291098892035777768e-01
2.019684702873411619e-01
1.761205982953881199e-01
1.514526213121110132e-01
1.278662613691223249e-01
1.052793296801961681e-01
8.362532380788482989e-02
6.285176412033631477e-02
4.291761425119765272e-02
2.379038602468379338e-02
5.443466875873950728e-03
-1.214601858276134760e-02
-2.899873075463913624e-02
-4.513409196275625090e-02
-6.057085143031621516e-02
-7.532736404687193077e-02
-8.942168472021180814e-02
-1.028715603538190304e-01
-1.156943853533591027e-01
-1.279071662858096703e-01
-1.395265190950906176e-01
-1.505686977581889296e-01
-1.610496406131047276e-01
-1.709850202051038659e-01
-1.803902845843908254e-01
-1.892806844982643233e-01
-1.976712824395445434e-01
-2.055769462178735074e-01
-2.130123282428477705e-01
-2.199918344877732634e-01
-2.265295863043384761e-01
-2.326393789166324999e-01
-2.383346396604087425e-01
-2.436283887114595037e-01
-2.485332035369074155e-01
-2.530611884347983565e-01
-2.572239489768662346e-01
-2.610325713932027392e-01
-2.644976065475462268e-01
-2.676290576588400416e-01
-2.704363712811175269e-01
-2.729284308999636588e-01
-2.751135527389756974e-01
-2.769994830771423944e-01
-2.785933966371239023e-01
-2.799018960116708143e-01
-2.809310117462041068e-01
-2.816862028398544049e-01
-2.821723576714972870e-01
-2.823937951201729302e-01
-2.823542657895769525e-01
-2.820569532770624277e-01
-2.815044754887657263e-01
-2.806988859089537547e-01
-2.796416747748242670e-01
-2.783337701294875677e-01
-2.767755387056843319e-01
-2.749667865999028682e-01
-2.729067597580647209e-01
-2.705941442712350153e-01
-2.680270662827619610e-01
-2.652030917487587236e-01
-2.621192258766996130e-01
-2.587719120698961928e-01
-2.551570305306523623e-01
-2.512698964431476778e-01
-2.471052577246813931e-01
-2.426572919789094507e-01
-2.379196028660606199e-01
-2.328852158863086719e-01
-2.275465734257983152e-01
-2.218955293596362455e-01
-2.159233436650949689e-01
-2.096206776288750406e-01
-2.029775908637181381e-01
-1.959835416153785925e-01
-1.886273924323333406e-01
-1.808974234559958816e-01
-1.727813561589904567e-01
-1.642663891057789816e-01
-1.553392471238169148e-01
-1.459862423055853231e-01
-1.361933430991045801e-01
-1.259462440107270431e-01
-1.152304257921262787e-01
-1.040311944602348576e-01
-9.233368875292859157e-02
-8.012285108748415374e-02
-6.738336481122678134e-02
-5.409956930656791702e-02
-4.025537304593123505e-02
-2.583418655394421198e-02
-1.081888568527201999e-02
4.808210913189933655e-03
2.106541323216173933e-02
3.797189715429770407e-02
5.554826573268345502e-02
7.381758135558215417e-02
9.280692443732699304e-02
1.125493847531535696e-01
1.330862266888016565e-01
1.544688742238243262e-01
1.767603708193521417e-01
2.000360693347428276e-01
2.243834314667109697e-01
2.499009076740256741e-01
2.766958919861492450e-01
3.048817790819713935e-01
3.345741900417342207e-01
3.658860929450002408e-01
3.989205167783191341e-01
4.337590063746377123e-01
4.704467923688299136e-01
5.089807615680740360e-01
5.493039965814514591e-01
5.912994806159765915e-01
6.347777334594739695e-01
6.794716402886500362e-01
7.250496894469422582e-01
7.711358117255867617e-01
8.173242049730101710e-01
8.632007972546275054e-01
9.083715115625389247e-01
9.524801346178061179e-01
9.952240030866937870e-01
1.036372052326222981e+00
1.075770201945171589e+00
1.113331429902917558e+00
1.149024901244467101e+00
1.182870629638941073e+00
1.214931828434001160e+00
1.245301279470496514e+00
1.274087436120021621e+00
1.301404925990186312e+00
1.327368854982312607e+00
1.352090703281565665e+00
1.375674839254010795e+00
1.398215790499062638e+00
1.419796556483814198e+00
1.440487995741802418e+00
1.460349145143390537e+00
1.479428276160605682e+00
1.497764484456572731e+00
1.515389587632672619e+00
1.532330072483303995e+00
1.548608836314066650e+00
1.564246544305681219e+00
1.579262537416868506e+00
1.593675341215282870e+00
1.607502892917318960e+00
1.620762611993636026e+00
1.633471411354779468e+00
1.645645707386072853e+00
1.657301453710936956e+00
1.668454197706116471e+00
1.679119146544477470e+00
1.689311227155597450e+00
1.699045126375651193e+00
1.708335303355131174e+00
1.717195973014625787e+00
1.725641065055763645e+00
1.733684167310449720e+00
1.741338461734230236e+00
1.748616661537714556e+00
1.755530955199855025e+00
1.762092960797198016e+00
1.768313692134363180e+00
1.774203536087463950e+00
1.779772240109067427e+00
1.785028907577419055e+00
1.789981999228482668e+00
1.794639338524648409e+00
1.799008119380865356e+00
1.803094915075980076e+00
1.806905687272763128e+00
1.810445794541091225e+00
1.813720000019665601e+00
1.816732478102293991e+00
1.819486819784445819e+00
1.821986037002450320e+00
1.824232565865810729e+00
1.826228269036910712e+00
1.827974437223444548e+00
1.829471789873856391e+00
1.830720475254606461e+00
1.831720070030034009e+00
1.832469578442704305e+00
1.832967431065235964e+00
1.833211483217802806e+00
1.833199013181677550e+00
1.832926720217572081e+00
1.832390722442919007e+00
1.831586554660250998e+00
1.830509166251482522e+00
1.829152919053407045e+00
1.827511585494304480e+00
1.825578347129053869e+00
1.823345793669355119e+00
1.820805922679020528e+00
1.817950140185577990e+00
1.814769262724992060e+00
1.811253520948709728e+00
1.807392565423087127e+00
1.803175474843151660e+00
1.798590767370919163e+00
1.793626415543619679e+00
1.788269864998245140e+00
1.782508057305964622e+00
1.776327456976357633e+00
1.769714082002905142e+00
1.762653537491272182e+00
1.755131050959637617e+00
1.747131507664773986e+00
1.738639483741850400e+00
1.729639275154054356e+00
1.720114919956302613e+00
1.710050211483404192e+00
1.699428700275922077e+00
1.688233684078770391e+00
1.676448187170661575e+00
1.664054932572681222e+00
1.651036314722184706e+00
1.637374378953031062e+00
1.623050809683571627e+00
1.608046919659864571e+00
1.592343614868899859e+00
1.575921293084409314e+00
1.558759601113049786e+00
1.540836932927535541e+00
1.522129508907439144e+00
1.502609873761189707e+00
1.482244734948802600e+00
1.460992257662449001e+00
1.438799180521664445e+00
1.415598307677756296e+00
1.391306913694738689e+00
1.365826297023964075e+00
1.339042318723200786e+00
1.310826702276858491e+00
1.281039423471353578e+00
1.249533187044289173e+00
1.216160901439260256e+00
1.180786486045644956e+00
1.143299519138688547e+00
1.103634066494904920e+00
1.061788224514534473e+00
1.017838704231403879e+00
9.719526976147114805e-01
9.244002440225227435e-01
8.755560357778646718e-01
8.258808263011857553e-01
7.758888471539368004e-01
7.261158916689383069e-01
6.770864215864382807e-01
6.292802036386100362e-01
5.831007214400167893e-01
5.388491564865363070e-01
4.967223073337057038e-01
4.568244671958653913e-01
4.191792722556870743e-01
3.837416045011660115e-01
3.504141336780636218e-01
3.190678245495353060e-01
2.895592514006456453e-01
2.617412841677959623e-01
2.354697478335538718e-01
2.106087091414868551e-01
1.870345987427181611e-01
1.646386093992138477e-01
1.433273805269767998e-01
1.230224616398219312e-01
1.036590393814684624e-01
8.518420357140399357e-02
6.755490308148302814e-02
5.073574477229926549e-02
3.469684031229555710e-02
1.941191895043073434e-02
4.856873943495154666e-03
-8.991197444094684021e-03
-2.215451451041895725e-02
-3.465481721112015356e-02
-4.651339139911879472e-02
-5.775102630880642879e-02
-6.838796955687781454e-02
-7.844390685730433244e-02
-8.793796979542951864e-02
-9.688876194316285717e-02
-1.053143918350400998e-01
-1.132325017769343078e-01
-1.206602859527535487e-01
-1.276144955661536462e-01
-1.341114310429991907e-01
-1.401669237255531164e-01
-1.457963100392036804e-01
-1.510144015638066883e-01
-1.558354543857859986e-01
-1.602731395580169194e-01
-1.643405167500014974e-01
-1.680500116476899841e-01
-1.714133978085606302e-01
-1.744417827776304775e-01
-1.771455980927073293e-01
-1.795345928485549414e-01
-1.816178302502730879e-01
-1.834036864963257130e-01
-1.848998515125552522e-01
-1.861133309898211075e-01
-1.870504493710004879e-01
-1.877168533782148929e-01
-1.881175157542236687e-01
-1.882567389843710359e-01
-1.881381588411913941e-01
-1.877647476012422045e-01
-1.871388168495188020e-01
-1.862620198014818540e-01
-1.851353531421291720e-01
-1.837591584286900614e-01
-1.821331231054718891e-01
-1.802562812108539914e-01
-1.781270139001965291e-01
-1.757430499386798683e-01
-1.731014663711724633e-01
-1.701986895352553819e-01
-1.670304965668013564e-01
-1.635920176021582184e-01
-1.598777387119799387e-01
-1.558815058657646579e-01
-1.515965297279646407e-01
-1.470153911871111829e-01
-1.421300475020064180e-01
-1.369318387373179846e-01
-1.314114938106059893e-01
-1.255591359141813024e-01
-1.193642864854717323e-01
-1.128158675383996307e-01
-1.059022021469432639e-01
-9.861101356018665831e-02
-9.092942385775168446e-02
-8.284395427477425633e-02
-7.434052983700353834e-02
-6.540449111126282744e-02
-5.602061555974785501e-02
-4.617314923253019315e-02
-3.584584663910122398e-02
-2.502201256118930656e-02
-1.368453304417703575e-02
-1.815878550798760704e-03
1.060194140381988392e-02
2.358749298727205734e-02
3.716012079249640665e-02
5.134025831377686533e-02
6.614986726678587226e-02
8.161302920202380407e-02
9.775671726127671546e-02
1.146117766004764588e-01
1.322141284070048883e-01
1.506061788344712216e-01
1.698383604658554313e-01
1.899706364867633779e-01
2.110736698339234774e-01
2.332292765918741739e-01
2.565298416745932508e-01
2.810766582528903546e-01
3.069775408056766297e-01
3.343441630847004964e-01
3.632889173754683121e-01
3.939198822041234949e-01
4.263322112866736457e-01
4.605965131323797590e-01
