7.911972849226007742e-01
7.922415014706610803e-01
7.936518955995264246e-01
7.954284711240996453e-01
7.975722818374016976e-01
8.000854170798680220e-01
8.029709855340757541e-01
8.062330964968488223e-01
8.098768381672992733e-01
8.139082515642054316e-01
8.183342986435464539e-01
8.231628232779064636e-01
8.284025031364629088e-01
8.340627909271901563e-01
8.401538419706430227e-01
8.466864265848714766e-01
8.536718257538284949e-01
8.611217077767940875e-01
8.690479867607820985e-01
8.774626639797061811e-01
8.863776548109367770e-01
8.958046078472204909e-01
9.057547223642697931e-01
9.162385729140325452e-01
9.272659471145272558e-01
9.388456982376435223e-01
9.509856040508124497e-01
9.636922109381091950e-01
9.769706292700348627e-01
9.908242396254359763e-01
1.005254280117099386e+00
1.020259317942543875e+00
1.035834664190094179e+00
1.051971857344389027e+00
1.068658382456930900e+00
1.085877767989680498e+00
1.103610092191258829e+00
1.121832785108460850e+00
1.140521498268422640e+00
1.159650826988748218e+00
1.179194810318757058e+00
1.199127314553090518e+00
1.219422503596794494e+00
1.240055558640932976e+00
1.261003677108815779e+00
1.282247224984241374e+00
1.303770828748846311e+00
1.325564169305765150e+00
1.347622268449311544e+00
1.369945165132808507e+00
1.392537048574969072e+00
1.415405119245247922e+00
1.438558550670385960e+00
1.462007827040885832e+00
1.485764489216383044e+00
1.509841095649181231e+00
1.534251177306102054e+00
1.559009171113510339e+00
1.584130596808570601e+00
1.609632833249281525e+00
1.635536587098030736e+00
1.661867719146842726e+00
1.688658844108354762e+00
1.715950161280660025e+00
1.743789113535438862e+00
1.772228602904236894e+00
1.801323823268861979e+00
1.831128365803500024e+00
1.861690387898096155e+00
1.893048643134285447e+00
1.925227168731681537e+00
1.958228666097698856e+00
1.992029232171655062e+00
2.026576370425979601e+00
2.061787622969232014e+00
2.097547183044888186e+00
2.133705129578052695e+00
2.170085407635887975e+00
2.206498851527975091e+00
2.242751577089103332e+00
2.278646282164150882e+00
2.313983809366077171e+00
2.348572375940632284e+00
2.382242218137023748e+00
2.414855209772561739e+00
2.446303679537604747e+00
2.476504453844798892e+00
2.505396052093902703e+00
2.532939142978721137e+00
2.559116819175830226e+00
2.583933518571799315e+00
2.607412480793070308e+00
2.629591369437938475e+00
2.650516818813309250e+00
2.670239835663947847e+00
2.688813328738569819e+00
2.706291423344129310e+00
2.722729387441809479e+00
2.738183284892005354e+00
2.752709153432321365e+00
2.766361948724172404e+00
2.779194559973063416e+00
2.791257094144845130e+00
2.802596471186986182e+00
2.813256283457405083e+00
2.823276837200066502e+00
2.832695298520849114e+00
2.841545886602062421e+00
2.849860078508408279e+00
2.857666807027523515e+00
2.864992643544189477e+00
2.871861964271520851e+00
2.878297100759835025e+00
2.884318476639744944e+00
2.889944732145829143e+00
2.895192837827206489e+00
2.900078198025304754e+00
2.904614745050436486e+00
2.908815024101377045e+00
2.912690269388430231e+00
2.916250471974462410e+00
2.919504439507092819e+00
2.922459848159688178e+00
2.925123287637542813e+00
2.927500299305430431e+00
2.929595408104038956e+00
2.931412148484278557e+00
2.932953084857938375e+00
2.934219826970004164e+00
2.935213040414752506e+00
2.935932452514176116e+00
2.936376853733522196e+00
2.936544094779461211e+00
2.936431079447795245e+00
2.936033753237046628e+00
2.935347087668508603e+00
2.934365060165475825e+00
2.933080629254110061e+00
2.931485704753463040e+00
2.929571112531004662e+00
2.927326553280997334e+00
2.924740554662158321e+00
2.921800415580835697e+00
2.918492141659200456e+00
2.914800370154098097e+00
2.910708283009432851e+00
2.906197505585637053e+00
2.901247988640489606e+00
2.895837871378333706e+00
2.889943322489437083e+00
2.883538356941246494e+00
2.876594626661207244e+00
2.869081184702823251e+00
2.860964224511870491e+00
2.852206799360204936e+00
2.842768531289542100e+00
2.832605323892865012e+00
2.821669098462276093e+00
2.809907577532243295e+00
2.797264143332407027e+00
2.783677798807424164e+00
2.769083259506970318e+00
2.753411211158240945e+00
2.736588793392012775e+00
2.718540422738154216e+00
2.699189114516790777e+00
2.678458411874159673e+00
2.656274730489637470e+00
2.632569477775636546e+00
2.607280509286894254e+00
2.580354286948894682e+00
2.551752073149879951e+00
2.521460924950730043e+00
2.489503168883709261e+00
2.455937893011754358e+00
2.420858556162246433e+00
2.384393767875870651e+00
2.346710736568325739e+00
2.308019688036366368e+00
2.268573060623535920e+00
2.228648439185759500e+00
2.188523527462799656e+00
2.148464925112100410e+00
2.108729299958900683e+00
2.069555726623037550e+00
2.031145380909421316e+00
1.993646943781347325e+00
1.957158270530856337e+00
1.921734853318046055e+00
1.887394795163818806e+00
1.854122653195128922e+00
1.821876875225232117e+00
1.790598991398203665e+00
1.760221012183246447e+00
1.730670891194371119e+00
1.701877488112003567e+00
1.673775017140069155e+00
1.646305842013946696e+00
1.619421210184736726e+00
1.593080634930585271e+00
1.567250775948839214e+00
1.541904169919684264e+00
1.517017907258652931e+00
1.492572476072626220e+00
1.468551062909515315e+00
1.444939357606409791e+00
1.421725596444929796e+00
1.398900534567710796e+00
1.376457355350978684e+00
1.354391826722899816e+00
1.332702922725921724e+00
1.311393737276365101e+00
1.290472230118992591e+00
1.269951405762032692e+00
1.249848812713574731e+00
1.230185519062801491e+00
1.210984842889982094e+00
1.192271093781879010e+00
1.174068493660587853e+00
1.156400355654785050e+00
1.139288517784385224e+00
1.122752962522603815e+00
1.106811519551329059e+00
1.091479562202763542e+00
1.076769664187464004e+00
1.062691251781985091e+00
1.049250330257312847e+00
1.036449360674714715e+00
1.024287328939202713e+00
1.012760000315645836e+00
1.001860313368491573e+00
9.915788497559325787e-01
9.819043204637872835e-01
9.728240235057150631e-01
9.643242477719803363e-01
9.563906145765546096e-01
9.490083585368759289e-01
9.421625568667790773e-01
9.358383161398817762e-01
9.300209264043588497e-01
9.246959898775493070e-01
9.198495295706038410e-01
9.154680818791688379e-01
9.115387754620229988e-01
9.080493984963565746e-01
9.049884553670070053e-01
9.023452136150923453e-01
9.001097425012074549e-01
8.982729435330918388e-01
8.968265741818751691e-01
8.957632654214975343e-01
8.950765337220040196e-01
8.947607882125965251e-01
8.948113337000448420e-01
8.952243700475532862e-01
8.959969883733365226e-01
8.971271644521047195e-01
8.986137495987621682e-01
9.004564592129938871e-01
9.026558591357580763e-01
9.052133498380977583e-01
9.081311484843791471e-01
9.114122689783913378e-01
9.150604994520986635e-01
9.190803773777914687e-01
9.234771616102760428e-01
9.282568008357831024e-01
9.334258978757096203e-01
9.389916685262162943e-01
9.449618932459137310e-01
9.513448599160755359e-01
9.581492948170530211e-01
9.653842785376127722e-01
9.730591435212828655e-01
9.811833490852375217e-01
9.897663310158065775e-01
9.988173234025975455e-01
1.008345152541861411e+00
1.018358005646648357e+00
1.028863180097832286e+00
1.039866823083715586e+00
1.051373675684068365e+00
1.063386837898079085e+00
1.075907575530281601e+00
1.088935192193217327e+00
1.102466991280822040e+00
1.116498349542075497e+00
1.131022909390954068e+00
1.146032868829502727e+00
1.161519311247748210e+00
1.177472489667678479e+00
1.193881987503326192e+00
1.210736737513603112e+00
1.228024981579348029e+00
1.245734344930640392e+00
1.263852215017029490e+00
1.282366513010043896e+00
1.301266762821991163e+00
1.320545178764801486e+00
1.340197436124763941e+00
1.360222889036173166e+00
1.380624237440089441e+00
1.401406857305723008e+00
1.422578074162744732e+00
1.444146562493034525e+00
1.466121903176421215e+00
1.488514287835612127e+00
1.511334436765331635e+00
1.534593834605561646e+00
1.558305310129234567e+00
1.582483869626594153e+00
1.607147671927458665e+00
1.632319141630447223e+00
1.658026322431610078e+00
1.684304458020365214e+00
1.711197439228569595e+00
1.738758372469268121e+00
1.767048593713687943e+00
1.796135164920710903e+00
1.826087568292270813e+00
1.856973902045885083e+00
1.888855679856693781e+00
1.921780381702989482e+00
1.955773128941350691e+00
1.990830369675548273e+00
2.026916061900446486e+00
2.063957607376067926e+00
2.101840492819871731e+00
2.140405209689449251e+00
2.179451793856663322e+00
2.218753386166068431e+00
2.258070223523611642e+00
2.297154246804009592e+00
2.335751287469961746e+00
2.373614321941448502e+00
2.410522952549829512e+00
2.446294665323878625e+00
2.480784789275614965e+00
2.513881135319194549e+00
2.545501264798087693e+00
2.575595398216740328e+00
2.604147942160270013e+00
2.631171820128773486e+00
2.656699646092299361e+00
2.680777453859053860e+00
2.703461329175362859e+00
2.724814778102936152e+00
2.744905937771854543e+00
2.763805001812018158e+00
2.781582247679666775e+00
2.798306648693215326e+00
2.814044871016453175e+00
2.828860505141372883e+00
2.842813483175798073e+00
2.855959689171729377e+00
2.868350774601297726e+00
2.880034164055639501e+00
2.891053210179026500e+00
2.901447446660191609e+00
2.911252891975915080e+00
2.920502368008623950e+00
2.929225809845143136e+00
2.937450553351212079e+00
2.945201594142843771e+00
2.952501816448979355e+00
2.959372193029383258e+00
2.965831958291178072e+00
2.971898756745480430e+00
2.977588769923185108e+00
2.982916823976065501e+00
2.987896481000726023e+00
2.992540115895047759e+00
2.996858981325510651e+00
3.000863262447652335e+00
3.004562122630821897e+00
3.007963742248647154e+00
3.011075351034707914e+00
3.013903255008846926e+00
3.016452858783254865e+00
3.018728684033164189e+00
3.020734384071879663e+00
3.022472755326473859e+00
3.023945745672347307e+00
3.025154460006132418e+00
3.026099163193719299e+00
3.026779280493184565e+00
3.027193395512528973e+00
3.027339245798517542e+00
3.027213716127187038e+00
3.026812829556299711e+00
3.026131736306350906e+00
3.025164700501210557e+00
3.023905084805015075e+00
3.022345332983426669e+00
3.020476950412005923e+00
3.018290482524800922e+00
3.015775490915665547e+00
3.012920526925742859e+00
3.009713102014964115e+00
3.006139654411684070e+00
3.002185510915292177e+00
2.997834841715274035e+00
2.993070605981983157e+00
2.987874485171243766e+00
2.982226798944050294e+00
2.976106398768125327e+00
2.969490531679716661e+00
2.962354666827974992e+00
2.954672275619413035e+00
2.946414557995463479e+00
2.937550107585084280e+00
2.928044513450297703e+00
2.917859902423927565e+00
2.906954436501554273e+00
2.895281791110489777e+00
2.882790650712101499e+00
2.869424269716530862e+00
2.855120143441738811e+00
2.839809825996346682e+00
2.823418919221021728e+00
2.805867262857548727e+00
2.787069382850227317e+00
2.766935308221215362e+00
2.745371901263812475e+00
2.722284809110609771e+00
2.697581051259255513e+00
2.671172331463775862e+00
2.642979593645573111e+00
2.612939555245981982e+00
2.581012714651186979e+00
2.547191536247124244e+00
2.511510486369608941e+00
2.474057431722882949e+00
2.434975472745951386e+00
2.394455976864827029e+00
2.352740583469286051e+00
2.310125466274042250e+00
2.266949369436294326e+00
2.223567106247747560e+00
2.180323501135381203e+00
2.137542401370227108e+00
2.095519917661461395e+00
2.054504913568995228e+00
2.014680368762873819e+00
1.976162683608204684e+00
1.939012120719755705e+00
1.903242013528080090e+00
1.868825026886166363e+00
1.835701136372609010e+00
1.803789082390405918e+00
1.772998066419682273e+00
1.743236221874434166e+00
1.714415643128325284e+00
1.686455674485855205e+00
1.659285370232129964e+00
1.632844729725999811e+00
1.607084361707973752e+00
1.581964159313486107e+00
1.557451915038926549e+00
1.533522219080609261e+00
1.510155312831563901e+00
1.487335595478874728e+00
1.465050041229653432e+00
1.443287101804888950e+00
1.422036389422799640e+00
1.401288938594057454e+00
1.381037624131122854e+00
1.361277481494798991e+00
1.342005925856220250e+00
1.323222977327364047e+00
1.304931494141429615e+00
1.287137242331705345e+00
1.269848585236103222e+00
1.253075708824578971e+00
1.236829522779379076e+00
1.221120527989458582e+00
1.205957932384758680e+00
1.191349172416188873e+00
1.177299826845500164e+00
1.163813786168573783e+00
1.150893505715169907e+00
1.138540205828275864e+00
1.126753954231832111e+00
1.115533635804682344e+00
1.104876856919001282e+00
1.094779842947936510e+00
1.085237376181015900e+00
1.076242799991658838e+00
1.067788095351898559e+00
1.059864020234638771e+00
1.052460294152034903e+00
1.045565809499041432e+00
1.039168851552535022e+00
1.033257314459778309e+00
1.027818902465629236e+00
1.022841312506669098e+00
1.018312393979015962e+00
1.014220285685390133e+00
1.010553531644206249e+00
1.007301176705259982e+00
