1.728936943663665460e+01
1.731263001456095552e+01
1.729772514681996398e+01
1.724178651154211650e+01
1.714284359199126939e+01
1.699996995557571822e+01
1.681337737330095550e+01
1.658444712766771900e+01
1.631570057768317028e+01
1.601071904905355936e+01
1.567402071698537647e+01
1.531089931447208130e+01
1.492723726120730987e+01
1.452931505566427539e+01
1.412363175509593916e+01
1.371673490825577346e+01
1.331506076194499855e+01
1.292479985951966093e+01
1.255178307314174901e+01
1.220134630999128689e+01
1.187817750871190015e+01
1.158624059183337529e+01
1.132879851392497272e+01
1.110839207263916251e+01
1.092672186324571904e+01
1.078459759945595131e+01
1.068203162490753755e+01
1.061833681402717744e+01
1.059215552363986923e+01
1.060152590215449386e+01
1.064403127440578345e+01
1.071693026887411726e+01
1.081722278293611517e+01
1.094170262703815766e+01
1.108704534049804558e+01
1.124993315422445228e+01
1.142715340469673713e+01
1.161563377913197215e+01
1.181245590299775827e+01
1.201488165953458243e+01
1.222038448022032853e+01
1.242667307131079291e+01
1.263170671139172896e+01
1.283370420990194560e+01
1.303114623704242803e+01
1.322277005776308911e+01
1.340755708536143942e+01
1.358471496600464512e+01
1.375365639062601808e+01
1.391397654907252956e+01
1.406543050316366639e+01
1.420791124467884714e+01
1.434142885066346729e+01
1.446609096216486456e+01
1.458208471470766909e+01
1.468966020357772351e+01
1.478911554381508253e+01
1.488078355325910174e+01
1.496502005539007030e+01
1.504219377086065990e+01
1.511267772810155741e+01
1.517684210126316202e+01
1.523504835984227768e+01
1.528764460324731722e+01
1.533496193907225091e+01
1.537731176295283930e+01
1.541498380925311196e+01
1.544824483602826071e+01
1.547733782531500246e+01
1.550248159196221920e+01
1.552387070936186753e+01
1.554167566532710687e+01
1.555604318143666553e+01
1.556709664056218756e+01
1.557493657404128840e+01
1.557964117448920227e+01
1.558126680680619103e+01
1.557984849798839555e+01
1.557540039398246101e+01
1.556791617766932490e+01
1.555736944817674861e+01
1.554371406724979643e+01
1.552688448343205607e+01
1.550679604866212102e+01
1.548334535056282668e+01
1.545641058473783858e+01
1.542585199801562190e+01
1.539151244244815508e+01
1.535321808124832366e+01
1.531077929258723458e+01
1.526399182477466709e+01
1.521263826493636628e+01
1.515648988147592036e+01
1.509530890486367660e+01
1.502885132400876778e+01
1.495687026661379093e+01
1.487912004102700614e+01
1.479536092069237085e+01
1.470536474653471082e+01
1.460892143128431186e+01
1.450584644178150917e+01
1.439598932894041283e+01
1.427924335867740879e+01
1.415555625150557972e+01
1.402494197478019267e+01
1.388749344970115729e+01
1.374339593414626037e+01
1.359294076627537429e+01
1.343653914171754771e+01
1.327473570786263757e+01
1.310822199632418261e+01
1.293784995965034845e+01
1.276464578609132872e+01
1.258982310340943656e+01
1.241479258927384954e+01
1.224116284067806326e+01
1.207072776666466751e+01
1.190544216731980498e+01
1.174739745750095388e+01
1.159881230331409796e+01
1.146203695036573578e+01
1.133954707281707819e+01
1.123390433708345704e+01
1.114769018298847492e+01
1.108343556028187038e+01
1.104355752607742502e+01
1.103030613597584164e+01
1.104571859767091269e+01
1.109156204594326667e+01
1.116925787596849062e+01
1.127979845595025665e+01
1.142366588052723131e+01
1.160076879120886417e+01
1.181040378694313908e+01
1.205122721342135428e+01
1.232124022065878854e+01
1.261779707091098146e+01
1.293762195839102169e+01
1.327683398245292778e+01
1.363100466146834755e+01
1.399524349506099874e+01
1.436428236145493287e+01
1.473255698873920672e+01
1.509431092165362642e+01
1.544373381471229933e+01
1.577512050799233556e+01
1.608303488250305691e+01
1.636247547034995620e+01
1.660904428820381540e+01
1.681911183052883629e+01
1.698996178145828750e+01
1.711989742441934226e+01
1.720829647842721144e+01
1.725560741530167874e+01
1.726328680306736629e+01
1.723368431493422293e+01
1.716988871524464955e+01
1.707555101904553041e+01
1.695469987369412124e+01
1.681156204768798901e+01
1.665039940114306916e+01
1.647537121814520589e+01
1.629042571089996017e+01
1.609921871468407417e+01
1.590505473256809310e+01
1.571084668684936148e+01
1.551909360752953759e+01
1.533187696381792620e+01
1.515087495937645379e+01
1.497739120181239336e+01
1.481239217012579346e+01
1.465654816382509651e+01
1.451027415238673690e+01
1.437376861166916875e+01
1.424704940599231406e+01
1.412998623448715030e+01
1.402232953384048386e+01
1.392373616672314718e+01
1.383379240489762552e+01
1.375203454647718004e+01
1.367796718347947937e+01
1.361107890301412482e+01
1.355085521007289096e+01
1.349678864109682763e+01
1.344838625642829122e+01
1.340517487209073622e+01
1.336670447789761162e+01
1.333255028039758905e+01
1.330231374654157150e+01
1.327562293530105642e+01
1.325213233634010024e+01
1.323152235805193833e+01
1.321349857519991922e+01
1.319779080572849850e+01
1.318415207174113846e+01
1.317235749084105301e+01
1.316220312617069688e+01
1.315350483268607817e+01
1.314609712396527108e+01
1.313983208079761233e+01
1.313457832258629132e+01
1.313022005944126036e+01
1.312665623646418389e+01
1.312379978282917570e+01
1.312157697364191655e+01
1.311992691256482502e+01
1.311880114152160637e+01
1.311816338307694529e+01
1.311798941986060463e+01
1.311826711562033765e+01
1.311899658319464734e+01
1.312019050374853713e+01
1.312187460197507782e+01
1.312408828286246631e+01
1.312688543414675379e+01
1.313033539822183648e+01
1.313452411803859832e+01
1.313955545807437630e+01
1.314555269973021190e+01
1.315266020672843617e+01
1.316104525301991401e+01
1.317089999845848070e+01
1.318244359129306531e+01
1.319592436330532514e+01
1.321162207722254855e+01
1.322985017153887988e+01
1.325095792928980742e+01
1.327533248200841420e+01
1.330340054128981464e+01
1.333562972148463110e+01
1.337252929340410645e+01
1.341465016154037748e+01
1.346258379983998132e+01
1.351695980497808058e+01
1.357844160500931885e+01
1.364771974395430121e+01
1.372550202040138068e+01
1.381249967525050870e+01
1.390940881011882624e+01
1.401688642911942217e+01
1.413552090219564583e+01
1.426579724546687977e+01
1.440805822933738511e+01
1.456246253534252766e+01
1.472894069582885557e+01
1.490714822541089113e+01
1.509641441586930455e+01
1.529568630425784903e+01
1.550347086708259070e+01
1.571778282680405425e+01
1.593610709728838160e+01
1.615538241248700047e+01
1.637200871808472513e+01
1.658187888341349137e+01
1.678043653071918939e+01
1.696276455649557491e+01
1.712371023110161516e+01
1.725805056608374954e+01
1.736069550392111438e+01
1.742691817772134044e+01
1.745259450277756841e+01
1.743443217822549229e+01
1.737017177135113855e+01
1.725874534496576729e+01
1.710037793632729120e+01
1.689661739885778857e+01
1.665028552643408588e+01
1.636535789624217685e+01
1.604679158989009125e+01
1.570032112265270463e+01
1.533223873690366013e+01
1.494917489300332747e+01
1.455789367421693292e+01
1.416510634559641346e+01
1.377729719844343670e+01
1.340056787604991761e+01
1.304051368482086026e+01
1.270211623372004617e+01
1.238963235517587869e+01
1.210653006688587041e+01
1.185551914039813504e+01
1.163857960172331296e+01
1.145689949534571817e+01
1.131084067111548563e+01
1.120004521666934494e+01
1.112357904650998464e+01
1.107999968267314017e+01
1.106740306981049393e+01
1.108352833519656500e+01
1.112588299815857340e+01
1.119181813946132209e+01
1.127856819161793922e+01
1.138330751283924691e+01
1.150322536050987132e+01
1.163559639695076342e+01
1.177783986594726606e+01
1.192755958556354479e+01
1.208255513075913612e+01
1.224081313594755471e+01
1.240050016079235640e+01
1.255996851439940976e+01
1.271776975567643220e+01
1.287266464963883017e+01
1.302362279555067914e+01
1.316981173476652778e+01
1.331057906240920019e+01
1.344543153598872642e+01
1.357401400101272770e+01
1.369608959076942334e+01
1.381152171960607333e+01
1.392025789741249930e+01
1.402231523118051904e+01
1.411776744780258142e+01
1.420673330578781801e+01
1.428936630267506835e+01
1.436584561042086072e+01
1.443636817477928069e+01
1.450114191099857486e+01
1.456037992023079752e+01
1.461429564194168940e+01
1.466309885065495600e+01
1.470699240456433721e+01
1.474616965002793556e+01
1.478081239077614306e+01
1.481108933843550446e+01
1.483715496647613818e+01
1.485914869434697927e+01
1.487719434374112737e+01
1.489139981235818411e+01
1.490185692088418712e+01
1.490864139745420403e+01
1.491181297075272560e+01
1.491141554936304203e+01
1.490747747162785508e+01
1.490001181643538430e+01
1.488901677050686345e+01
1.487447605294737762e+01
1.485635940236760710e+01
1.483462313578448821e+01
1.480921079163757170e+01
1.478005387577747065e+01
1.474707272811541969e+01
1.471017753411095264e+01
1.466926950670853813e+01
1.462424226381641290e+01
1.457498342903832445e+01
1.452137648734898967e+01
1.446330292804334761e+01
1.440064470848743561e+01
1.433328708464699019e+01
1.426112186171524598e+01
1.418405113828988462e+01
1.410199164551989170e+01
1.401487981348439327e+01
1.392267774186638007e+01
1.382538028045686396e+01
1.372302344142370956e+01
1.361569432419260295e+01
1.350354260971743692e+01
1.338679344071215027e+01
1.326576112799241791e+01
1.314086267662728780e+01
1.301262976027230067e+01
1.288171776682796832e+01
1.274891113083965877e+01
1.261512543968872180e+01
1.248140815258591907e+01
1.234894026139192036e+01
1.221903994083048595e+01
1.209316678007294144e+01
1.197292374488431577e+01
1.186005507592502006e+01
1.175643982731225989e+01
1.166407904527651418e+01
1.158507154790030924e+01
1.152157575350822505e+01
1.147576267378992476e+01
1.144976897559099172e+01
1.144565469842743433e+01
1.146536205213816828e+01
1.151066686703196496e+01
1.158311704976111933e+01
1.168396299904352276e+01
1.181408868261121370e+01
1.197394291902590524e+01
1.216346635688263866e+01
1.238202600040403922e+01
1.262838047755138327e+01
1.290067096586325235e+01
1.319640718166720816e+01
1.351244987307760681e+01
1.384502520077188592e+01
1.418977959905021713e+01
1.454184923465013668e+01
1.489593183914754171e+01
1.524637611360898504e+01
1.558730355894101471e+01
1.591276063119364181e+01
1.621689118870452262e+01
1.649412247746602844e+01
1.673936070197739667e+01
1.694818955546787009e+01
1.711705930127094888e+01
1.724344854101902769e+01
1.732597872737825995e+01
1.736446522491756639e+01
1.735989790073915273e+01
1.731435485848775002e+01
1.723086071904634053e+01
1.711320459543738082e+01
1.696573439974759978e+01
1.679314496907339560e+01
1.660027688768329668e+01
1.639193911881647026e+01
1.617276230121976610e+01
1.594708373221672559e+01
1.571886172468047782e+01
1.549161584906560130e+01
1.526839001569025633e+01
1.505173692234494354e+01
1.484372349568826976e+01
1.464595566883274458e+01
1.445961761912294641e+01
1.428551806913017863e+01
1.412413696967875687e+01
1.397566927543666715e+01
1.384006589183978697e+01
1.371707345909382347e+01
1.360627398917424280e+01
1.350712368271602770e+01
1.341898902964641849e+01
1.334117830692430395e+01
1.327296734942943424e+01
1.321361954611991152e+01
1.316240090051980260e+01
1.311859130048251920e+01
1.308149301695719480e+01
1.305043711674675144e+01
1.302478819693512690e+01
1.300394768274393265e+01
1.298735586664021469e+01
1.297449285465956592e+01
1.296487859690304667e+01
1.295807219068917604e+01
1.295367063565383781e+01
1.295130718350986854e+01
1.295064940932912023e+01
1.295139709974726117e+01
1.295328004116033505e+01
1.295605577057849267e+01
1.295950734281127659e+01
1.296344115728103219e+01
1.296768488157731980e+01
1.297208549473127803e+01
1.297650747175128494e+01
1.298083112909917425e+01
1.298495112869079549e+01
1.298877515523878579e+01
1.299222276016122457e+01
1.299522437965001842e+01
1.299772051933524075e+01
1.299966110365975602e+01
1.300100498830192741e+01
1.300171963425949428e+01
1.300178094591517386e+01
1.300117327018328162e+01
1.299988956145345043e+01
1.299793171826696714e+01
1.299531109874692625e+01
1.299204922406174489e+01
1.298817868419233079e+01
1.298374425518372099e+01
1.297880424775546260e+01
1.297343210440506311e+01
1.296771826274239281e+01
1.296177230180436624e+01
1.295572538055708556e+01
1.294973298414706164e+01
1.294397796712319604e+01
1.293867388554337872e+01
1.293406857278285216e+01
1.293044790704661651e+01
1.292813968627973331e+01
1.292751750206494421e+01
1.292900449071105129e+01
1.293307683336101377e+01
1.294026688595182328e+01
1.295116583244265485e+01
1.296642576607478681e+01
1.298676107342044794e+01
1.301294887766582420e+01
1.304582807803401145e+01
1.308629621317766478e+01
1.313530311391371797e+01
1.319384023097634895e+01
1.326292479860712525e+01
1.334357853559519924e+01
1.343680116727992235e+01
1.354353909515210574e+01
1.366464893914993617e+01
