3.421892702092567351e+00
3.216192832726354922e+00
2.977820709229598961e+00
2.710216059750540474e+00
2.417229601452536514e+00
2.103086767936528378e+00
1.772287535404812431e+00
1.429467057953577314e+00
1.079305256791288192e+00
7.264706618054690423e-01
3.755256208864715672e-01
3.076349829432066529e-02
-3.038613987722820764e-01
-6.247396285017248196e-01
-9.286640102862717683e-01
-1.212870287104294009e+00
-1.475068918821528907e+00
-1.713459577599389938e+00
-1.926743410519628608e+00
-2.114120478820661564e+00
-2.275242387735423311e+00
-2.410153496195005296e+00
-2.519255134800826301e+00
-2.603284429705305936e+00
-2.663287830125910194e+00
-2.700582060360154912e+00
-2.716705742169876370e+00
-2.713367805746796257e+00
-2.692397625566904207e+00
-2.655699374703183402e+00
-2.605211047405317615e+00
-2.542867611359250546e+00
-2.470567611272216357e+00
-2.390142962522155745e+00
-2.303332284197195712e+00
-2.211758517597546270e+00
-2.116911616773476279e+00
-2.020136854146489913e+00
-1.922628829131485695e+00
-1.825430810167383289e+00
-1.729438672989377812e+00
-1.635408470886510868e+00
-1.543966632965177110e+00
-1.455621832439977226e+00
-1.370777692319444352e+00
-1.289745664188253649e+00
-1.212757580548156966e+00
-1.139977529526979616e+00
-1.071512834387987612e+00
-1.007424014249420852e+00
-9.477336806025792315e-01
-8.924343785566298815e-01
-8.414954155282335924e-01
-7.948687466593535866e-01
-7.524939966974789618e-01
-7.143027035528212165e-01
-6.802218700849058663e-01
-6.501769069537864931e-01
-6.240940440052582527e-01
-6.019022797811590664e-01
-5.835349318793100482e-01
-5.689308435512824280e-01
-5.580352926489562382e-01
-5.508006422894864418e-01
-5.471867647568222637e-01
-5.471612634734677183e-01
-5.506995109271765054e-01
-5.577845143000584871e-01
-5.684066146444586298e-01
-5.825630194519864080e-01
-6.002571629480748516e-01
-6.214978840671383509e-01
-6.462984047556340483e-01
-6.746750878208180868e-01
-7.066459485645230076e-01
-7.422288889447792304e-01
-7.814396186392315036e-01
-8.242892228272951094e-01
-8.707813345901566082e-01
-9.209088672702837597e-01
-9.746502600075344080e-01
-1.031965192766851169e+00
-1.092789733330674418e+00
-1.157030884564558493e+00
-1.224560519626819000e+00
-1.295208711697031889e+00
-1.368756499338119159e+00
-1.444928166828599592e+00
-1.523383174967684495e+00
-1.603707939283263384e+00
-1.685407728305364561e+00
-1.767899031745597371e+00
-1.850502825593441258e+00
-1.932439227076967025e+00
-2.012824061575170020e+00
-2.090667859931340189e+00
-2.164877736448691081e+00
-2.234262465348768156e+00
-2.297540882518815053e+00
-2.353353524361468274e+00
-2.400277217368524063e+00
-2.436842285921719142e+00
-2.461552243565564346e+00
-2.472906165736827422e+00
-2.469424280083094114e+00
-2.449677323587788003e+00
-2.412319610893038035e+00
-2.356124589772299771e+00
-2.280020800937991865e+00
-2.183126656203992599e+00
-2.064783738576891015e+00
-1.924589507175616943e+00
-1.762429128596048278e+00
-1.578503017420095134e+00
-1.373347353544080551e+00
-1.147851367564528990e+00
-9.032762231172966061e-01
-6.412699806906203559e-01
-3.638692282194631589e-01
-7.347905913063768057e-02
2.271665897541103041e-01
5.350248399143692213e-01
8.467478599007079998e-01
1.158733182419403152e+00
1.467204332896977492e+00
1.768278470916308187e+00
2.058012026697272123e+00
2.332448787077093133e+00
2.587725292179436032e+00
2.820198745154182340e+00
3.026517791235777466e+00
3.203660359510605904e+00
3.348989397201473484e+00
3.460320097476960122e+00
3.535986463876189312e+00
3.574903355244481773e+00
3.576610149712934117e+00
3.541288455677562119e+00
3.469764001304623591e+00
3.363504626189587121e+00
3.224613848512193570e+00
3.055810400945056404e+00
2.860383981173148626e+00
2.642120743015582196e+00
2.405195960300003488e+00
2.154037234145839808e+00
1.893169197019208605e+00
1.627055226676713096e+00
1.359950841355858531e+00
1.095779040894995671e+00
8.380332657962281662e-01
5.897108750545612121e-01
3.532780531383361011e-01
1.306645843082855918e-01
-7.671631867491604528e-02
-2.679305795730166917e-01
-4.424760618615404817e-01
-6.002312465996040292e-01
-7.414022749854903838e-01
-8.664688201211867558e-01
-9.761291209179796535e-01
-1.071245637531705874e+00
-1.152793837397704246e+00
-1.221816686057906276e+00
-1.279386625041163628e+00
-1.326575497647001445e+00
-1.364431875359982005e+00
-1.393964648809591145e+00
-1.416131607231094769e+00
-1.431831892495155412e+00
-1.441901487390106373e+00
-1.447111125656283415e+00
-1.448166162377916066e+00
-1.445708004282104220e+00
-1.440316713488590805e+00
-1.432514414261359059e+00
-1.422769172393435255e+00
-1.411499080414787999e+00
-1.399076348572571682e+00
-1.385831278985749870e+00
-1.372056048378558657e+00
-1.358008280299541015e+00
-1.343914394204868135e+00
-1.329972746670746941e+00
-1.316356565300719650e+00
-1.303216681386901499e+00
-1.290684065841186667e+00
-1.278872157797733777e+00
-1.267878986384463280e+00
-1.257789082050526197e+00
-1.248675177661523028e+00
-1.240599693856709429e+00
-1.233616012636359782e+00
-1.227769547845750431e+00
-1.223098610328456015e+00
-1.219635075862566698e+00
-1.217404858791280020e+00
-1.216428192493654636e+00
-1.216719716632216119e+00
-1.218288368796543786e+00
-1.221137074877442386e+00
-1.225262229372096057e+00
-1.230652953268951189e+00
-1.237290113852246964e+00
-1.245145087636849945e+00
-1.254178244601186654e+00
-1.264337132568314592e+00
-1.275554332254595469e+00
-1.287744962633624590e+00
-1.300803812365175505e+00
-1.314602073741659494e+00
-1.328983672071830879e+00
-1.343761186015388409e+00
-1.358711365499711832e+00
-1.373570264107261130e+00
-1.388028024858874110e+00
-1.401723357912958656e+00
-1.414237761926697479e+00
-1.425089543228388544e+00
-1.433727688905429565e+00
-1.439525662333162703e+00
-1.441775230659039453e+00
-1.439680518268571907e+00
-1.432352652963484019e+00
-1.418805635078865812e+00
-1.397954388803147818e+00
-1.368616311325247858e+00
-1.329517908074040466e+00
-1.279308152191054537e+00
-1.216579930152727584e+00
-1.139900366635544060e+00
-1.047850136044129021e+00
-9.390713993890744682e-01
-8.123238224291653431e-01
-6.665483165464073378e-01
-5.009384505437972646e-01
-3.150190497969546088e-01
-1.087299537042909631e-01
1.174895720875662880e-01
3.626225923059069878e-01
6.250096633105559629e-01
9.023029045863576458e-01
1.191444346346258731e+00
1.488677053482739154e+00
1.789601059438675756e+00
2.089282735108057842e+00
2.382413490514643684e+00
2.663499465933426347e+00
2.927058295103593721e+00
3.167805664284379041e+00
3.380826134186867726e+00
3.561727989807506489e+00
3.706777026911728168e+00
3.812998129165420469e+00
3.878237213124587246e+00
3.901186046085928449e+00
3.881378107209376260e+00
3.819164600439336255e+00
3.715682105858653106e+00
3.572819070897516713e+00
3.393164483007411025e+00
3.179904452909413148e+00
2.936675006424557033e+00
2.667455169387670022e+00
2.376547231317483799e+00
2.068526081556064877e+00
1.748055495875575405e+00
1.419718622638095562e+00
1.087984673147589509e+00
7.571780553596748620e-01
4.313527945089856708e-01
1.141574998299852151e-01
-1.911724608617782484e-01
-4.817579285358445929e-01
-7.551250710573299552e-01
-1.009269767580243116e+00
-1.242656025277358411e+00
-1.454198005049111897e+00
-1.643232076963632826e+00
-1.809482735818986443e+00
-1.953031093444302480e+00
-2.074279421396015621e+00
-2.173911502667163820e+00
-2.252855290117877551e+00
-2.312248240249366038e+00
-2.353400469278764895e+00
-2.377753565943258263e+00
-2.386837385741376938e+00
-2.382228740145732271e+00
-2.365514943947748083e+00
-2.338263367116966585e+00
-2.301996772066612795e+00
-2.258173677587429928e+00
-2.208172946801337133e+00
-2.153281981612121587e+00
-2.094688166054406775e+00
-2.033473361028062865e+00
-1.970611301251530501e+00
-1.906967696658453004e+00
-1.843302747498076322e+00
-1.780275700833883201e+00
-1.718451010879682217e+00
-1.658305650639229301e+00
-1.600237134721288701e+00
-1.544571866529564907e+00
-1.491573481414778302e+00
-1.441450937398360388e+00
-1.394366163361115962e+00
-1.350441142767559555e+00
-1.309764364191892350e+00
-1.272396602666495236e+00
-1.238376035455778457e+00
-1.207722713817341864e+00
-1.180442427642087289e+00
-1.156530005220072876e+00
-1.135972096143295973e+00
-1.118749488448009144e+00
-1.104839002236522427e+00
-1.094215003092410043e+00
-1.086850572268760251e+00
-1.082718365083346290e+00
-1.081791183420609315e+00
-1.084042282432279958e+00
-1.089445425857810346e+00
-1.097974698737878674e+00
-1.109604080959030625e+00
-1.124306779921585786e+00
-1.142054316612018505e+00
-1.162815353510978866e+00
-1.186554251183258524e+00
-1.213229336140959180e+00
-1.242790859637630030e+00
-1.275178627627303829e+00
-1.310319283720095873e+00
-1.348123229048045602e+00
-1.388481166308673131e+00
-1.431260266345837362e+00
-1.476299968926920059e+00
-1.523407438849939455e+00
-1.572352724331217422e+00
-1.622863685806528622e+00
-1.674620782785269046e+00
-1.727251845780977568e+00
-1.780326973031277182e+00
-1.833353728403388283e+00
-1.885772830818170265e+00
-1.936954547628112921e+00
-1.986196013324950549e+00
-2.032719693654688964e+00
-2.075673219804122560e+00
-2.114130819310618747e+00
-2.147096576838119386e+00
-2.173509773892849939e+00
-2.192252568905350696e+00
-2.202160291583413976e+00
-2.202034625114645205e+00
-2.190659933471543308e+00
-2.166822866664245062e+00
-2.129335205163936706e+00
-2.077059829107223976e+00
-2.008939557224139083e+00
-1.924028237407080288e+00
-1.821522878804393120e+00
-1.700795157913658873e+00
-1.561421095600884712e+00
-1.403208974731727121e+00
-1.226224904774361191e+00
-1.030813540503798587e+00
-8.176174257247992294e-01
-5.876075200487986816e-01
-3.421174856132983000e-01
-8.284243913168946871e-02
1.881975093311277492e-01
4.686690953412774863e-01
7.559048791025855252e-01
1.046900453021612165e+00
1.338358074040491008e+00
1.626772250849896517e+00
1.908496851154012575e+00
2.179750817111405947e+00
2.436641744909211038e+00
2.675273978770579042e+00
2.891883152874740404e+00
3.082934062484216309e+00
3.245184668007168760e+00
3.375737321876504105e+00
3.472100418584668446e+00
3.532272308720139975e+00
3.554830886655744315e+00
3.539006798193991887e+00
3.484734119450024092e+00
3.392680528760218195e+00
3.264258206551206243e+00
3.101617752898244262e+00
2.907626737722596832e+00
2.685826988336345256e+00
2.440358600247436449e+00
2.175843473769007108e+00
1.897233241774274326e+00
1.609634617509032362e+00
1.318126015401125617e+00
1.027577843863459517e+00
7.424895410903125104e-01
4.668574270150603334e-01
2.040842012128816496e-01
-4.306709409099433034e-02
-2.724801467482614870e-01
-4.826634794368872550e-01
-6.727091191175634810e-01
-8.422377973990268218e-01
-9.913339713435891376e-01
-1.120473947709993645e+00
-1.230451546465876733e+00
-1.322306002319030505e+00
-1.397255433014886083e+00
-1.456637002679589843e+00
-1.501853806507815969e+00
-1.534328737823283273e+00
-1.555466215490501014e+00
-1.566622614372417344e+00
-1.569085496084467124e+00
-1.564060679277752053e+00
-1.552665378327247936e+00
-1.535925479411801131e+00
-1.514775393035132423e+00
-1.490059510754797145e+00
-1.462534817920904340e+00
-1.432874503348923190e+00
-1.401672493714004819e+00
-1.369448789990272530e+00
-1.336655400253209391e+00
-1.303682623659605078e+00
-1.270865424261816035e+00
-1.238489674851799505e+00
-1.206798099459286622e+00
-1.175995810833639021e+00
-1.146255376914264268e+00
-1.117721403662064850e+00
-1.090514632447707744e+00
-1.064735578178616970e+00
-1.040467738861698743e+00
-1.017780409621096060e+00
-9.967311390511739422e-01
-9.773678642771278513e-01
-9.597307563125091479e-01
-9.438538078691155464e-01
-9.297661898264895086e-01
-9.174934015418039213e-01
-9.070582360576809888e-01
-8.984815768826416305e-01
-8.917830402684981950e-01
-8.869814750783303614e-01
-8.840953271196644314e-01
-8.831428728144381513e-01
-8.841423240935895045e-01
-8.871118030620998018e-01
-8.920691817243584509e-01
-8.990317789917561253e-01
-9.080159032869977720e-01
-9.190362256350654846e-01
-9.321049641604628455e-01
-9.472308568954862507e-01
-9.644178941276867478e-01
-9.836637767054642323e-01
-1.004958061701374694e+00
-1.028279950567767775e+00
-1.053595667226201904e+00
-1.080855369441712899e+00
-1.109989529529541441e+00
-1.140904719319033589e+00
-1.173478729443095281e+00
-1.207554959924992843e+00
-1.242936029102176931e+00
-1.279376570690672343e+00
-1.316575221193157175e+00
-1.354165850735087773e+00
-1.391708149306271736e+00
-1.428677755845667141e+00
-1.464456186064334364e+00
-1.498320886917891004e+00
-1.529435804990015191e+00
-1.556842931092490279e+00
-1.579455352926722567e+00
-1.596052461110329279e+00
-1.605278133091659232e+00
-1.605642945390899579e+00
-1.595531787130975099e+00
-1.573218601834264208e+00
-1.536890307693859370e+00
-1.484682057111486042e+00
-1.414725628834639481e+00
-1.325211790921555943e+00
-1.214465846271737703e+00
-1.081033841362183168e+00
-9.237758844905775701e-01
-7.419635635540042795e-01
-5.353800163046723570e-01
-3.044211063913800364e-01
-5.019224804360943731e-02
2.254107345430945153e-01
