1.151991974220946569e+00
1.139992427724382917e+00
1.129575196162409645e+00
1.120759875553641871e+00
1.113558062003023208e+00
1.107974708986228851e+00
1.104009224932887001e+00
1.101656337128217755e+00
1.100906743656376641e+00
1.101747570700806200e+00
1.104162648491820553e+00
1.108132615373225383e+00
1.113634855060379625e+00
1.120643268892267397e+00
1.129127880469884992e+00
1.139054266432960816e+00
1.150382803048978220e+00
1.163067715147295456e+00
1.177055912136603766e+00
1.192285586574808764e+00
1.208684559885242704e+00
1.226168345431676743e+00
1.244637909256511410e+00
1.263977113289329157e+00
1.284049831243726958e+00
1.304696730949694183e+00
1.325731747327397292e+00
1.346938277582495624e+00
1.368065144384239540e+00
1.388822402435310410e+00
1.408877049315889529e+00
1.427848711156169736e+00
1.445305343720918900e+00
1.460758966886240628e+00
1.473661429386169397e+00
1.483400209346320997e+00
1.489294321722512526e+00
1.490590539074916787e+00
1.486460346123645859e+00
1.475998280235596871e+00
1.458222510354909796e+00
1.432078604962389035e+00
1.396447394675466969e+00
1.350157689080228041e+00
1.292004446489954272e+00
1.220772939614534591e+00
1.135269562060322146e+00
1.034360154680554311e+00
9.170166334881036940e-01
7.823717749472964833e-01
6.297804250827327976e-01
4.588837459304609956e-01
2.696725621889252689e-01
6.254696273024670794e-02
-1.616286593424476059e-01
-4.014755776064837245e-01
-6.550589321198284631e-01
-9.198617423906521040e-01
-1.192785021333943485e+00
-1.470182697230635327e+00
-1.747934749763317752e+00
-2.021555859709510461e+00
-2.286332983011728714e+00
-2.537483533791518031e+00
-2.770324181980406308e+00
-2.980437042517387614e+00
-3.163817313488996863e+00
-3.316988951166726984e+00
-3.437083680338420599e+00
-3.521887988907840938e+00
-3.569866548900667347e+00
-3.580169730121206317e+00
-3.552631400055907829e+00
-3.487758941789025791e+00
-3.386707618448291157e+00
-3.251227538941489748e+00
-3.083587436242975599e+00
-2.886497553329848920e+00
-2.663044073185891758e+00
-2.416633156312423480e+00
-2.150943677423562850e+00
-1.869855850680051557e+00
-1.577320554379974205e+00
-1.277237256894419914e+00
-9.734128091098420699e-01
-6.695389020939807034e-01
-3.691256860718473698e-01
-7.541839717417808675e-02
2.086587450746030525e-01
4.805044969414095091e-01
7.378354371125701583e-01
9.787210151763264809e-01
1.201611643350971814e+00
1.405331482025954148e+00
1.589060161520548853e+00
1.752313002151458354e+00
1.894918602872891933e+00
2.016996842557568392e+00
2.118935709121195554e+00
2.201362988923105224e+00
2.265113219079026852e+00
2.311193071541670641e+00
2.340747295800950312e+00
2.355025413591346872e+00
2.355349239162475516e+00
2.343082215644895161e+00
2.319601833649739486e+00
2.286275881642368724e+00
2.244442574723690242e+00
2.195394112896536853e+00
2.140363086458914044e+00
2.080511379136464889e+00
2.016921459152995588e+00
1.950590071468220943e+00
1.882424355366467461e+00
1.813240339386303468e+00
1.743763653523945134e+00
1.674632192898366290e+00
1.606400386867441910e+00
1.539544687041558113e+00
1.474469888434803089e+00
1.411515931253675804e+00
1.350964882740607331e+00
1.293047850612522698e+00
1.237951648335575472e+00
1.185825077554617080e+00
1.136784749266367855e+00
1.090920397215697779e+00
1.048299670615622681e+00
1.008972413530192735e+00
9.729744502008506046e-01
9.403309091195839464e-01
9.110591200347230023e-01
8.851711200565282045e-01
8.626758055855933138e-01
8.435807645658685017e-01
8.278938183032809039e-01
8.156243008234443925e-01
8.067840965364606598e-01
8.013884541552307450e-01
7.994565894092141578e-01
8.010120837118780424e-01
8.060830800668103979e-01
8.147022728598205532e-01
8.269066817517328749e-01
8.427371940496126701e-01
8.622378535436645564e-01
8.854548672454215508e-01
9.124352945998156494e-01
9.432253767473806061e-01
9.778684569120504877e-01
1.016402435125075332e+00
1.058856695570197681e+00
1.105248440263754350e+00
1.155578357991906779e+00
1.209825562924787379e+00
1.267941737349743914e+00
1.329844427914693039e+00
1.395409465678311367e+00
1.464462514095412171e+00
1.536769789013543219e+00
1.612028068694267624e+00
1.689854180913269222e+00
1.769774260360517770e+00
1.851213172454987621e+00
1.933484619555288830e+00
2.015782546564057309e+00
2.097174535886264568e+00
2.176597900258078866e+00
2.252859132423495225e+00
2.324637249632559577e+00
2.390491358686609225e+00
2.448872541317531848e+00
2.498139950518388108e+00
2.536580909796590344e+00
2.562434863032875931e+00
2.573921166771235391e+00
2.569271088918675172e+00
2.546764696693310626e+00
2.504773275109565933e+00
2.441806989268716421e+00
2.356565069634254161e+00
2.247982353263942912e+00
2.115265509503302610e+00
1.957919017679931262e+00
1.775773255896425207e+00
1.569029274257687456e+00
1.338311776330217251e+00
1.084702179050498705e+00
8.097527679690093017e-01
5.154993066840363181e-01
2.044541440166174062e-01
-1.204183818531350397e-01
-4.557569355973983827e-01
-7.978464813398054023e-01
-1.142584128071148175e+00
-1.485548088186447790e+00
-1.822160495098521071e+00
-2.147780725417520742e+00
-2.457745673670259645e+00
-2.747463044994598924e+00
-3.012579223642205761e+00
-3.249085977987532292e+00
-3.453342929293729657e+00
-3.622145246987365397e+00
-3.752853700830868000e+00
-3.843499347929544285e+00
-3.892830051556312121e+00
-3.900331057167239823e+00
-3.866247221828010616e+00
-3.791603984929262428e+00
-3.678211998553434725e+00
-3.528646005997012836e+00
-3.346194672268694159e+00
-3.134779466200690035e+00
-2.898843192143813585e+00
-2.643213579484963827e+00
-2.372949406561225771e+00
-2.093174549032267073e+00
-1.808904406330605230e+00
-1.524873622581123689e+00
-1.245381284805957556e+00
-9.741725487604446787e-01
-7.143694435695457923e-01
-4.684508397576121475e-01
-2.382705059956954918e-01
-2.509852868917798047e-02
1.703251660815419122e-01
3.477307489008631958e-01
5.072538124326099185e-01
6.493672403642012370e-01
7.748117171146925442e-01
8.845280638737387235e-01
9.795948187179391864e-01
1.061173600303392250e+00
1.130463556063594277e+00
1.188664913812192747e+00
1.236950862042040633e+00
1.276446658002126311e+00
1.308214875461637616e+00
1.333245787508624991e+00
1.352451984328993495e+00
1.366666385666159611e+00
1.376642893257397748e+00
1.383058981647396601e+00
1.386519623933892387e+00
1.387562042686231178e+00
1.386660891584146738e+00
1.384233573013452734e+00
1.380645486148148748e+00
1.376215071221971398e+00
1.371218564807867191e+00
1.365894422742194303e+00
1.360447389925987016e+00
1.355052209068171809e+00
1.349856978211284586e+00
1.344986165155211744e+00
1.340543294551460818e+00
1.336613320618190492e+00
1.333264703945638674e+00
1.330551208771457050e+00
1.328513437831260857e+00
1.327180115405536931e+00
1.326569138194140907e+00
1.326688404295849777e+00
1.327536431647899917e+00
1.329102776122124574e+00
1.331368257046290804e+00
1.334304996041339120e+00
1.337876274334129700e+00
1.342036207014839500e+00
1.346729237572486193e+00
1.351889449943435517e+00
1.357439692913085638e+00
1.363290511094851221e+00
1.369338877110153341e+00
1.375466720498254025e+00
1.381539244147273804e+00
1.387403027782934783e+00
1.392883916468163230e+00
1.397784706766183715e+00
1.401882642066827334e+00
1.404926742311498833e+00
1.406635007449253516e+00
1.406691536868039716e+00
1.404743619483185713e+00
1.400398849091497588e+00
1.393222325924086125e+00
1.382733999623287025e+00
1.368406223872965288e+00
1.349661613597631149e+00
1.325871360313054970e+00
1.296354263367964554e+00
1.260376888420241315e+00
1.217155454536707593e+00
1.165860244626165221e+00
1.105623469355561772e+00
1.035551527590851340e+00
9.547424291397548224e-01
8.623087986965941587e-01
7.574064092946194426e-01
6.392677368448398401e-01
5.072397749417040247e-01
3.608253518306831498e-01
1.997274211777586295e-01
2.389594376955589752e-02
-1.664233138067624518e-01
-3.706396745406383419e-01
-5.877711693636560319e-01
-8.164051294854166585e-01
-1.054670424865093770e+00
-1.300225478877618634e+00
-1.550265355239319964e+00
-1.801550844937983786e+00
-2.050462628439573276e+00
-2.293082880457955497e+00
-2.525303935896158425e+00
-2.742958740469764400e+00
-2.941962381391600267e+00
-3.118451078472314730e+00
-3.268905931909096729e+00
-3.390252226563829741e+00
-3.479929391800575367e+00
-3.535932165905180113e+00
-3.556830522569625064e+00
-3.541780685552109009e+00
-3.490535077425571675e+00
-3.403446856900003592e+00
-3.281458630213854644e+00
-3.126073322250357833e+00
-2.939312784693781211e+00
-2.723663469080127353e+00
-2.482013881392192811e+00
-2.217607988777010597e+00
-1.934006834665827235e+00
-1.635011237197764755e+00
-1.324558598611373927e+00
-1.006637832784987641e+00
-6.852149585732183468e-01
-3.641704674681709997e-01
-4.723596762140529898e-02
2.620843067519103564e-01
5.605612018587003975e-01
8.452649080118965763e-01
1.113600881651658492e+00
1.363351474171448308e+00
1.592701464873960804e+00
1.800236588990292486e+00
1.984934740479392223e+00
2.146159041224604103e+00
2.283640821216612604e+00
2.397452184329050606e+00
2.487977723605089064e+00
2.555887361335728691e+00
2.602106506710772038e+00
2.627781409047437844e+00
2.634240936618770235e+00
2.622957451799645678e+00
2.595508985370845068e+00
2.553543870201985033e+00
2.498748187924930697e+00
2.432815747298803899e+00
2.357420185303839677e+00
2.274189132263991553e+00
2.184680820100761256e+00
2.090363816002978492e+00
1.992600617734385127e+00
1.892635679912423319e+00
1.791588098710037213e+00
1.690448799124611767e+00
1.590081743297024230e+00
1.491228478207594188e+00
1.394515230902019676e+00
1.300461766400024644e+00
1.209491299558488997e+00
1.121940870071823859e+00
1.038071718644486774e+00
9.580793314660887017e-01
8.821029278037226806e-01
8.102342516982061760e-01
7.425255968450367172e-01
6.789970407549291709e-01
6.196429011132535969e-01
5.644374459667238497e-01
5.133399068511863561e-01
4.662988490969436906e-01
4.232559576462753270e-01
3.841492982874378237e-01
3.489161114981281786e-01
3.174951943448685032e-01
2.898289225006126513e-01
2.658649580698236314e-01
2.455576865336082659e-01
2.288694200866271677e-01
2.157713998299444491e-01
2.062446243418237790e-01
2.002805257803600691e-01
1.978815103659163910e-01
1.990613746938798834e-01
2.038456037577570101e-01
2.122715500377132525e-01
2.243884879351167594e-01
2.402575307409297034e-01
2.599513907510772048e-01
2.835539556198597433e-01
3.111596459698455219e-01
3.428725106039641757e-01
3.788050063272117018e-01
4.190764004415933885e-01
4.638107231928289553e-01
5.131341874045995954e-01
5.671719835524876574e-01
6.260443497344310160e-01
6.898618106934095717e-01
7.587194756634703108e-01
8.326902877763157074e-01
9.118171255630966865e-01
9.961036730341052969e-01
1.085504005398998384e+00
1.179910873874241650e+00
1.279142737490502890e+00
1.382929660511962977e+00
1.490898297036160614e+00
1.602556307403728564e+00
1.717276708160200727e+00
1.834282837775974562e+00
1.952634812881440585e+00
2.071218572194869267e+00
2.188738792334582683e+00
2.303717107591545243e+00
2.414497067905541527e+00
2.519257039999896364e+00
2.616031729186140797e+00
2.702742131943704607e+00
2.777232564695985229e+00
2.837312407039264350e+00
2.880799849840275151e+00
2.905565661543168865e+00
2.909576853724959999e+00
2.890942103149228615e+00
2.847961277618305420e+00
2.779179047312941186e+00
2.683438016825425265e+00
2.559923613674680798e+00
2.408195438232840324e+00
2.228207803769104878e+00
2.020331559940883981e+00
1.785393176385819292e+00
1.524730903454881048e+00
1.240228697877204800e+00
9.342900736737661527e-01
6.097903156616376608e-01
2.700453175797269401e-01
-8.121757791766891221e-02
-4.399056521906812289e-01
-8.016385958688961866e-01
-1.161802626391911897e+00
-1.515671060424749195e+00
-1.858538164486251087e+00
-2.185789411765361123e+00
-2.492972135542664613e+00
-2.775889500475014593e+00
-3.030720214547256486e+00
-3.254096938322960320e+00
-3.443148767257096843e+00
-3.595566892964526584e+00
-3.709672363038300169e+00
-3.784450482263903570e+00
-3.819561523551824322e+00
-3.815345676220731175e+00
-3.772822791461583058e+00
-3.693679494833465249e+00
-3.580239582369365348e+00
-3.435416981322473529e+00
-3.262649602029492168e+00
-3.065811077428880260e+00
-2.849099057741163676e+00
-2.616902818202305969e+00
-2.373657611542896451e+00
-2.123696900648587516e+00
-1.871115138677657663e+00
-1.619652507685080733e+00
-1.372609345529927749e+00
-1.132793513513867367e+00
-9.024997423883447389e-01
-6.835166476319869400e-01
-4.771550838699155639e-01
-2.842907880926614506e-01
-1.054148430893264154e-01
5.931309492907356484e-02
2.100121265448255392e-01
3.470297749722784930e-01
4.708947450120675726e-01
5.822731556703923950e-01
6.819285543224967716e-01
7.706861979727733791e-01
8.494021043115158598e-01
9.189372297233853182e-01
9.801368931602281176e-01
1.033815226342547966e+00
