-1.402053971450380798e+00
-1.369897532641213944e+00
-1.333001821002138598e+00
-1.290885600913665776e+00
-1.243051470123026414e+00
-1.188991134158372098e+00
-1.128191648391199786e+00
-1.060142503334589481e+00
-9.843435296630473896e-01
-9.003138661195581038e-01
-8.076025858656704637e-01
-7.058017358093248150e-01
-5.945622738509686034e-01
-4.736126396739404609e-01
-3.427790924875587231e-01
-2.020071982341679895e-01
-5.138480635181099515e-02
1.088332781970762220e-01
2.782016623754943185e-01
4.560672913442727072e-01
6.415603885659317829e-01
8.335846071940835600e-01
1.030795825501575669e+00
1.231575704690230477e+00
1.434021905679250475e+00
1.635963278303193880e+00
1.834979373360306809e+00
2.028404757018698934e+00
2.213333751053022436e+00
2.386656105420837726e+00
2.545121293329454470e+00
2.685401491425905007e+00
2.804146311435736560e+00
2.898054586648506792e+00
2.963976555040912952e+00
2.999029575782410362e+00
3.000708157534814458e+00
2.966986091544434156e+00
2.896417477654057659e+00
2.788240001401806278e+00
2.642475979866780289e+00
2.460021277150826080e+00
2.242710485251527164e+00
1.993347579016127247e+00
1.715692764926626479e+00
1.414397630215605828e+00
1.094883277754722162e+00
7.631617277787492437e-01
4.256092729889139337e-01
8.870901907275807741e-02
-2.412145225861011266e-01
-5.582448269449000744e-01
-8.570860169455308819e-01
-1.133224460595134042e+00
-1.383032604683743561e+00
-1.603815216967463764e+00
-1.793803425232532556e+00
-1.952106127854664308e+00
-2.078631300107683710e+00
-2.173989861326942385e+00
-2.239391216102631699e+00
-2.276534514648461016e+00
-2.287497295865581037e+00
-2.274624934950938204e+00
-2.240427050884129301e+00
-2.187487547647451347e+00
-2.118391704174390711e+00
-2.035668770827841367e+00
-1.941745983325313896e+00
-1.838911057227285095e+00
-1.729282934280673922e+00
-1.614791767242857112e+00
-1.497167688308526978e+00
-1.377936648008467824e+00
-1.258422207081798749e+00
-1.139753313113352595e+00
-1.022877953939040463e+00
-9.085810895301607015e-01
-7.975036657111796989e-01
-6.901595849243634673e-01
-5.869491167942260113e-01
-4.881692057197589141e-01
-3.940223384996073830e-01
-3.046257337482617955e-01
-2.200218993354112751e-01
-1.401906053548834519e-01
-6.506154642593926785e-02
5.473307630305220516e-03
7.154858989439173700e-02
1.333162196301663494e-01
1.909380831620220431e-01
2.445806002635831644e-01
2.944108618247258113e-01
3.405939664003478362e-01
3.832911798079062793e-01
4.226586355241489512e-01
4.588463412576856970e-01
4.919973738548940045e-01
5.222471721424922775e-01
5.497228992046849783e-01
5.745428660000441168e-01
5.968160114862355314e-01
6.166414418773614736e-01
6.341080339204461236e-01
6.492940941134011101e-01
6.622670677785679194e-01
6.730832875600999410e-01
6.817877495467115079e-01
6.884139045127233292e-01
6.929834526390055149e-01
6.955061302966005776e-01
6.959794806031543990e-01
6.943886008154422917e-01
6.907058620238368807e-01
6.848905996436486232e-01
6.768887758685482314e-01
6.666326187294243644e-01
6.540402449337441304e-01
6.390152788417239327e-01
6.214464860822629388e-01
6.012074438387603470e-01
5.781562764473033855e-01
5.521354923690451333e-01
5.229719706019803072e-01
4.904771486072646569e-01
4.544474766786711917e-01
4.146652000941584149e-01
3.708995513559216750e-01
3.229084271804368855e-01
2.704406251656200633e-01
2.132387301848544248e-01
1.510427565737159084e-01
8.359469735420745062e-02
1.064423831383877472e-02
-6.804398591511628958e-02
-1.526810474901713899e-01
-2.434416655771397819e-01
-3.404489150840233624e-01
-4.437556112758245797e-01
-5.533231111799266078e-01
-6.689992798086162873e-01
-7.904980008830968519e-01
-9.173821081646328368e-01
-1.049049624750476362e+00
-1.184720373965023388e+00
-1.323418332078886595e+00
-1.463946809756885070e+00
-1.604859294367120270e+00
-1.744434891897111095e+00
-1.880668100664560471e+00
-2.011275874189678792e+00
-2.133716172050311499e+00
-2.245211660805762843e+00
-2.342779823173380738e+00
-2.423276143271030136e+00
-2.483454307261802718e+00
-2.520043316128778521e+00
-2.529842449019195971e+00
-2.509836216090562289e+00
-2.457327711802315129e+00
-2.370083047409160759e+00
-2.246478006610891587e+00
-2.085641033966038282e+00
-1.887587649481597740e+00
-1.653337901190149672e+00
-1.385006040639083613e+00
-1.085850440794931204e+00
-7.602696344056544264e-01
-4.137302768429758082e-01
-5.261930723190316045e-02
3.159768694570725400e-01
6.845538014494964019e-01
1.045510774889244487e+00
1.391485007921994921e+00
1.715665612444222443e+00
2.012057047985904568e+00
2.275671803607222099e+00
2.502646299423254117e+00
2.690286673334849166e+00
2.837056843983638998e+00
2.942519695410824809e+00
3.007239755161791095e+00
3.032658754777941557e+00
3.020959052209829743e+00
2.974924783575128462e+00
2.897801639700293475e+00
2.793154564663771211e+00
2.664727378830550997e+00
2.516315669616859374e+00
2.351668981924650126e+00
2.174421484772714130e+00
1.988025327730199798e+00
1.795677594090301810e+00
1.600270114863600934e+00
1.404381704192895874e+00
1.210288639980887426e+00
1.019961199941755936e+00
8.350489157690796915e-01
6.568812908082554136e-01
4.864955070757200351e-01
3.246755516606933401e-01
1.719820908261354975e-01
2.876909610265005260e-02
-1.048024690310817436e-01
-2.287441436798013927e-01
-3.432115334514630467e-01
-4.484729580869911691e-01
-5.448804339555604059e-01
-6.328455334681561961e-01
-7.128202318211750432e-01
-7.852817752169037879e-01
-8.507205327939385553e-01
-9.096300756260118359e-01
-9.624990366040905299e-01
-1.009804484657771839e+00
-1.052006626408709788e+00
-1.089544694804830849e+00
-1.122833886459917219e+00
-1.152263221528142090e+00
-1.178194199659042596e+00
-1.200960124841041088e+00
-1.220865987935179975e+00
-1.238188786482003589e+00
-1.253178184612106616e+00
-1.266057421825869111e+00
-1.277024385343205726e+00
-1.286252777006976711e+00
-1.293893319578813372e+00
-1.300074955412179545e+00
-1.304905997821160568e+00
-1.308475206174402272e+00
-1.310852767488518644e+00
-1.312091165497850431e+00
-1.312225928905464967e+00
-1.311276252781767404e+00
-1.309245490512784160e+00
-1.306121516582983588e+00
-1.301876962400859039e+00
-1.296469330177363766e+00
-1.289840991299903816e+00
-1.281919076853275108e+00
-1.272615274431359245e+00
-1.261825540801711831e+00
-1.249429748678679619e+00
-1.235291290583908186e+00
-1.219256665169658582e+00
-1.201155077061104137e+00
-1.180798088313316230e+00
-1.157979373252478794e+00
-1.132474633541310283e+00
-1.104041730435552759e+00
-1.072421108932695377e+00
-1.037336578767347195e+00
-9.984964971258257771e-01
-9.555953920587297867e-01
-9.083160049185747820e-01
-8.563317089752576772e-01
-7.993092267465335965e-01
-7.369116021166376429e-01
-6.688015049271520684e-01
-5.946451828650876070e-01
-5.141177164937613675e-01
-4.269105470233502952e-01
-3.327422775057335969e-01
-2.313732533094591259e-01
-1.226233009557542025e-01
-6.390647691991735782e-03
1.173305570209079718e-01
2.484355274408740766e-01
3.866955086376210882e-01
5.317420454989969514e-01
6.830461176986226679e-01
8.398942414693102432e-01
1.001368424296806614e+00
1.166335882682006497e+00
1.333446422600472747e+00
1.501127635717321329e+00
1.667570761888434561e+00
1.830713631371881256e+00
1.988238183648075807e+00
2.137594089273451292e+00
2.276040138810001334e+00
2.400685974201965500e+00
2.508530295197179960e+00
2.596508656422054084e+00
2.661562166565289100e+00
2.700725079835406550e+00
2.711225158248978584e+00
2.690593440526249491e+00
2.636778958038090259e+00
2.548262331693880167e+00
2.424165239092885837e+00
2.264355605332480259e+00
2.069545192919379772e+00
1.841369773375337138e+00
1.582438803609984124e+00
1.296342136258369804e+00
9.876035816111208288e-01
6.615747430365864767e-01
3.242681218996560366e-01
-1.786393829960327903e-02
-3.581894250176378969e-01
-6.901736009381294057e-01
-1.007646771123513085e+00
-1.305038642232811963e+00
-1.577561568293247118e+00
-1.821333702045343506e+00
-2.033441174021882070e+00
-2.211944437543232223e+00
-2.355838143460507794e+00
-2.464977085786316469e+00
-2.539982099520000869e+00
-2.582136508395485919e+00
-2.593277154217969560e+00
-2.575680263769732914e+00
-2.531944937551044550e+00
-2.464881394977123552e+00
-2.377410680765976725e+00
-2.272478358749126404e+00
-2.152983642788429464e+00
-2.021725434945898847e+00
-1.881362472425192500e+00
-1.734379430244799902e+00
-1.583053300092684079e+00
-1.429424897120460836e+00
-1.275286255979101613e+00
-1.122188131713364401e+00
-9.714602200642188379e-01
-8.242311578996952548e-01
-6.814403030847918652e-01
-5.438430277698130810e-01
-4.120169615063684621e-01
-2.863750296428259068e-01
-1.671855945334963234e-01
-5.459551056225368793e-02
5.134868010878787525e-02
1.506836797285528162e-01
2.435159720862831167e-01
3.300101305253905770e-01
4.103774076936123061e-01
4.848641838354838529e-01
5.537407942343353096e-01
6.172915551222307728e-01
6.758065964900068501e-01
7.295757067467277812e-01
7.788839854657950701e-01
8.240089250945332733e-01
8.652184715061476128e-01
9.027696994457196089e-01
9.369078401027272074e-01
9.678655109884345409e-01
9.958620706357894647e-01
1.021103076719430236e+00
1.043779847269209249e+00
1.064069132666136897e+00
1.082132895445255816e+00
1.098118188188308197e+00
1.112157124944945563e+00
1.124366914119757865e+00
1.134849936275078575e+00
1.143693835760855482e+00
1.150971608622825881e+00
1.156741663910102691e+00
1.161047838341972227e+00
1.163919348106234208e+00
1.165370664854356919e+00
1.165401306787187785e+00
1.163995539555673808e+00
1.161121980946737908e+00
1.156733108460782145e+00
1.150764674287202638e+00
1.143135033809519197e+00
1.133744396708013413e+00
1.122474016649744222e+00
1.109185341143375414e+00
1.093719150841976795e+00
1.075894725287487974e+00
1.055509073368253503e+00
1.032336283803077848e+00
1.006127050424639346e+00
9.766084450746234102e-01
9.434839976620618129e-01
9.064341528149901794e-01
8.651171682289476861e-01
8.191705064101506562e-01
7.682127696942528949e-01
7.118462403672696226e-01
6.496601361017712017e-01
5.812347981815094711e-01
5.061472305137861838e-01
4.239786756225209507e-01
3.343251794067920168e-01
2.368121902981666638e-01
1.311138118833661825e-01
1.697620848425499679e-02
-1.057570228230311910e-01
-2.371209483395884388e-01
-3.770095986314478398e-01
-5.251596968239826690e-01
-6.811325363324797211e-01
-8.442879680277408649e-01
-1.013750807997315651e+00
-1.188379319676052814e+00
-1.366747323749220255e+00
-1.547140393763561939e+00
-1.727553025503111739e+00
-1.905676361332792945e+00
-2.078885718952741879e+00
-2.244250782428133917e+00
-2.398577240920472864e+00
-2.538463119474108520e+00
-2.660353182678417028e+00
-2.760599879914817922e+00
-2.835548539721840289e+00
-2.881648858419231463e+00
-2.895584769656604607e+00
-2.874415644157002347e+00
-2.815720758060030526e+00
-2.717742076726089806e+00
-2.579525350694361840e+00
-2.401054256239052442e+00
-2.183364236520639157e+00
-1.928623574940315555e+00
-1.640172896691855398e+00
-1.322511990374493740e+00
-9.812196821573645478e-01
-6.227967432061572994e-01
-2.544326801779267511e-01
1.162897374457351890e-01
4.817268212351965562e-01
8.345108174539640489e-01
1.167859003429936982e+00
1.475829042093288468e+00
1.753503529862238786e+00
1.997096560579201263e+00
2.203986875109639865e+00
2.372691496115807652e+00
2.502794704844499396e+00
2.594843050801578954e+00
2.650216383824167465e+00
2.670986590930531701e+00
2.659772161350577591e+00
2.619591569807198539e+00
2.553721183332645417e+00
2.465567120872547147e+00
2.358556205464737321e+00
2.236045992488447265e+00
2.101254797571908917e+00
1.957211378724509121e+00
1.806716718280528378e+00
1.652309079933119262e+00
1.496234828889708490e+00
1.340436650438617372e+00
1.186564723387431242e+00
1.036002218501212546e+00
8.898904426495433118e-01
7.491459652244641942e-01
6.144725803544968112e-01
4.863753961763382927e-01
3.651813862924622178e-01
2.510652934530824276e-01
1.440767018156318691e-01
4.416455894812149063e-02
-4.880241086600204531e-02
-1.350189968179025257e-01
-2.147292790082084291e-01
-2.882138919237714481e-01
-3.557783843534251811e-01
-4.177427257942683547e-01
-4.744322427029972755e-01
-5.261701625182894082e-01
-5.732718104972713835e-01
-6.160403291127232173e-01
-6.547637022696150000e-01
-6.897128209416037992e-01
-7.211403348003905256e-01
-7.492800868847734330e-01
-7.743469521097968711e-01
-7.965369549227054868e-01
-8.160275794582493303e-01
-8.329782013146677100e-01
-8.475305920306883678e-01
-8.598094638035916892e-01
-8.699230317382278255e-01
-8.779635709960951218e-01
-8.840079541301723021e-01
-8.881181574542106327e-01
-8.903417276483183151e-01
-8.907122015896918876e-01
-8.892494743522978418e-01
-8.859601122698413933e-01
-8.808376093246980121e-01
-8.738625867642114686e-01
-8.650029377804857589e-01
-8.542139209752666051e-01
-8.414382080979756484e-01
-8.266058916115509581e-01
-8.096344676010678310e-01
-7.904288080542590800e-01
-7.688811420352384962e-01
