9.275590628934173854e-01
9.339176633292589624e-01
9.398250398393258598e-01
9.452957640826201713e-01
9.503433412973754102e-01
9.549801674266339413e-01
9.592174925717256162e-01
9.630653923592663590e-01
9.665327481591947656e-01
9.696272347901143673e-01
9.723553142846357300e-01
9.747222336577895385e-01
9.767320250096730438e-01
9.783875067416163418e-01
9.796902840315002692e-01
9.806407476487861707e-01
9.812380703462770803e-01
9.814802001504617790e-01
9.813638500868702153e-01
9.808844840105440666e-01
9.800362983211923229e-01
9.788121994184091346e-01
9.772037767632293370e-01
9.752012715776487983e-01
9.727935414879410603e-01
9.699680211081297410e-01
9.667106794949761328e-01
9.630059763150844443e-01
9.588368179856294748e-01
9.541845167878997280e-01
9.490287583793367565e-01
9.433475840522591582e-01
9.371173947062780840e-01
9.303129863447555659e-01
9.229076274608503105e-01
9.148731858204784961e-01
9.061803097320669798e-01
8.967986619221232081e-01
8.866971956947817812e-01
8.758444597446404245e-01
8.642089203986101920e-01
8.517593123789720666e-01
8.384650671165180258e-01
8.242969139045671634e-01
8.092277741995294038e-01
7.932340318637762788e-01
7.762971314116492438e-01
7.584052584897765792e-01
7.395547058455638201e-01
7.197505761458861118e-01
6.990067974364665426e-01
6.773459009774708273e-01
6.547992669727435988e-01
6.314082267323120057e-01
6.072255497463043827e-01
5.823160991617808424e-01
5.567556405740295977e-01
5.306280064726913714e-01
5.040218754205016971e-01
4.770280801279615512e-01
4.497371304725915619e-01
4.222363006071497282e-01
3.946065099390405062e-01
3.669197096504374089e-01
3.392369132047045599e-01
3.116065890308363229e-01
2.840635200107574088e-01
2.566285720602793363e-01
2.293095592142261330e-01
2.021030540899095285e-01
1.749968406076725658e-01
1.479725263140646563e-01
1.210077815974805182e-01
9.407801721548947338e-02
6.715771129652942095e-02
4.022154286863623834e-02
1.324509408642714041e-02
-1.379525685050228719e-02
-4.092328561878429138e-02
-6.816425040548454439e-02
-9.554589708331853726e-02
-1.230986157842941381e-01
-1.508546346036651054e-01
-1.788464831929106880e-01
-2.071050415576636550e-01
-2.356573071614453396e-01
-2.645237731848917861e-01
-2.937153197703832319e-01
-3.232298374689313025e-01
-3.530491763741637201e-01
-3.831370244178179396e-01
-4.134379072748828321e-01
-4.438773563817942636e-01
-4.743636556196391130e-01
-5.047911747096861523e-01
-5.350439461951191911e-01
-5.649987187875832317e-01
-5.945291263589325137e-01
-6.235118878530716557e-01
-6.518323128170013803e-01
-6.793863132412008010e-01
-7.060803323742492754e-01
-7.318327271344872154e-01
-7.565773104074561273e-01
-7.802662067614805075e-01
-8.028693509029449782e-01
-8.243710954081456821e-01
-8.447665524956463612e-01
-8.640596256919310658e-01
-8.822626589369407801e-01
-8.993964311468832795e-01
-9.154894452069933797e-01
-9.305763268321209924e-01
-9.446957690089471393e-01
-9.578885665932733717e-01
-9.701960772373272590e-01
-9.816591877210839590e-01
-9.923177022619849019e-01
-1.002210016708225071e+00
-1.011372956418200797e+00
-1.019841696677441512e+00
-1.027649717690952924e+00
-1.034828774096777426e+00
-1.041408872164428567e+00
-1.047418254485744660e+00
-1.052883392873382062e+00
-1.057828989846855361e+00
-1.062277990386607529e+00
-1.066251601317898423e+00
-1.069769317514071005e+00
-1.072848954715590164e+00
-1.075506685617331204e+00
-1.077757078550556136e+00
-1.079613136645791727e+00
-1.081086337048264623e+00
-1.082186668794996809e+00
-1.082922668257923826e+00
-1.083301451401732729e+00
-1.083328742346981066e+00
-1.083008897918399382e+00
-1.082344927968783788e+00
-1.081338511370655286e+00
-1.079990007721859824e+00
-1.078298464873676865e+00
-1.076261622559542719e+00
-1.073875912594410176e+00
-1.071136456388849467e+00
-1.068037060851288578e+00
-1.064570214103556678e+00
-1.060727081633990654e+00
-1.056497504917287777e+00
-1.051870003259825159e+00
-1.046831781201273737e+00
-1.041368742478898879e+00
-1.035465509147218022e+00
-1.029105444803679825e+00
-1.022270679542879757e+00
-1.014942128758485440e+00
-1.007099499476475923e+00
-9.987212756019724358e-01
-9.897846765726494578e-01
-9.802655916174773942e-01
-9.701385070963237656e-01
-9.593764636754753550e-01
-9.479511051709610392e-01
-9.358328976023360113e-01
-9.229915929431627974e-01
-9.093969741016526553e-01
-8.950198337758688005e-01
-8.798330369273380525e-01
-8.638124440377111801e-01
-8.469375200780251411e-01
-8.291916503298282226e-01
-8.105624698631198610e-01
-7.910426752793277005e-01
-7.706315972207702369e-01
-7.493372543546902298e-01
-7.271780429068237517e-01
-7.041832007259914983e-01
-6.803919502725864765e-01
-6.558522489688913826e-01
-6.306203765880897816e-01
-6.047616184821701379e-01
-5.783508476441793222e-01
-5.514714259063926427e-01
-5.242120913377612546e-01
-4.966631048358019496e-01
-4.689130549582416485e-01
-4.410464089828458056e-01
-4.131411282662313944e-01
-3.852662402470962144e-01
-3.574798582340530384e-01
-3.298278307820460831e-01
-3.023428317414227906e-01
-2.750440019853381268e-01
-2.479375747679676278e-01
-2.210186492851057283e-01
-1.942737388346339467e-01
-1.676834799930067010e-01
-1.412250371768202506e-01
-1.148740291338156139e-01
-8.860604226105446568e-02
-6.239787270437154032e-02
-3.622847140101113222e-02
-1.007930738446046783e-02
1.606615999998362021e-02
4.222384869847387034e-02
6.841071246048024967e-02
9.464594937636157390e-02
1.209513128208457022e-01
1.473505794740616326e-01
1.738685099755708785e-01
2.005295373501987111e-01
2.273561579050817627e-01
2.543668829251221064e-01
2.815737269798003761e-01
3.089794628369729734e-01
3.365751602821021593e-01
3.643386140634742310e-01
3.922339330242003430e-01
4.202120291037872435e-01
4.482116178539414797e-01
4.761607361771679203e-01
5.039789099232531155e-01
5.315796154002910834e-01
5.588726207983177874e-01
5.857665979582793447e-01
6.121726513115981483e-01
6.380082289285700092e-01
6.631997838725005590e-01
6.876832823585812271e-01
7.114034417124501797e-01
7.343133951169675822e-01
7.563755601191266553e-01
7.775629680086754147e-01
7.978597379340023332e-01
8.172600803622795951e-01
8.357663089614056906e-01
8.533868616888834469e-01
8.701350297056598126e-01
8.860284170077754595e-01
9.010886904298252009e-01
9.153411545472136535e-01
9.288139577832998928e-01
9.415370214483649303e-01
9.535409306069826396e-01
9.648560008506233965e-01
9.755116330752697795e-01
9.855359567064936321e-01
9.949556962501872048e-01
1.003796172888721694e+00
1.012081365701739344e+00
1.019833979576766358e+00
1.027075493380754434e+00
1.033826180438173203e+00
1.040105104267238456e+00
1.045930098650432516e+00
1.051317739774409565e+00
1.056283318708503671e+00
1.060840818354832793e+00
1.065002896542574184e+00
1.068780876403883529e+00
1.072184743741973367e+00
1.075223148751839553e+00
1.077903410971010834e+00
1.080231525663177150e+00
1.082212170755218361e+00
1.083848712567023087e+00
1.085143208835704476e+00
1.086096408524117818e+00
1.086707748418826336e+00
1.086975345239770352e+00
1.086895983372082375e+00
1.086465098093292170e+00
1.085676754298539937e+00
1.084523620885288642e+00
1.082996940999896962e+00
1.081086498307329835e+00
1.078780580783539556e+00
1.076065941666391135e+00
1.072927758623689165e+00
1.069349592767508073e+00
1.065313349004435750e+00
1.060799238275781153e+00
1.055785743570532897e+00
1.050249591475600930e+00
1.044165731687583643e+00
1.037507324631431249e+00
1.030245739239903591e+00
1.022350561837180871e+00
1.013789615204390149e+00
1.004528988512188192e+00
9.945330788647164244e-01
9.837646508161214109e-01
9.721849334898570172e-01
9.597537979178523138e-01
9.464300922164030627e-01
9.321722539846597488e-01
9.169393376004830731e-01
9.006925509935048701e-01
8.833972433393844081e-01
8.650250202803043686e-01
8.455554313740808459e-01
8.249767450307126104e-01
8.032859467107128504e-01
7.804890231743908391e-01
7.566028929105313994e-01
7.316591334215849507e-01
7.057074888455594497e-01
6.788163709162675641e-01
6.510698164607753302e-01
6.225637104853348758e-01
5.934043040673927516e-01
5.637082895042944131e-01
5.336007246691397699e-01
5.032093618606063856e-01
4.726583355536736475e-01
4.420639890102813774e-01
4.115318246155779680e-01
3.811529172881175098e-01
3.510006329801843017e-01
3.211290075748320927e-01
2.915727399765319916e-01
2.623483536506628355e-01
2.334564589817241242e-01
2.048848972780369926e-01
1.766121501453505604e-01
1.486104346989217395e-01
1.208483010978915612e-01
9.329285729965480778e-02
6.591171478309645893e-02
3.867449094891699246e-02
1.155354229025725224e-02
-1.547627965595104946e-02
-4.243869033678627362e-02
-6.935729747417337943e-02
-9.625649206095196475e-02
-1.231614795082402597e-01
-1.500975303819336582e-01
-1.770888403075680517e-01
-2.041572064862287594e-01
-2.313203332152111436e-01
-2.585895671199833212e-01
-2.859672924319680010e-01
-3.134445408192130800e-01
-3.409992905924964512e-01
-3.685957341928846609e-01
-3.961846278131184174e-01
-4.237045001937695954e-01
-4.510832852705070062e-01
-4.782403024835339411e-01
-5.050888680339992165e-01
-5.315393858995688392e-01
-5.575022234323797621e-01
-5.828901570531933585e-01
-6.076210099594648861e-01
-6.316207770546518052e-01
-6.548263567347848424e-01
-6.771866767382067609e-01
-6.986620129173259919e-01
-7.192224702561625937e-01
-7.388468154110975350e-01
-7.575221564562836241e-01
-7.752441323207056589e-01
-7.920169294501676616e-01
-8.078526625493107627e-01
-8.227700982384995587e-01
-8.367930308923696714e-01
-8.499486934647874081e-01
-8.622664602533518519e-01
-8.737769136353008559e-01
-8.845112149225946574e-01
-8.945006699698655472e-01
-9.037763945012893263e-01
-9.123690213038876395e-01
-9.203084297613987053e-01
-9.276235008966572382e-01
-9.343419074309098349e-01
-9.404899475658791141e-01
-9.460924261509274791e-01
-9.511725785516547127e-01
-9.557520329509446855e-01
-9.598508024531988703e-01
-9.634872976766296615e-01
-9.666783542883383706e-01
-9.694392689645033867e-01
-9.717838398529416999e-01
-9.737244076552684646e-01
-9.752718953983356975e-01
-9.764358457678483649e-01
-9.772244553971858316e-01
-9.776446049847727915e-01
-9.777018853259163977e-01
-9.774006192852889852e-01
-9.767438797012675256e-01
-9.757335034563735521e-01
-9.743701019498949289e-01
-9.726530684731641285e-01
-9.705805829320373057e-01
-9.681496145690312582e-01
-9.653559239515765444e-01
-9.621940651971885305e-01
-9.586573897189979432e-01
-9.547380529460017806e-01
-9.504270257725662141e-01
-9.457141117942061692e-01
-9.405879716460497919e-01
-9.350361537795985889e-01
-9.290451304766282892e-01
-9.226003361889614229e-01
-9.156862031571393334e-01
-9.082861876504173537e-01
-9.003827814166213139e-01
-8.919575039589656695e-01
-8.829908784746161032e-01
-8.734624057956635879e-01
-8.633505648878821992e-01
-8.526328863342899078e-01
-8.412861572268217625e-01
-8.292868172255561943e-01
-8.166115872813703991e-01
-8.032383267007645600e-01
-7.891470511735574345e-01
-7.743209728571858186e-01
-7.587473823423361852e-01
-7.424182098746199276e-01
-7.253302034206787763e-01
-7.074848233760063776e-01
-6.888881063642940950e-01
-6.695508006010653101e-01
-6.494889517428754644e-01
-6.287248523661449484e-01
-6.072879924538140406e-01
-5.852155701346840599e-01
-5.625523152452380771e-01
-5.393496954316788772e-01
-5.156647253533709341e-01
-4.915584740698507038e-01
-4.670941776288886627e-01
-4.423349575426804847e-01
-4.173414728029955501e-01
-3.921699846818278989e-01
-3.668710590643960434e-01
-3.414886804220008121e-01
-3.160593446095218417e-01
-2.906109496550308147e-01
-2.651617938552884302e-01
-2.397202940932781634e-01
-2.142858201865487644e-01
-1.888504807861455248e-01
-1.634012599892193385e-01
-1.379219156537093982e-01
-1.123944160698598788e-01
-8.680004095237502104e-02
-6.112032243902286444e-02
-3.533777593551892110e-02
-9.436132301832121649e-03
1.660021160472341731e-02
4.278750518376181478e-02
6.914429693920103037e-02
9.569278458966509748e-02
1.224593326192684184e-01
1.494739877891591018e-01
1.767691856272465556e-01
2.043779748786068717e-01
2.323319405911785929e-01
2.606587612883048966e-01
2.893792738749038085e-01
3.185041346145202068e-01
3.480304261321988668e-01
3.779386447369409430e-01
4.081905642852471927e-01
4.387286273601904152e-01
4.694772523935811237e-01
5.003452170842931368e-01
5.312276241841916713e-01
5.620078969387178880e-01
5.925622200116177352e-01
6.227664041169963527e-01
6.525012217248876700e-01
6.816536996290628592e-01
7.101172019098145327e-01
7.377943768835908411e-01
7.646025091214978531e-01
7.904770698893999192e-01
8.153709866639426984e-01
8.392513650230086775e-01
8.620968329179352629e-01
8.838966980612312785e-01
9.046508806348837473e-01
9.243693258836378490e-01
9.430706132568676958e-01
9.607802053723026869e-01
9.775287543075478203e-01
9.933505815085550417e-01
1.008282300614416371e+00
1.022361596142447260e+00
1.035626233768274895e+00
1.048113363992988711e+00
1.059859111781170649e+00
