1.070898382165104579e+00
1.081264788140824828e+00
1.090990620975699654e+00
1.100106815348449230e+00
1.108642893588805300e+00
1.116626894217530586e+00
1.124085298294327462e+00
1.131042965890392216e+00
1.137523092144713699e+00
1.143547185662917576e+00
1.149135068444457897e+00
1.154304894461649855e+00
1.159073181514948647e+00
1.163454852685418484e+00
1.167463282693993687e+00
1.171110345730622448e+00
1.174406462515907856e+00
1.177360644663778544e+00
1.179980534681339011e+00
1.182272441004230901e+00
1.184241367356351660e+00
1.185891036167479484e+00
1.187223905766009224e+00
1.188241181158216753e+00
1.188942818243654997e+00
1.189327521388266584e+00
1.189392734367319848e+00
1.189134624505759907e+00
1.188548059987309058e+00
1.187626580246665675e+00
1.186362359497393992e+00
1.184746163433722410e+00
1.182767299143089756e+00
1.180413558476326452e+00
1.177671155281517557e+00
1.174524657149282225e+00
1.170956912277060891e+00
1.166948972480258861e+00
1.162480013223440745e+00
1.157527252553670172e+00
1.152065870609112475e+00
1.146068930808786801e+00
1.139507305548992599e+00
1.132349608806517915e+00
1.124562138817037038e+00
1.116108836784298175e+00
1.106951268864526883e+00
1.097048644135140361e+00
1.086357883675789004e+00
1.074833757976124460e+00
1.062429105488486902e+00
1.049095135174961113e+00
1.034781803491164887e+00
1.019438263654862231e+00
1.003013436126034774e+00
9.854568638452723128e-01
9.667201410486068180e-01
9.467591947154790910e-01
9.255374020689259851e-01
9.030290064020259910e-01
8.792219456768690655e-01
8.541194672736198701e-01
8.277406535007743038e-01
8.001206966377133467e-01
7.713123629193144870e-01
7.413900330832347008e-01
7.104550412496859479e-01
6.786366704357600366e-01
6.460843329504663002e-01
6.129559483084843219e-01
5.794127844236345304e-01
5.456213036601336164e-01
5.117511211345736610e-01
4.779641714570338484e-01
4.444037814204561121e-01
4.111905461038439791e-01
3.784210419190613961e-01
3.461655548603649879e-01
3.144672601250356192e-01
2.833447393659254687e-01
2.527961401054329427e-01
2.228033558049593577e-01
1.933361803928534406e-01
1.643564704542334332e-01
1.358218851133305427e-01
1.076889844775614224e-01
7.991581875644887534e-02
5.246399240925359725e-02
2.529984941399519849e-02
-1.605535586549751426e-03
-2.827741545666177109e-02
-5.473885398189028140e-02
-8.101189441244066591e-02
-1.071179660427406255e-01
-1.330775546787963115e-01
-1.589094862882926562e-01
-1.846301386223834495e-01
-2.102525879291936850e-01
-2.357854445829438983e-01
-2.612312059607220793e-01
-2.865843386668084358e-01
-3.118296797015702171e-01
-3.369418209866745784e-01
-3.618857300110649433e-01
-3.866181981641052534e-01
-4.110894143940012069e-01
-4.352442937139625601e-01
-4.590237324365979421e-01
-4.823661587077893720e-01
-5.052095334443209573e-01
-5.274936064540004521e-01
-5.491620260529935793e-01
-5.701639791589394601e-01
-5.904553071017467625e-01
-6.099992450818958467e-01
-6.287669034953977665e-01
-6.467374430195840240e-01
-6.638978185581084768e-01
-6.802420620381314231e-01
-6.957702446174277577e-01
-7.104873648474627768e-01
-7.244023842015822057e-01
-7.375275173021689223e-01
-7.498777604071585889e-01
-7.614705653199954627e-01
-7.723255546418700268e-01
-7.824642045319611938e-01
-7.919094641563312331e-01
-8.006853224328344121e-01
-8.088163498990513789e-01
-8.163272523015516757e-01
-8.232424655066479247e-01
-8.295858117086584160e-01
-8.353802234749613254e-01
-8.406475369081314319e-01
-8.454083457782063382e-01
-8.496819079965326482e-01
-8.534860927458823854e-01
-8.568373585290793848e-01
-8.597507535848696314e-01
-8.622399315964103250e-01
-8.643171754945004892e-01
-8.659934258966283105e-01
-8.672783119348861369e-01
-8.681801814039425969e-01
-8.687061283132117007e-01
-8.688620180882060673e-01
-8.686525091378034524e-01
-8.680810704917225618e-01
-8.671499955231488643e-01
-8.658604118659243287e-01
-8.642122876826060507e-01
-8.622044350959837677e-01
-8.598345113304830534e-01
-8.570990172974177757e-01
-8.539932966494384603e-01
-8.505115360788735313e-01
-8.466467680700628939e-01
-8.423908781374506161e-01
-8.377346209080881456e-01
-8.326676466394052900e-01
-8.271785419411038509e-01
-8.212548866703162087e-01
-8.148833312834303788e-01
-8.080496958046813338e-01
-8.007390918651472456e-01
-7.929360672711959213e-01
-7.846247710983228485e-01
-7.757891369422500460e-01
-7.664130783982476824e-01
-7.564806957459722092e-01
-7.459764895380571748e-01
-7.348855856628069283e-01
-7.231939776083785576e-01
-7.108887975250923752e-01
-6.979586271519959695e-01
-6.843938542458105623e-01
-6.701870668617644355e-01
-6.553334617854098543e-01
-6.398312322925878703e-01
-6.236819047128091542e-01
-6.068906206653825741e-01
-5.894664032837473311e-01
-5.714224730970035582e-01
-5.527766493017467475e-01
-5.335517800816239609e-01
-5.137760162606253012e-01
-4.934826575838216489e-01
-4.727093510211843874e-01
-4.514966449038466667e-01
-4.298862073713543563e-01
-4.079191951386975101e-01
-3.856351404540720451e-01
-3.630713234705510994e-01
-3.402622155082304367e-01
-3.172385679189816954e-01
-2.940260945801035364e-01
-2.706441412441421002e-01
-2.471048845826077367e-01
-2.234133872440907109e-01
-1.995684527280954246e-01
-1.755639354275617681e-01
-1.513901036860799132e-01
-1.270347994014390525e-01
-1.024843175545380458e-01
-7.772405110756336333e-02
-5.273897304075103598e-02
-2.751396487929880924e-02
-2.033856490932545169e-03
2.371708571918518943e-02
4.975639609679732844e-02
7.610516227064084704e-02
1.027896680735090051e-01
1.298422246434307592e-01
1.573008337858930461e-01
1.852077567138129544e-01
2.136072226163847343e-01
2.425424635931324180e-01
2.720523225745766771e-01
3.021677540271897611e-01
3.329081394568422225e-01
3.642768390014983204e-01
3.962561795382492646e-01
4.288039387420525816e-01
4.618530248436036323e-01
4.953124235277929777e-01
5.290667296770020789e-01
5.629771691283618207e-01
5.968890856827030467e-01
6.306427770217067907e-01
6.640792128798286287e-01
6.970398577942181761e-01
7.293683709245318836e-01
7.609184438785218108e-01
7.915633818984627590e-01
8.212013487460537720e-01
8.497548106226580078e-01
8.771665148918150745e-01
9.033955114286162935e-01
9.284157709691249760e-01
9.522170142728395570e-01
9.748050964728208756e-01
9.962001930816759554e-01
1.016433390852482521e+00
1.035543210755081045e+00
1.053572901757628522e+00
1.070568475177849699e+00
1.086577195811134988e+00
1.101646407970375385e+00
1.115822718237874822e+00
1.129151538375830155e+00
1.141676900912547143e+00
1.153441406872354635e+00
1.164486183173948808e+00
1.174850786864309216e+00
1.184573051899110441e+00
1.193688908683020244e+00
1.202232214871526983e+00
1.210234626323509755e+00
1.217725525348374305e+00
1.224732006894109659e+00
1.231278915868492252e+00
1.237388923440666755e+00
1.243082629316487164e+00
1.248378678351254933e+00
1.253293881765392470e+00
1.257843336129097711e+00
1.262040535275809949e+00
1.265897472365875576e+00
1.269424730765481790e+00
1.272631563271880761e+00
1.275525959997851011e+00
1.278114705532154893e+00
1.280403426192648908e+00
1.282396628132179028e+00
1.284097727190401494e+00
1.285509071188377206e+00
1.286631955267373506e+00
1.287466630736752382e+00
1.288012307774774934e+00
1.288267152237551505e+00
1.288228276749859180e+00
1.287891726043492779e+00
1.287252456453045646e+00
1.286304309410481128e+00
1.285039978710767805e+00
1.283450971044925115e+00
1.281527559311248510e+00
1.279258728039516457e+00
1.276632110156188826e+00
1.273633914124003175e+00
1.270248840180643324e+00
1.266459984389090687e+00
1.262248728972082956e+00
1.257594617297386863e+00
1.252475211689357826e+00
1.246865932851987768e+00
1.240739880026005215e+00
1.234067632516821167e+00
1.226817035772389097e+00
1.218952978970418544e+00
1.210437177600671710e+00
1.201227982796354565e+00
1.191280249797716184e+00
1.180545310519010682e+00
1.168971100335989943e+00
1.156502484798786812e+00
1.143081799125797771e+00
1.128649547350779603e+00
1.113145113191690072e+00
1.096507266855649476e+00
1.078674317427389617e+00
1.059584083914004049e+00
1.039174384982418653e+00
1.017385061678979019e+00
9.941620497276795199e-01
9.694627003041601521e-01
9.432607228874763106e-01
9.155500851845317367e-01
8.863484697710914961e-01
8.556997891352707830e-01
8.236741770326669876e-01
7.903675546179957934e-01
7.559058003274222726e-01
7.204515746929812670e-01
6.842031040130372999e-01
6.473792456935603123e-01
6.102009820396563367e-01
5.728846750587430758e-01
5.356452061457778191e-01
4.986911738924614257e-01
4.622073821201094224e-01
4.263407548717053075e-01
3.911994205872260100e-01
3.568565179278874733e-01
3.233516458907149671e-01
2.906933311559264377e-01
2.588650856310864556e-01
2.278323064845652057e-01
1.975477719338043781e-01
1.679563677887134232e-01
1.389999189645897415e-01
1.106216423168748658e-01
8.276936722205036068e-02
5.539732185182003749e-02
2.846671742427580448e-02
1.945292969945160155e-03
-2.419400085936860775e-02
-4.997464611528476541e-02
-7.541778630363438207e-02
-1.005426423186754348e-01
-1.253663291296528426e-01
-1.499035393183763276e-01
-1.741663040192731882e-01
-1.981636920042244010e-01
-2.219012513238228235e-01
-2.453801574488808923e-01
-2.685961710320418083e-01
-2.915386271567064758e-01
-3.141898087897770919e-01
-3.365250904204878379e-01
-3.585140005773134741e-01
-3.801219122597622735e-01
-4.013117789018494364e-01
-4.220454311893245825e-01
-4.422843747335181153e-01
-4.619904205645669060e-01
-4.811265397171136105e-01
-4.996580753862807089e-01
-5.175541146989829366e-01
-5.347886646005879374e-01
-5.513413594807803353e-01
-5.671976246445664671e-01
-5.823483923910771631e-01
-5.967895505318946414e-01
-6.105212930297936325e-01
-6.235474871945869690e-01
-6.358751107558732185e-01
-6.475137668494345133e-01
-6.584752618063544061e-01
-6.687732264737024090e-01
-6.784227653400818348e-01
-6.874401256017271811e-01
-6.958423845750708603e-01
-7.036471571416553772e-01
-7.108723264961949173e-01
-7.175358007854910625e-01
-7.236552976410399740e-01
-7.292481572249316368e-01
-7.343311830879262203e-01
-7.389205085017938046e-01
-7.430314874084451571e-01
-7.466786065388563154e-01
-7.498754162061535000e-01
-7.526344770409382212e-01
-7.549673206922826729e-01
-7.568844219713574129e-01
-7.583951799023898044e-01
-7.595079063870885383e-01
-7.602298208362037180e-01
-7.605670493444222080e-01
-7.605246275016929181e-01
-7.601065060120421046e-01
-7.593155585223005932e-01
-7.581535913056346443e-01
-7.566213546300524229e-01
-7.547185558491285029e-01
-7.524438743848128608e-01
-7.497949791414697529e-01
-7.467685490120945513e-01
-7.433602969351462697e-01
-7.395649987876856679e-01
-7.353765284790132473e-01
-7.307879003645022520e-01
-7.257913205926512790e-01
-7.203782483645019274e-01
-7.145394693489530713e-01
-7.082651821766328126e-01
-7.015450978044878161e-01
-6.943685525051207508e-01
-6.867246331158276540e-01
-6.786023109577485890e-01
-6.699905822328022786e-01
-6.608786088122573510e-01
-6.512558562586965305e-01
-6.411122256057009139e-01
-6.304381807012141570e-01
-6.192248792541695801e-01
-6.074643243772002155e-01
-5.951495621397165925e-01
-5.822749544371433883e-01
-5.688365502452192857e-01
-5.548325568190283219e-01
-5.402638727854243150e-01
-5.251345987836347762e-01
-5.094524037692718110e-01
-4.932286239561505248e-01
-4.764780294904377156e-01
-4.592182996734395783e-01
-4.414693485983419707e-01
-4.232526750029227403e-01
-4.045908508184032359e-01
-3.855071398579278386e-01
-3.660251335879619039e-01
-3.461682633538787357e-01
-3.259590956359608160e-01
-3.054183992930327718e-01
-2.845640659339507272e-01
-2.634100536522856473e-01
-2.419655824858490401e-01
-2.202348220465105144e-01
-1.982172102335789665e-01
-1.759083286689087366e-01
-1.533010273182918992e-01
-1.303863993290703682e-01
-1.071543457910746622e-01
-8.359374031917372883e-02
-5.969240710935330707e-02
-3.543711476572349722e-02
-1.081357664332779911e-02
1.419379235627404173e-02
3.960267059034701387e-02
6.543425873016843475e-02
9.171505958894629607e-02
1.184785051117343141e-01
1.457659044185288244e-01
1.736262250059284473e-01
2.021143297156804131e-01
2.312877454995101723e-01
2.612027243078623995e-01
2.919103789776373858e-01
3.234524949978392350e-01
3.558557691843729498e-01
3.891248563407609939e-01
4.232371325130213635e-01
4.581406309714374236e-01
4.937519929543333630e-01
5.299524333249604480e-01
5.665871799751812654e-01
6.034739969816249605e-01
6.404164720168780134e-01
6.772125837996161302e-01
7.136561138525797654e-01
7.495385439691574225e-01
7.846595822486562843e-01
8.188430422724046753e-01
8.519459184169414501e-01
8.838561844448943328e-01
9.144872783720925380e-01
9.437759552012959796e-01
9.716824652347940683e-01
9.981907600678532333e-01
1.023307709016977984e+00
1.047059923572737583e+00
1.069487965238944849e+00
1.090640220086388501e+00
1.110568924995394280e+00
1.129328701420497794e+00
1.146976262516458345e+00
1.163569983895526905e+00
