4.967477092612052614e-01
5.347766455623843562e-01
5.746221016725686637e-01
6.161605422541280852e-01
6.591973342909009936e-01
7.034681754399169096e-01
7.486497442145456649e-01
7.943703841579403679e-01
8.402289453215711079e-01
8.858233663312520267e-01
9.307710453475078749e-01
9.747220843967238091e-01
1.017380728357400121e+00
1.058525785412623321e+00
1.098010057105617499e+00
1.135748957364188128e+00
1.171714430770131488e+00
1.205930162839112141e+00
1.238461698847611814e+00
1.269402922059603922e+00
1.298862671083685028e+00
1.326954299846989427e+00
1.353789158429398176e+00
1.379473007962901621e+00
1.404103648763463941e+00
1.427768738770617940e+00
1.450543891581268729e+00
1.472491693045496763e+00
1.493662078754457889e+00
1.514093980468733669e+00
1.533817725154442257e+00
1.552857561323767399e+00
1.571233841138850451e+00
1.588964635116748125e+00
1.606066771740571442e+00
1.622556413796381936e+00
1.638449321394548353e+00
1.653760938292527127e+00
1.668506399107950733e+00
1.682700516995470741e+00
1.696357776408400131e+00
1.709492334999458407e+00
1.722118031446366659e+00
1.734248397236424211e+00
1.745896669762958764e+00
1.757075805120969836e+00
1.767798489542416585e+00
1.778077144606883486e+00
1.787923921797763382e+00
1.797350684263015141e+00
1.806368977343988158e+00
1.814989993073113927e+00
1.823224534343567349e+00
1.831082983331109748e+00
1.838575277607923164e+00
1.845710894866808838e+00
1.852498845850941267e+00
1.858947673911966580e+00
1.865065458336387483e+00
1.870859819525225509e+00
1.876337923454066248e+00
1.881506484925016931e+00
1.886371768196192011e+00
1.890939585121520272e+00
1.895215291213912190e+00
1.899203779463337183e+00
1.902909472952985181e+00
1.906336316921424467e+00
1.909487770056882860e+00
1.912366795935879882e+00
1.914975854940303979e+00
1.917316896847754970e+00
1.919391354092262247e+00
1.921200135669166364e+00
1.922743621903638456e+00
1.924021660343941509e+00
1.925033562328415604e+00
1.925778100345207688e+00
1.926253506254467229e+00
1.926457470283609474e+00
1.926387140752727767e+00
1.926039124529350888e+00
1.925409488147888704e+00
1.924493759560595096e+00
1.923286930527001504e+00
1.921783459567810048e+00
1.919977275653639515e+00
1.917861782045623853e+00
1.915429860992637900e+00
1.912673879312288827e+00
1.909585694648079368e+00
1.906156662868854657e+00
1.902377647687472084e+00
1.898239033043341850e+00
1.893730739491352733e+00
1.888842245679053677e+00
1.883562617417472440e+00
1.877880545505339116e+00
1.871784393962734994e+00
1.865262260486518775e+00
1.858302048133684270e+00
1.850891547556717143e+00
1.843018525590083057e+00
1.834670813549389878e+00
1.825836385766133496e+00
1.816503416782484948e+00
1.806660304559595698e+00
1.796295650347121020e+00
1.785398189649633593e+00
1.773956677248081482e+00
1.761959738529229824e+00
1.749395706552189012e+00
1.736252464769964643e+00
1.722517315006664607e+00
1.708176886065524647e+00
1.693217100139664089e+00
1.677623214966583287e+00
1.661379949765951825e+00
1.644471679097435635e+00
1.626882626728326731e+00
1.608596942847249300e+00
1.589598515778318566e+00
1.569870360754545890e+00
1.549393457032115728e+00
1.528144997415521456e+00
1.506096141154033896e+00
1.483209489167848227e+00
1.459436551280690386e+00
1.434715508152055063e+00
1.408969627562436600e+00
1.382106702171125301e+00
1.354019662723758177e+00
1.324588151997275531e+00
1.293680835933372242e+00
1.261159181655801431e+00
1.226885024114957146e+00
1.190734113327252652e+00
1.152613926008040357e+00
1.112480380724653939e+00
1.070351439927970771e+00
1.026320455772846696e+00
9.805698142793217720e-01
9.333810619822628940e-01
8.851304653846715498e-01
8.362645934428385441e-01
7.872735449904229021e-01
7.386646601856937666e-01
6.909281746051348927e-01
6.445035512107349929e-01
5.997545437863445184e-01
5.569537801264491383e-01
5.162787057384397027e-01
4.778223294585063341e-01
4.416052233307347641e-01
4.075858982162212651e-01
3.756754738021800266e-01
3.457548503331394629e-01
3.176900647268372513e-01
2.913433267515393998e-01
2.665794765788183085e-01
2.432695212114959482e-01
2.212931327706028906e-01
2.005408572394452582e-01
1.809157527455111658e-01
1.623339855001111331e-01
1.447242692441065848e-01
1.280264275503800731e-01
1.121895299373023569e-01
9.717000361720895540e-02
8.292995784469565923e-02
6.943581288380291927e-02
5.665722973508990901e-02
4.456629933190733861e-02
3.313694439870955299e-02
2.234449208830746603e-02
1.216537875836717908e-02
2.576954269631726024e-03
-6.442641201308996202e-03
-1.491454817149771156e-02
-2.285922254359264161e-02
-3.029644609319214268e-02
-3.724532209147653206e-02
-4.372426214644213605e-02
-4.975096930746203405e-02
-5.534242066922560183e-02
-6.051485152904311632e-02
-6.528374210077406148e-02
-6.966380749694117691e-02
-7.366899075028432442e-02
-7.731245882819096082e-02
-8.060660120409804397e-02
-8.356303066502808463e-02
-8.619258592297357469e-02
-8.850533561547424544e-02
-9.051058340208287256e-02
-9.221687383332917431e-02
-9.363199868569625772e-02
-9.476300351948449552e-02
-9.561619422870248908e-02
-9.619714351689799547e-02
-9.651069706732536002e-02
-9.656097930492187065e-02
-9.635139864768826889e-02
-9.588465217409468389e-02
-9.516272965374820980e-02
-9.418691695809897069e-02
-9.295779881927287991e-02
-9.147526098328019606e-02
-8.973849179457418779e-02
-8.774598330676816604e-02
-8.549553204088959635e-02
-8.298423953217912152e-02
-8.020851270268906930e-02
-7.716406433766118123e-02
-7.384591368591580940e-02
-7.024838746776784770e-02
-6.636512136576215581e-02
-6.218906195794929315e-02
-5.771246909405852721e-02
-5.292691871181950947e-02
-4.782330567194222753e-02
-4.239184627297991337e-02
-3.662207990815142394e-02
-3.050286907099755696e-02
-2.402239689803254558e-02
-1.716816126651372551e-02
-9.926964649415108422e-03
-2.284898906599198976e-03
5.772675565553178623e-03
1.426115673744248608e-02
2.319673436116539977e-02
3.259643089899753182e-02
4.247815203014902036e-02
5.286075227844284907e-02
6.376412535967555806e-02
7.520933525859552216e-02
8.721881203227707657e-02
9.981664331632224274e-02
1.130289961791554609e-01
1.268847004890821251e-01
1.414160109695327128e-01
1.566595379068460026e-01
1.726572985752001799e-01
1.894577986840639827e-01
2.071170128443895475e-01
2.256991145724180359e-01
2.452768150420985283e-01
2.659312197937629962e-01
2.877511789093299410e-01
3.108321392469622357e-01
3.352744808850697256e-01
3.611812062043000537e-01
3.886546754634228051e-01
4.177918997776543519e-01
4.486778778880543550e-01
4.813769943941903495e-01
5.159236589133633366e-01
5.523136232646138621e-01
5.904954328491888171e-01
6.303616595165564274e-01
6.717443004430122544e-01
7.144161576349272735e-01
7.580935864608476793e-01
8.024428013785697145e-01
8.470974137827804729e-01
8.916852269397791408e-01
9.358465461279753539e-01
9.792437844415240455e-01
1.021581347604319623e+00
1.062627053738574467e+00
1.102217695106600281e+00
1.140252303189063898e+00
1.176683444549079693e+00
1.211512024303075252e+00
1.244782702858197032e+00
1.276573812795264384e+00
1.306982874655229221e+00
1.336114022698952741e+00
1.364070483724344252e+00
1.390950691733075173e+00
1.416845712607940566e+00
1.441837029688169514e+00
1.465994871926920462e+00
1.489377454828003877e+00
1.512031244368896798e+00
1.533992131245244694e+00
1.555287292030125279e+00
1.575937435362888328e+00
1.595959069804139929e+00
1.615366439368566942e+00
1.634172900626078340e+00
1.652391694438793968e+00
1.670036220827769036e+00
1.687119999879158838e+00
1.703656486280779703e+00
1.719658845000743952e+00
1.735139732854452888e+00
1.750111097277531780e+00
1.764584008402260817e+00
1.778568558874093819e+00
1.792073864335740119e+00
1.805108179952953806e+00
1.817679117804378075e+00
1.829793922184207888e+00
1.841459745956875782e+00
1.852683874407095255e+00
1.863473860657564263e+00
1.873837559876608605e+00
1.883783072247267487e+00
1.893318621305491112e+00
1.902452402468509440e+00
1.911192433947334957e+00
1.919546434809986213e+00
1.927521743734635917e+00
1.935125281820276211e+00
1.942363553182690383e+00
1.949242673575898088e+00
1.955768413261593786e+00
1.961946243850217098e+00
1.967781378221432176e+00
1.973278798756798125e+00
1.978443270124655484e+00
1.983279336769073975e+00
1.987791306728668550e+00
1.991983224530950558e+00
1.995858836581094087e+00
1.999421551705996558e+00
2.002674400426860402e+00
2.005619994699385789e+00
2.008260490124770037e+00
2.010597551198760158e+00
2.012632320699223598e+00
2.014365393675729532e+00
2.015796795893626037e+00
2.016925966537559844e+00
2.017751744818509163e+00
2.018272360949856292e+00
2.018485430902263733e+00
2.018387954778937399e+00
2.017976318898865973e+00
2.017246301598827785e+00
2.016193082856246654e+00
2.014811257670806821e+00
2.013094853791727701e+00
2.011037353799408844e+00
2.008631721605289577e+00
2.005870433732519054e+00
2.002745515685270039e+00
1.999248583579550820e+00
1.995370890556436905e+00
1.991103378096400922e+00
1.986436731691988644e+00
1.981361440125969153e+00
1.975867856867756789e+00
1.969946262258457814e+00
1.963586923692641983e+00
1.956780151787153477e+00
1.949516349445957974e+00
1.941786051907867572e+00
1.933579956738689765e+00
1.924888944590939843e+00
1.915704094809648872e+00
1.906016704337446077e+00
1.895818320207755203e+00
1.885100800114466013e+00
1.873856412129068838e+00
1.862077974870589570e+00
1.849759021543552429e+00
1.836893946099315444e+00
1.823478061058960487e+00
1.809507482701419256e+00
1.794978777417669535e+00
1.779888364207845131e+00
1.764231760892172929e+00
1.748002854755763336e+00
1.731193426769508159e+00
1.713793116307278819e+00
1.695789877090467579e+00
1.677170778177730748e+00
1.657922826262808957e+00
1.638033430675287061e+00
1.617490239194009805e+00
1.596280292566144121e+00
1.574388634426748812e+00
1.551796573849898664e+00
1.528479733102201532e+00
1.504405928747111654e+00
1.479533002201697256e+00
1.453806928457490821e+00
1.427160646009134393e+00
1.399513814433878123e+00
1.370773272107209007e+00
1.340833973593931860e+00
1.309580770154737506e+00
1.276892146362448965e+00
1.242647565214225924e+00
1.206739904158644627e+00
1.169092075856297930e+00
1.129672582111683976e+00
1.088505166464824869e+00
1.045677238308863721e+00
1.001354026862062652e+00
9.557891607453977700e-01
9.093173617724598090e-01
8.623328233886706773e-01
8.152669642810217443e-01
7.685702832563230391e-01
7.226839815635691666e-01
6.780046637691522493e-01
6.348660160672668917e-01
5.935292105075100633e-01
5.541780386858459195e-01
5.169211512316549406e-01
4.817995908453350795e-01
4.487984663351939352e-01
4.178581417077119053e-01
3.888862902467379312e-01
3.617715410702272427e-01
3.363947242766065493e-01
3.126356025884511336e-01
2.903764722546419708e-01
2.695045038650349944e-01
2.499136327966026139e-01
2.315060450430769523e-01
2.141931229402148917e-01
1.978957928492609264e-01
1.825443243629351064e-01
1.680776889672135344e-01
1.544426139279913568e-01
1.415924746351076569e-01
1.294861571092887353e-01
1.180869931445361204e-01
1.073618353889761318e-01
9.728030476395442550e-02
8.781421198763164626e-02
7.893713449287395600e-02
7.062412310702485818e-02
6.285150786404286594e-02
5.559677531182646848e-02
4.883849361190499561e-02
4.255626792786423168e-02
3.673071345805292015e-02
3.134343764915983876e-02
2.637702659419664114e-02
2.181503236753318253e-02
1.764195993342365654e-02
1.384325322318807894e-02
1.040528011708971579e-02
7.315316765659954368e-03
4.561531474270463793e-03
2.132968471543227051e-03
1.953188766089936079e-05
-1.788029846290603575e-03
-3.298138995528523271e-03
-4.518402739708382576e-03
-5.455626505569223517e-03
-6.115826268961697953e-03
-6.504239818045199489e-03
-6.625336900513856958e-03
-6.482828198066854092e-03
-6.079673093775696258e-03
-5.418086193357773278e-03
-4.499542566008266770e-03
-3.324781725059539061e-03
-1.893810279645694733e-03
-2.059032831445949119e-04
1.740395775934856781e-03
3.947276330707499142e-03
6.417663440128135860e-03
9.155221838110363941e-03
1.216436136822583378e-02
1.545024377914478581e-02
1.901879084642774803e-02
2.287669390266494629e-02
2.703142474415206470e-02
3.149124788897766231e-02
3.626523426215515211e-02
4.136327644319456182e-02
4.679610544994531468e-02
5.257530952587829293e-02
5.871335541991491713e-02
6.522361287438960264e-02
7.212038390944239263e-02
7.941893888972448301e-02
8.713556288755633372e-02
9.528761675807298492e-02
1.038936195691957526e-01
1.129733608317058657e-01
1.225480527839028638e-01
1.326405350092656754e-01
1.432755440266412772e-01
1.544800601539875196e-01
1.662837401404519133e-01
1.787194380341230460e-01
1.918238068826325637e-01
2.056379593926141169e-01
2.202081463147742002e-01
2.355863843197099072e-01
2.518309368582155039e-01
2.690065378006479824e-01
