1.004452844044331217e+00
1.001998797817811315e+00
9.999299924905337145e-01
9.982381113396656680e-01
9.969155957578582639e-01
9.959556670146738622e-01
9.953523419289886931e-01
9.951004435932579995e-01
9.951956080774176927e-01
9.956342878314218270e-01
9.964137523269498420e-01
9.975320863264485194e-01
9.989881859357893079e-01
1.000781752485250697e+00
1.002913284008790207e+00
1.005384063877744705e+00
1.008196145837877422e+00
1.011352334424467481e+00
1.014856159765022081e+00
1.018711844375458808e+00
1.022924261054111161e+00
1.027498878691685436e+00
1.032441693455184550e+00
1.037759143888054458e+00
1.043458008789406755e+00
1.049545285714548415e+00
1.056028053182141102e+00
1.062913321127411992e+00
1.070207875458995650e+00
1.077918130699928811e+00
1.086050002925798452e+00
1.094608819425193502e+00
1.103599278591300914e+00
1.113025466771553784e+00
1.122890929508263191e+00
1.133198779056955985e+00
1.143951809020174570e+00
1.155152577100128086e+00
1.166803420639572320e+00
1.178906384985496159e+00
1.191463072134589574e+00
1.204474448874228498e+00
1.217940677119294213e+00
1.231861035582572539e+00
1.246233984287526519e+00
1.261057381914007181e+00
1.276328820639321071e+00
1.292046008122591072e+00
1.308207130986358768e+00
1.324811174972692518e+00
1.341858230169736821e+00
1.359349829659109332e+00
1.377289333665865811e+00
1.395682271269597097e+00
1.414536456582545343e+00
1.433861710758593810e+00
1.453669159294397328e+00
1.473970304162538270e+00
1.494776251464528194e+00
1.516097481879055353e+00
1.537944344683968900e+00
1.560328164036669518e+00
1.583262657120216854e+00
1.606765404830085453e+00
1.630859307486867582e+00
1.655574090517497376e+00
1.680947821441697076e+00
1.707028123427977162e+00
1.733872638770804109e+00
1.761548550520765088e+00
1.790131382625053780e+00
1.819703218202905370e+00
1.850349747942555245e+00
1.882155026505987205e+00
1.915193433902235842e+00
1.949519747988119001e+00
1.985159246267792055e+00
2.022100041520675351e+00
2.060288839035247843e+00
2.099627303469842055e+00
2.139964883557073705e+00
2.181094309621861793e+00
2.222761554792895389e+00
2.264684739865379992e+00
2.306566206753902559e+00
2.348098493693949518e+00
2.388976768199114087e+00
2.428921137021977650e+00
2.467694913246233579e+00
2.505106330054471364e+00
2.541005371641043897e+00
2.575286487421485582e+00
2.607889443465131851e+00
2.638794469168362244e+00
2.668015295857313784e+00
2.695591678473356900e+00
2.721582174125537268e+00
2.746058179324005089e+00
2.769099195732072083e+00
2.790788877232682097e+00
2.811211815585088036e+00
2.830451185736882369e+00
2.848587172502555553e+00
2.865695915825440032e+00
2.881848750105481916e+00
2.897111668886519276e+00
2.911545022075494149e+00
2.925203470346401158e+00
2.938136177916560232e+00
2.950387192863440866e+00
2.961995944260524372e+00
2.972997791449612848e+00
2.983424573824839943e+00
2.993305123935942724e+00
3.002665721145401090e+00
3.011530474390050838e+00
3.019921632978324499e+00
3.027859830602331215e+00
3.035364271902755817e+00
3.042452872339737269e+00
3.049142361815530222e+00
3.055448361405694424e+00
3.061385441051221346e+00
3.066967164226573228e+00
3.072206123735935712e+00
3.077113971586163288e+00
3.081701445148976148e+00
3.085978390291579831e+00
3.089953782657042680e+00
3.093635747086970422e+00
3.097031575282953142e+00
3.100147741988867889e+00
3.102989919439839372e+00
3.105562990068370333e+00
3.107871057394618219e+00
3.109917455215061466e+00
3.111704754854967891e+00
3.113234770652979932e+00
3.114508563605147717e+00
3.115526443197239370e+00
3.116287967454648200e+00
3.116791941218830964e+00
3.117036412719738525e+00
3.117018668451367880e+00
3.116735226393996694e+00
3.116181827641008706e+00
3.115353426491177746e+00
3.114244179046525840e+00
3.112847430401067594e+00
3.111155700506173183e+00
3.109160668825981411e+00
3.106853157960016709e+00
3.104223116354217105e+00
3.101259600344993483e+00
3.097950755683666735e+00
3.094283798844870592e+00
3.090244998287245082e+00
3.085819655715028809e+00
3.080992087342754093e+00
3.075745604637264208e+00
3.070062493525086644e+00
3.063923990154671539e+00
3.057310249874105157e+00
3.050200304257344008e+00
3.042571998664553412e+00
3.034401899700329253e+00
3.025665158749665906e+00
3.016335314142191137e+00
3.006384011520718325e+00
2.995780621571177083e+00
2.984491734152434628e+00
2.972480515883286767e+00
2.959705931034020576e+00
2.946121842494156429e+00
2.931676040988731469e+00
2.916309283862652535e+00
2.899954456424880256e+00
2.882535999911107094e+00
2.863969757364161595e+00
2.844163352031422676e+00
2.823017109578143558e+00
2.800425367272738608e+00
2.776277916171731697e+00
2.750461629852451129e+00
2.722863214865086867e+00
2.693374803759110314e+00
2.661903213830444148e+00
2.628381064210271401e+00
2.592777604173071460e+00
2.555110181179195195e+00
2.515455677590973327e+00
2.473958483750168469e+00
2.430834703864128699e+00
2.386368639395515245e+00
2.340907141527406754e+00
2.294851445881142205e+00
2.248628217712512534e+00
2.202657134916368609e+00
2.157331516535409222e+00
2.113001868193280064e+00
2.069954382168137652e+00
2.028393270910569424e+00
1.988442322121793282e+00
1.950158907670301867e+00
1.913544182485920508e+00
1.878550305030746159e+00
1.845092119494517791e+00
1.813062616490435763e+00
1.782347125650864061e+00
1.752833206517865561e+00
1.724416131757545045e+00
1.697001425586380563e+00
1.670506142634235136e+00
1.644859725620911650e+00
1.620004260353521852e+00
1.595893728469359729e+00
1.572492410387244410e+00
1.549773005963759775e+00
1.527714815473873333e+00
1.506301941236555475e+00
1.485521428083962592e+00
1.465361528155981974e+00
1.445810490152988237e+00
1.426856195302105057e+00
1.408486634636925583e+00
1.390690866774806356e+00
1.373459934497371249e+00
1.356787331842819189e+00
1.340668890589541196e+00
1.325102222305393429e+00
1.310085977362637211e+00
1.295619160521844337e+00
1.281700639230027416e+00
1.268328855604045513e+00
1.255501683032625770e+00
1.243216351185771895e+00
1.231469387280994310e+00
1.220256557779941575e+00
1.209572819873495186e+00
1.199412300343142723e+00
1.189768313103139130e+00
1.180633415933219910e+00
1.171999498587700472e+00
1.163857890020921326e+00
1.156199471846813820e+00
1.149014788424206568e+00
1.142294147876298904e+00
1.136027712012170676e+00
1.130205575002472873e+00
1.124817833635751052e+00
1.119854650758264736e+00
1.115306314274309152e+00
1.111163293157927390e+00
1.107416291341137615e+00
1.104056299586465562e+00
1.101074645286972631e+00
1.098463039478368541e+00
1.096213620940637457e+00
1.094318996283620393e+00
1.092772275651267000e+00
1.091567103869712785e+00
1.090697687198156407e+00
1.090158815052712615e+00
1.089945877106728078e+00
1.090054876129796124e+00
1.090482436660402232e+00
1.091225809856561924e+00
1.092282874857276154e+00
1.093652136966854815e+00
1.095332723170741263e+00
1.097324374906624378e+00
1.099627438172442462e+00
1.102242851490325304e+00
1.105172131356257248e+00
1.108417354737401217e+00
1.111981137974651590e+00
1.115866612028014959e+00
1.120077392615143275e+00
1.124617544725009299e+00
1.129491539843775039e+00
1.134704205842987035e+00
1.140260669514001624e+00
1.146166292247291718e+00
1.152426601496023606e+00
1.159047222214158346e+00
1.166033813953447629e+00
1.173392020985065010e+00
1.181127443469196958e+00
1.189245636413369889e+00
1.197752139914198821e+00
1.206652538506619576e+00
1.215952540519781078e+00
1.225658059144180578e+00
1.235775272304727057e+00
1.246310635743554940e+00
1.257270830064243672e+00
1.268662636021092194e+00
1.280492754482127848e+00
1.292767611679710660e+00
1.305493210667672876e+00
1.318675094868239750e+00
1.332318474175963940e+00
1.346428526749902987e+00
1.361010836319761941e+00
1.376071873766475884e+00
1.391619400685898400e+00
1.407662683357155942e+00
1.424212455561262525e+00
1.441280646561661660e+00
1.458879955678421103e+00
1.477023387898123374e+00
1.495723856986930445e+00
1.514993944240670132e+00
1.534845892998328187e+00
1.555291929459271971e+00
1.576345027684812550e+00
1.598020213632465047e+00
1.620336404658931695e+00
1.643318596745256377e+00
1.667000043841472268e+00
1.691424028132499480e+00
1.716644930606828323e+00
1.742728500282621606e+00
1.769751343931628584e+00
1.797799688133360885e+00
1.826967460867244597e+00
1.857353612037688340e+00
1.889058023605596492e+00
1.922174402329205112e+00
1.956778727613506907e+00
1.992915224801750984e+00
2.030585934056879704e+00
2.069746718484461123e+00
2.110303257743849414e+00
2.152101918696738725e+00
2.194922817329021392e+00
2.238485459584589776e+00
2.282467852342658698e+00
2.326526069773012573e+00
2.370303888521477997e+00
2.413447416981950422e+00
2.455631339686894510e+00
2.496577246983882059e+00
2.536059743860739957e+00
2.573908610525413643e+00
2.610009962055300115e+00
2.644304159787100428e+00
2.676778546681985560e+00
2.707458592242411033e+00
2.736399749966068384e+00
2.763679053650877293e+00
2.789386760707594615e+00
2.813619583881305175e+00
2.836476034929224621e+00
2.858053308800589942e+00
2.878445016318537775e+00
2.897739422349194349e+00
2.916018135642930442e+00
2.933355292388020619e+00
2.949817240782135475e+00
2.965462683058418758e+00
2.980343175104107623e+00
2.994503862578759001e+00
3.007984338547465608e+00
3.020819526868801841e+00
3.033040519418406245e+00
3.044675318143093445e+00
3.055749455883451038e+00
3.066286488624524242e+00
3.076308365774197195e+00
3.085835695905800868e+00
3.094887929259302339e+00
3.103483478736315693e+00
3.111639798386367506e+00
3.119373434630254405e+00
3.126700060976962625e+00
3.133634503495461132e+00
3.140190761464912050e+00
3.146382025454048215e+00
3.152220693982265232e+00
3.157718388973300705e+00
3.162885970114421852e+00
3.167733547788818882e+00
3.172270494673859353e+00
3.176505455758608321e+00
3.180446356923036344e+00
3.184100412069622354e+00
3.187474128915889882e+00
3.190573313626790419e+00
3.193403074356562232e+00
3.195967823774184424e+00
3.198271280777107428e+00
3.200316471372077309e+00
3.202105728814224506e+00
3.203640693008737994e+00
3.204922309186957197e+00
3.205950825924503533e+00
3.206725792484773851e+00
3.207246055478388147e+00
3.207509754850641936e+00
3.207514319243122358e+00
3.207256460735224302e+00
3.206732169029822277e+00
3.205936705126968267e+00
3.204864594592432780e+00
3.203509620497699384e+00
3.201864816159524896e+00
3.199922457826446909e+00
3.197674057409559900e+00
3.195110355446972417e+00
3.192221314456172632e+00
3.188996112826114615e+00
3.185423139395387793e+00
3.181489988765627608e+00
3.177183457430947211e+00
3.172489540680886400e+00
3.167393430094491702e+00
3.161879511428547396e+00
3.155931362328497691e+00
3.149531749372044942e+00
3.142662623491616625e+00
3.135305112614207523e+00
3.127439510055305849e+00
3.119045256529308308e+00
3.110100912738731349e+00
3.100584117441807841e+00
3.090471523054109770e+00
3.079738694965875379e+00
3.068359953916960148e+00
3.056308130743060403e+00
3.043554191829862532e+00
3.030066683530289406e+00
3.015810942500012359e+00
3.000748029475725609e+00
2.984833375776682729e+00
2.968015195065702994e+00
2.950232807701830939e+00
2.931415130070628816e+00
2.911479644011917500e+00
2.890332117386299249e+00
2.867867162506324785e+00
2.843969475147793968e+00
2.818515506981143837e+00
2.791375610445038902e+00
2.762417319373730251e+00
2.731510960647990149e+00
2.698538881259466837e+00
2.663409033773086243e+00
2.626071393584298974e+00
2.586532277916644418e+00
2.544864744870412920e+00
2.501220440924309507e+00
2.455839353262859071e+00
2.409048733961810740e+00
2.361253037497501150e+00
2.312914207742467809e+00
2.264521576094068234e+00
2.216555843481723631e+00
2.169463545942120319e+00
2.123633612519165048e+00
2.079370640434489381e+00
2.036883107148449668e+00
1.996289372449886690e+00
1.957631717325373000e+00
1.920889214405488321e+00
1.885988569880241217e+00
1.852818891871296669e+00
1.821249981627860670e+00
1.791147641578706651e+00
1.762382812926387876e+00
1.734836207530752850e+00
1.708400888475761770e+00
1.682983877728670752e+00
1.658506899263092915e+00
1.634906178808910315e+00
1.612131344070857786e+00
1.590143590592441036e+00
1.568913355804631538e+00
1.548417811188616211e+00
1.528638510059102895e+00
1.509559466891271740e+00
1.491165804451080268e+00
1.473442953296107527e+00
1.456376312871677126e+00
1.439951256759711695e+00
1.424153360078373787e+00
1.408968729138220688e+00
1.394384319389307736e+00
1.380388154024537739e+00
1.366969389911721455e+00
1.354118211956158779e+00
1.341825577065194119e+00
1.330082862245483000e+00
1.318881488101247168e+00
1.308212589547199434e+00
1.298066783705293270e+00
1.288434055458391736e+00
1.279303755977458046e+00
1.270664686690017309e+00
1.262505238099124405e+00
