4.086634134451079703e+00
4.073719701198283971e+00
4.059901025568125377e+00
4.045138672268745239e+00
4.029395759146091827e+00
4.012639758279606284e+00
3.994844058383400842e+00
3.975988898823836326e+00
3.956061646420591327e+00
3.935057007642266402e+00
3.912978170907107422e+00
3.889839443136946073e+00
3.865669608234155952e+00
3.840514067923296970e+00
3.814434289735053607e+00
3.787505277009382443e+00
3.759813504378811455e+00
3.731456647001730964e+00
3.702543395587873931e+00
3.673190623655374853e+00
3.643517927593045602e+00
3.613642354423611813e+00
3.583674873827593199e+00
3.553717293275229672e+00
3.523858626254277038e+00
3.494171943447240025e+00
3.464712652824534889e+00
3.435518030604401751e+00
3.406607845193870165e+00
3.377986199130106115e+00
3.349644349817098909e+00
3.321563894930837701e+00
3.293719780761166227e+00
3.266082890140068695e+00
3.238622217431744943e+00
3.211306724395144307e+00
3.184106827109870252e+00
3.156995244099214393e+00
3.129946928011262397e+00
3.102938119301686726e+00
3.075945012017726299e+00
3.048942754506055675e+00
3.021905291920694125e+00
2.994806049664642256e+00
2.967619097839999665e+00
2.940320557680646818e+00
2.912890366860711566e+00
2.885314575070450083e+00
2.857588006398629421e+00
2.829716844830242550e+00
2.801720700990685931e+00
2.773633774570245514e+00
2.745504844842176606e+00
2.717396259949992121e+00
2.689382378215198433e+00
2.661547499097305369e+00
2.633983011405830243e+00
2.606784118131164174e+00
2.580046932604878052e+00
2.553865866092907222e+00
2.528330436217917754e+00
2.503521530774473369e+00
2.479508550232876640e+00
2.456348630606705719e+00
2.434087569506542259e+00
2.412761015041966939e+00
2.392394859549015873e+00
2.373004916560820465e+00
2.354596688512773817e+00
2.337165918983764357e+00
2.320700020908746719e+00
2.305179959162511949e+00
2.290582045532802979e+00
2.276879309882919422e+00
2.264042410578761544e+00
2.252040239147323319e+00
2.240840408009594054e+00
2.230409740670504792e+00
2.220714796734202245e+00
2.211722401984077102e+00
2.203400133078975198e+00
2.195716716832643911e+00
2.188642325008590461e+00
2.182148767402832146e+00
2.176209595862096169e+00
2.170800142563274804e+00
2.165897511119478924e+00
2.161480538115070793e+00
2.157529740309980681e+00
2.154027254459641050e+00
2.150956776601217868e+00
2.148303504277169651e+00
2.146054083781615329e+00
2.144196562243515292e+00
2.142720344696189105e+00
2.141616156440005359e+00
2.140876010016262043e+00
2.140493176509761675e+00
2.140462160949937243e+00
2.140778681664413874e+00
2.141439653522623665e+00
2.142443175047049841e+00
2.143788519483464050e+00
2.145476129902090356e+00
2.147507618359706161e+00
2.149885769163738747e+00
2.152614546128024831e+00
2.155699103748497159e+00
2.159145801203068427e+00
2.162962218252301838e+00
2.167157171732513543e+00
2.171740730167668332e+00
2.176724223602197750e+00
2.182120244514635043e+00
2.187942636471832181e+00
2.194206466625935104e+00
2.200927978353625747e+00
2.208124523774147363e+00
2.215814479017314209e+00
2.224017147672619377e+00
2.232752665118247215e+00
2.242041915563590226e+00
2.251906473298935563e+00
2.262368568184515372e+00
2.273451056411523119e+00
2.285177350159477427e+00
2.297571231049230889e+00
2.310656456882602239e+00
2.324456084839748637e+00
2.338991489955467795e+00
2.354281153283788175e+00
2.370339408874109211e+00
2.387175406744440398e+00
2.404792524292056477e+00
2.423188303701436563e+00
2.442354742986688976e+00
2.462278556442296207e+00
2.482940987414685274e+00
2.504317016940973861e+00
2.526374251132081028e+00
2.549072096829960721e+00
2.572361765931294286e+00
2.596187210417270297e+00
2.620486661311302701e+00
2.645194420459356266e+00
2.670242862319621491e+00
2.695564732052176282e+00
2.721095567850162045e+00
2.746775795737236070e+00
2.772552193376208063e+00
2.798378884146579981e+00
2.824218273226795084e+00
2.850042116824725635e+00
2.875832411318790083e+00
2.901581513443741489e+00
2.927291141776016126e+00
2.952970450970126226e+00
2.978633776764921581e+00
3.004298633691305564e+00
3.029984196782791628e+00
3.055710147508762020e+00
3.081495697870748174e+00
3.107358836105762467e+00
3.133316103142256726e+00
3.159383193701154724e+00
3.185576326996748087e+00
3.211913898793248290e+00
3.238417744974680268e+00
3.265113535769399888e+00
3.292030216822588784e+00
3.319198734554447139e+00
3.346650345306454888e+00
3.374414633218013382e+00
3.402517144956250572e+00
3.430976522319280964e+00
3.459801250785138116e+00
3.488986441496420454e+00
3.518511154822533626e+00
3.548336692797456671e+00
3.578406250010218947e+00
3.608646188508496166e+00
3.638968422690210591e+00
3.669272657056143139e+00
3.699448374345133406e+00
3.729378440722862287e+00
3.758945073948569693e+00
3.788035393754304980e+00
3.816543589550757787e+00
3.844370910189402579e+00
3.871427165852032282e+00
3.897634785779497069e+00
3.922932557592896607e+00
3.947276032388783662e+00
3.970634857399853779e+00
3.992989724369671478e+00
4.014330931647164036e+00
4.034658327253060506e+00
4.053981224885780499e+00
4.072317407896692387e+00
4.089691378232729768e+00
4.106132469749444347e+00
4.121673259907440823e+00
4.136348354924161086e+00
4.150193440856964955e+00
4.163244503948044795e+00
4.175537196778519977e+00
4.187106362246699298e+00
4.197985719136651639e+00
4.208207686395120106e+00
4.217803303501627354e+00
4.226802201426989036e+00
4.235232590168701350e+00
4.243121242982130781e+00
4.250493472916256898e+00
4.257373103320414742e+00
4.263782439661789603e+00
4.269742246785931172e+00
4.275271737423909535e+00
4.280388572216623722e+00
4.285108871076059422e+00
4.289447235021826010e+00
4.293416774982394379e+00
4.297029145328650657e+00
4.300294580169413017e+00
4.303221929453728833e+00
4.305818693518889795e+00
4.308091054411295140e+00
4.310043903114747721e+00
4.311680861899614747e+00
4.313004301139269359e+00
4.314015350101819912e+00
4.314713901608880242e+00
4.315098610382307243e+00
4.315166884830857974e+00
4.314914872228800213e+00
4.314337437234835981e+00
4.313428133733146375e+00
4.312179169949073021e+00
4.310581366888572852e+00
4.308624110395189888e+00
4.306295296748880119e+00
4.303581272181805417e+00
4.300466766920561845e+00
4.296934824554980992e+00
4.292966727358493273e+00
4.288541918893497673e+00
4.283637925205186825e+00
4.278230277623719324e+00
4.272292439092323590e+00
4.265795737697717804e+00
4.258709312864240815e+00
4.251000078927794412e+00
4.242632714146065354e+00
4.233569681907965787e+00
4.223771292024387058e+00
4.213195805777720793e+00
4.201799584290680123e+00
4.189537272717916316e+00
4.176362013430452436e+00
4.162225698376418315e+00
4.147079320028844940e+00
4.130873558824559311e+00
4.113559824263979259e+00
4.095091963981985828e+00
4.075428686641294540e+00
4.054536429401279563e+00
4.032392142197350537e+00
4.008985491292619940e+00
3.984320247501431655e+00
3.958414908123188969e+00
3.931303110706390935e+00
3.903035386269659401e+00
3.873683604517787149e+00
3.843345858978126639e+00
3.812145844486911184e+00
3.780224361445510439e+00
3.747729688983014285e+00
3.714814885605509875e+00
3.681639349142171280e+00
3.648364876348966668e+00
3.615144953375982073e+00
3.582115871084549319e+00
3.549393522542320323e+00
3.517071470752790141e+00
3.485218252513475612e+00
3.453876660842731816e+00
3.423066079980291665e+00
3.392786178227392035e+00
3.363020794496683674e+00
3.333741983168831968e+00
3.304914023545533208e+00
3.276496929656983248e+00
3.248449354835000857e+00
3.220731077985515167e+00
3.193305032930799481e+00
3.166138499440974474e+00
3.139203131909661160e+00
3.112473955279932536e+00
3.085927917818651611e+00
3.059542729057521449e+00
3.033296455302012085e+00
3.007167876205405932e+00
2.981137254771490053e+00
2.955187197267751920e+00
2.929303610049186712e+00
2.903477021643570133e+00
2.877704413747843137e+00
2.851991274943501686e+00
2.826353242760945239e+00
2.800816706519095423e+00
2.775418211507141297e+00
2.750203102903277852e+00
2.725224025883736356e+00
2.700539553455636010e+00
2.676212769870857322e+00
2.652309509787940556e+00
2.628896157686791302e+00
2.606037258519826150e+00
2.583793365722180546e+00
2.562219383631799019e+00
2.541363331811602677e+00
2.521265353415746979e+00
2.501956986599347399e+00
2.483460925147329412e+00
2.465791453128392874e+00
2.448955468955435588e+00
2.432953776102263710e+00
2.417782267600217416e+00
2.403432775258786958e+00
2.389893563295395040e+00
2.377149599006276315e+00
2.365182772125112631e+00
2.353972195363485120e+00
2.343494640130622919e+00
2.333725090973938876e+00
2.324637362863470891e+00
2.316204718211289038e+00
2.308400426448267151e+00
2.301198235976237960e+00
2.294572742488165673e+00
2.288499657371334983e+00
2.282955988152480575e+00
2.277920147205438006e+00
2.273372004706685434e+00
2.269292904136245070e+00
2.265665651052164886e+00
2.262474484886590087e+00
2.259705041430693395e+00
2.257344312817179510e+00
2.255380606676804511e+00
2.253803505535554752e+00
2.252603830697646359e+00
2.251773608705113006e+00
2.251306041921920187e+00
2.251195483354009319e+00
2.251437415704611755e+00
2.252028434665056533e+00
2.252966236456254823e+00
2.254249609619419559e+00
2.255878431098369497e+00
2.257853666678065530e+00
2.260177375717260961e+00
2.262852718994727841e+00
2.265883970789131840e+00
2.269276533318551614e+00
2.273036951484353363e+00
2.277172927891180088e+00
2.281693335659593647e+00
2.286608223858169975e+00
2.291928812662075376e+00
2.297667472995691185e+00
2.303837687135264378e+00
2.310453982041125176e+00
2.317531831620098792e+00
2.325087524540606854e+00
2.333137994961500095e+00
2.341700617387235450e+00
2.350792971495453632e+00
2.360432584719331484e+00
2.370636664762469703e+00
2.381421833276639255e+00
2.392803869786536364e+00
2.404797466206622936e+00
2.417415983499755061e+00
2.430671190187134734e+00
2.444572959297831805e+00
2.459128905606924764e+00
2.474343963468824459e+00
2.490219933265871433e+00
2.506755042969076808e+00
2.523943566885307188e+00
2.541775508921883198e+00
2.560236314391168388e+00
2.579306561191908820e+00
2.598961630562425906e+00
2.619171474139032618e+00
2.639900712626924939e+00
2.661109320434859704e+00
2.682753987501966808e+00
2.704789963680336307e+00
2.727172919899861991e+00
2.749860359387333641e+00
2.772812444467548598e+00
2.795992552224326744e+00
2.819368045617234753e+00
2.842911477016050181e+00
2.866601946782486809e+00
2.890426040839671362e+00
2.914377897615509472e+00
2.938458370260380370e+00
2.962673642160192244e+00
2.987033758156633301e+00
3.011551372157811102e+00
3.036240777931666024e+00
3.061117161842630718e+00
3.086196018719377765e+00
3.111492752359364289e+00
3.137022605223529048e+00
3.162801159593152889e+00
3.188845551973901404e+00
3.215176189071554891e+00
3.241818361559297035e+00
3.268803070782037246e+00
3.296166710324022642e+00
3.323949692040739201e+00
3.352194292998299296e+00
3.380941903379056424e+00
3.410229810674681783e+00
3.440087757148281078e+00
3.470534342584407739e+00
3.501572903690962857e+00
3.533186875700468743e+00
3.565336211359191321e+00
3.597956750720727293e+00
3.630961517039094311e+00
3.664241023470133030e+00
3.697663831798498890e+00
3.731082306971221119e+00
3.764342813894673956e+00
3.797292639293106564e+00
3.829780565749230536e+00
3.861657430048765161e+00
3.892782375163451825e+00
3.923031980034705768e+00
3.952305959512786959e+00
3.980527345951100582e+00
4.007639315918035905e+00
4.033601488991442885e+00
4.058387744837974154e+00
4.081986140369173732e+00
4.104399490466535738e+00
4.125644601083071628e+00
4.145749640186972229e+00
4.164750706879333464e+00
4.182688829924989804e+00
4.199607864531484047e+00
4.215553103009334279e+00
4.230570273538721615e+00
4.244704757510151971e+00
4.258001002783614375e+00
4.270502143405671802e+00
4.282249798286713371e+00
4.293283982971312085e+00
4.303643063665984592e+00
4.313363705357787126e+00
4.322480797582541001e+00
4.331027364803475166e+00
4.339034478316288634e+00
4.346531187175010302e+00
4.353544479709756665e+00
4.360099279812365225e+00
4.366218476211678023e+00
4.371922979521598585e+00
4.377231799397751644e+00
4.382162134530746656e+00
4.386729468822127664e+00
4.390947668146408134e+00
4.394829073850598178e+00
4.398384590131393601e+00
4.401623763422928270e+00
4.404554853025461014e+00
4.407184892563114964e+00
4.409519742362129513e+00
4.411564133014039157e+00
4.413321700615952636e+00
4.414795014134329065e+00
4.415985595370135464e+00
4.416893931972108334e+00
4.417519483820692372e+00
4.417860683049511294e+00
4.417914927892495847e+00
4.417678570408780203e+00
4.417146898053228909e+00
4.416314108954508377e+00
4.415173280661165656e+00
4.413716331975309437e+00
4.411933977324202338e+00
4.409815673093034682e+00
4.407349555081546022e+00
4.404522366126653488e+00
