1.336793547452394826e+01
1.328857217310464378e+01
1.320603363155496979e+01
1.312057562709781777e+01
1.303251782308900530e+01
1.294225129913792394e+01
1.285024550407130306e+01
1.275705435801494048e+01
1.266332149462121848e+01
1.256978503163806593e+01
1.247728257538695829e+01
1.238675706365381934e+01
1.229926336726641090e+01
1.221597433701887070e+01
1.213818398972341051e+01
1.206730558771345052e+01
1.200486381619255738e+01
1.195248175041776406e+01
1.191186252255930178e+01
1.188476453652017284e+01
1.187297123361754814e+01
1.187825957438428581e+01
1.190236834531750709e+01
1.194695962252277255e+01
1.201356879402084843e+01
1.210355108971862492e+01
1.221803041498215769e+01
1.235783936233960745e+01
1.252344161037535031e+01
1.271485490221053460e+01
1.293159807126390426e+01
1.317265365324339221e+01
1.343642477349259856e+01
1.372069177269608709e+01
1.402259144110000477e+01
1.433862594412605240e+01
1.466469313436982702e+01
1.499613374502266261e+01
1.532779797885285511e+01
1.565413532637076877e+01
1.596931230027852777e+01
1.626736201463168641e+01
1.654236500810469224e+01
1.678865495668996033e+01
1.700103932611998303e+01
1.717502294135096008e+01
1.730701943732404402e+01
1.739453177045758636e+01
1.743628141938336285e+01
1.743226926401377952e+01
1.738375933539317231e+01
1.729318721542033188e+01
1.716400466312284223e+01
1.700047865722520868e+01
1.680746554519416236e+01
1.659018018114512927e+01
1.635397745397761327e+01
1.610415991736993035e+01
1.584581944236195561e+01
1.558371335151761983e+01
1.532216994548613620e+01
1.506501851693533212e+01
1.481554375235736387e+01
1.457646780142672860e+01
1.434996067686023480e+01
1.413767256843821052e+01
1.394077710361335676e+01
1.376001711858367749e+01
1.359575089586416219e+01
1.344800076213999063e+01
1.331650475131344358e+01
1.320076856704595691e+01
1.310011442369048673e+01
1.301372546067190683e+01
1.294068615152401414e+01
1.288001881977682395e+01
1.283071516014380364e+01
1.279176130676932210e+01
1.276215618181002753e+01
1.274092447687755758e+01
1.272712620847785203e+01
1.271986447613355686e+01
1.271829221280517785e+01
1.272161788128031823e+01
1.272910964349840057e+01
1.274009753411817591e+01
1.275397346988004443e+01
1.277018930776192640e+01
1.278825342193069936e+01
1.280772636565144573e+01
1.282821615509847035e+01
1.284937359364605847e+01
1.287088789483195583e+01
1.289248273152782787e+01
1.291391271866320700e+01
1.293496029571173800e+01
1.295543293294857712e+01
1.297516059562655322e+01
1.299399342406517022e+01
1.301179958011960736e+01
1.302846325180228604e+01
1.304388281181177867e+01
1.305796912478215255e+01
1.307064401059400005e+01
1.308183887122434541e+01
1.309149348283626679e+01
1.309955495830505257e+01
1.310597687915500131e+01
1.311071859712427035e+01
1.311374470540881809e+01
1.311502468178367842e+01
1.311453270089909751e+01
1.311224761904420966e+01
1.310815313606980226e+01
1.310223813997318310e+01
1.309449724255141057e+01
1.308493151725285131e+01
1.307354945457809237e+01
1.306036814904646448e+01
1.304541473847824129e+01
1.302872811841391609e+01
1.301036095462536402e+01
1.299038201659215730e+01
1.296887885435856091e+01
1.294596084124623481e+01
1.292176259820946171e+01
1.289644780729891060e+01
1.287021340170265304e+01
1.284329412865829134e+01
1.281596745777263102e+01
1.278855879882476998e+01
1.276144702796172226e+01
1.273507029791140610e+01
1.270993215425947120e+01
1.268660793683556243e+01
1.266575134635115774e+01
1.264810082556471826e+01
1.263448507220920014e+01
1.262582666012794341e+01
1.262314255509407346e+01
1.262754051173272174e+01
1.264021106210775258e+01
1.266241573955180577e+01
1.269547265678067127e+01
1.274073982815421857e+01
1.279959495859110774e+01
1.287340843630816600e+01
1.296350570167580685e+01
1.307111800710769955e+01
1.319732541823294802e+01
1.334299827288436369e+01
1.350873898886627877e+01
1.369481847933324659e+01
1.390110234326446559e+01
1.412697267608448115e+01
1.437125683319742819e+01
1.463216781874420747e+01
1.490725533215519860e+01
1.519337163138611579e+01
1.548666214880917025e+01
1.578258854872274064e+01
1.607598603671283399e+01
1.636115454161167904e+01
1.663198609146076734e+01
1.688213308224080933e+01
1.710521909966177390e+01
1.729508744025044109e+01
1.744607574011077844e+01
1.755329935984682521e+01
1.761292171080680902e+01
1.762238701819826403e+01
1.758059016242497208e+01
1.748796079688605687e+01
1.734644788039110708e+01
1.715940607726419742e+01
1.693140183404499766e+01
1.666796722012394838e+01
1.637532989508923364e+01
1.606014006907181013e+01
1.572920763433542213e+01
1.538926122973354893e+01
1.504674238119208418e+01
1.470764140888130989e+01
1.437736968143050653e+01
1.406066311278883063e+01
1.376152309023883724e+01
1.348319562174150477e+01
1.322817301098645970e+01
1.299821224602849234e+01
1.279438055293400645e+01
1.261711913549587472e+01
1.246630409647400484e+01
1.234131306593360122e+01
1.224111743205996916e+01
1.216438635506317922e+01
1.210956837437491096e+01
1.207494280787903485e+01
1.205866472260109923e+01
1.205882154874050904e+01
1.207349233471885519e+01
1.210079157548047668e+01
1.213889569586470607e+01
1.218606356685271130e+01
1.224065823252882623e+01
1.230116707872882031e+01
1.236621455338851483e+01
1.243456548922394056e+01
1.250512145851209311e+01
1.257691353903565101e+01
1.264909379397037448e+01
1.272092648236588452e+01
1.279177928181197288e+01
1.286111455351918664e+01
1.292848067851190841e+01
1.299350354729047829e+01
1.305587828033246112e+01
1.311536125039826395e+01
1.317176246098344805e+01
1.322493834991869122e+01
1.327478506779107192e+01
1.332123227791592512e+01
1.336423750996094739e+01
1.340378106945228609e+01
1.343986151643582971e+01
1.347249169473596453e+01
1.350169528255813312e+01
1.352750382936828721e+01
1.354995424825811057e+01
1.356908672242219183e+01
1.358494297715421517e+01
1.359756488345487391e+01
1.360699336041051488e+01
1.361326753902115350e+01
1.361642416362525410e+01
1.361649720803950991e+01
1.361351768843099208e+01
1.360751365973840343e+01
1.359851038714222327e+01
1.358653068836840738e+01
1.357159544448149546e+01
1.355372428482445812e+01
1.353293645561836023e+01
1.350925187599960786e+01
1.348269240092950483e+01
1.345328331240198416e+01
1.342105505415622524e+01
1.338604523423679460e+01
1.334830091475581959e+01
1.330788122702160869e+01
1.326486032310470087e+01
1.321933067061935141e+01
1.317140670419819592e+01
1.312122879877175308e+01
1.306896751394224587e+01
1.301482803629956564e+01
1.295905470138853310e+01
1.290193549808646090e+01
1.284380647485219207e+01
1.278505606870334965e+01
1.272612951629059985e+01
1.266753365697061184e+01
1.260984251181255367e+01
1.255370388511824942e+01
1.249984675932326894e+01
1.244908858449032429e+01
1.240234093464746223e+01
1.236061189200813892e+01
1.232500425659427812e+01
1.229670993132735290e+01
1.227700156294227085e+01
1.226722176277152165e+01
1.226876853357509312e+01
1.228307541264086744e+01
1.231158665547098430e+01
1.235572971446703150e+01
1.241688655136452724e+01
1.249636113640212187e+01
1.259533748739204739e+01
1.271482583707129521e+01
1.285560110594931871e+01
1.301814146093225233e+01
1.320257213241846905e+01
1.340861187047206116e+01
1.363551717707446720e+01
1.388202632837608164e+01
1.414631143642784394e+01
1.442594530126479313e+01
1.471788500853245907e+01
1.501847501621161385e+01
1.532347495753220734e+01
1.562811447849620805e+01
1.592717336562515840e+01
1.621508655868563409e+01
1.648607824989454684e+01
1.673433002596958730e+01
1.695418237991625077e+01
1.714036116946198973e+01
1.728821486503878546e+01
1.739394520698028757e+01
1.745481183041907158e+01
1.746929001865622055e+01
1.743716188161923952e+01
1.735952754348640426e+01
1.723873428889967840e+01
1.707823402181176675e+01
1.688238777342526475e+01
1.665623856864549168e+01
1.640527294507406708e+01
1.613518958739377140e+01
1.585169086262674831e+01
1.556030743558780571e+01
1.526625763658778645e+01
1.497433671187976678e+01
1.468883118899330320e+01
1.441345853917917452e+01
1.415133510393928340e+01
1.390497206560278975e+01
1.367629399391545419e+01
1.346667290868904665e+01
1.327697248134828989e+01
1.310759955107851837e+01
1.295856031785763918e+01
1.282951687299096655e+01
1.271984128210941378e+01
1.262866876491459678e+01
1.255495263591656929e+01
1.249751931746891032e+01
1.245511624217648716e+01
1.242644742896965404e+01
1.241019871156450627e+01
1.240505885033335076e+01
1.240974074722178422e+01
1.242300222197938275e+01
1.244366300813813631e+01
1.247061586684172063e+01
1.250283248964200844e+01
1.253936622057477912e+01
1.257935317277238418e+01
1.262201216878593968e+01
1.266664315860223589e+01
1.271262375335157202e+01
1.275940398118015828e+01
1.280649982942246012e+01
1.285348636841819214e+01
1.289999114573734396e+01
1.294568825318986960e+01
1.299029320824956280e+01
1.303355857155972863e+01
1.307527014293412293e+01
1.311524355280512033e+01
1.315332110785082165e+01
1.318936879285584851e+01
1.322327339270518287e+01
1.325493972629369388e+01
1.328428801701509165e+01
1.331125142187712207e+01
1.333577373845232295e+01
1.335780732757169353e+01
1.337731124875742950e+01
1.339424962200981106e+01
1.340859020631932275e+01
1.342030319685814455e+01
1.342936023467797568e+01
1.343573361845524339e+01
1.343939571055389770e+01
1.344031853219638251e+01
1.343847354585781417e+01
1.343383163085558785e+01
1.342636325344385817e+01
1.341603883927414032e+01
1.340282936405399816e+01
1.338670718176266838e+01
1.336764710762476405e+01
1.334562778137890504e+01
1.332063333916327252e+01
1.329265542584124660e+01
1.326169558128030879e+01
1.322776802235848237e+01
1.319090284973157168e+01
1.315114969399721190e+01
1.310858182077813261e+01
1.306330067999304489e+01
1.301544088191946358e+01
1.296517557217831040e+01
1.291272216377730153e+01
1.285834839614339309e+01
1.280237871712694009e+01
1.274520104828535771e+01
1.268727406373148803e+01
1.262913518703662419e+01
1.257140949627371995e+01
1.251481957795655653e+01
1.246019593961228900e+01
1.240848682270058845e+01
1.236076543535018502e+01
1.231823231194343649e+01
1.228221140683366741e+01
1.225414073450711072e+01
1.223556056971159656e+01
1.222810160548875125e+01
1.223347037925227454e+01
1.225342445408441350e+01
1.228973272470747524e+01
1.234412688967943517e+01
1.241825639533118419e+01
1.251364819230245651e+01
1.263165523973536253e+01
1.277338076516730148e+01
1.293958839827296536e+01
1.313062012022197678e+01
1.334632574030311147e+01
1.358599006181996316e+01
1.384825849219434701e+01
1.413108086204615965e+01
1.443168008233648791e+01
1.474653514368101703e+01
1.507138200961372121e+01
1.540124968838502362e+01
1.573053495243884115e+01
1.605310869178181221e+01
1.636245689720547247e+01
1.665186476636851154e+01
1.691464243620528052e+01
1.714438122278092891e+01
1.733522803654966538e+01
1.748216501393779154e+01
1.758127579391304707e+01
1.762997265727155849e+01
1.762715562015328175e+01
1.757327945032965744e+01
1.747031784891638750e+01
1.732163117491436921e+01
1.713175788003441014e+01
1.690615614545426482e+01
1.665092228188949974e+01
1.637250888792770454e+01
1.607746043112010881e+01
1.577217930830214598e+01
1.546273204641172505e+01
1.515469947948167295e+01
1.485306640293034697e+01
1.456214417154906471e+01
1.428552673599258327e+01
1.402608280894915893e+01
1.378597716571676379e+01
1.356670809211326834e+01
1.336915749095032524e+01
1.319365862336297646e+01
1.304007688221825667e+01
1.290788731447943150e+01
1.279624177824686981e+01
1.270403411261804116e+01
1.262996958245919643e+01
1.257263138549937942e+01
1.253053360344246769e+01
1.250215963046504086e+01
1.248599271004749056e+01
1.248054431073386894e+01
1.248438082952037398e+01
1.249614566237377211e+01
1.251457427404323042e+01
1.253850223070513081e+01
1.256686781592801694e+01
1.259871135709507861e+01
1.263317282604096725e+01
1.266948838598672822e+01
1.270698595964870314e+01
1.274507974800326870e+01
1.278326376201340686e+01
1.282110465547755851e+01
1.285823420964756103e+01
1.289434187764258510e+01
1.292916767984165816e+01
1.296249567028833738e+01
1.299414804872088247e+01
1.302397993575692858e+01
1.305187477694141052e+01
1.307774030840942636e+01
1.310150502588709820e+01
1.312311509817769029e+01
1.314253167303954228e+01
1.315972853009283838e+01
1.317469004755467843e+01
1.318740945902979966e+01
1.319788737181413829e+01
1.320613052656815078e+01
1.321215078267406540e+01
1.321596431339951572e+01
1.321759099738905618e+01
1.321705399473201936e+01
1.321437949765005015e+01
1.320959664785504373e+01
1.320273761466602735e+01
1.319383783010580480e+01
1.318293637931408391e+01
1.317007654675839312e+01
1.315530652327990246e+01
1.313868028142533362e+01
1.312025863170203444e+01
1.310011047351214408e+01
