1.171745895375314994e+01
1.136138730332885771e+01
1.103295070516366394e+01
1.073689701351348802e+01
1.047742422365352688e+01
1.025810383969183626e+01
1.008174711959154557e+01
9.950299205851390383e+00
9.864802362980068295e+00
9.825389915131822249e+00
9.831280067172141202e+00
9.880804089367561716e+00
9.971553987727210355e+00
1.010053182603764732e+01
1.026422959454958672e+01
1.045874233306316725e+01
1.067990717021867653e+01
1.092343752783387778e+01
1.118505084637419422e+01
1.146057600998121728e+01
1.174601764138837900e+01
1.203758340531981297e+01
1.233170661758391340e+01
1.262508284110259105e+01
1.291471399631432959e+01
1.319794583208235039e+01
1.347249007075231120e+01
1.373642978596460118e+01
1.398821119491418585e+01
1.422662676022777895e+01
1.445079391311105788e+01
1.466013190415986145e+01
1.485433752083932646e+01
1.503335934340106128e+01
1.519736996763193027e+01
1.534673602618033250e+01
1.548198645764688308e+01
1.560378001541003989e+01
1.571287328921890669e+01
1.581009049733322058e+01
1.589629609196077631e+01
1.597237089090100604e+01
1.603919206423213240e+01
1.609761700674592788e+01
1.614847088836891231e+01
1.619253751649745254e+01
1.623055306699512457e+01
1.626320221675663191e+01
1.629111622119451752e+01
1.631487252215102401e+01
1.633499551973342179e+01
1.635195819462930800e+01
1.636618432104055643e+01
1.637805105705933073e+01
1.638789174292074335e+01
1.639599877404110728e+01
1.640262644625635247e+01
1.640799369584822642e+01
1.641228667777541972e+01
1.641566114202764837e+01
1.641824458048346713e+01
1.642013812662889549e+01
1.642141819835092420e+01
1.642213787916799816e+01
1.642232803734713542e+01
1.642199818545129375e+01
1.642113708478507661e+01
1.641971310059434330e+01
1.641767431495064855e+01
1.641494840535666810e+01
1.641144229824106660e+01
1.640704160750232532e+01
1.640160987105223711e+01
1.639498760011529654e+01
1.638699115981448173e+01
1.637741150461801709e+01
1.636601279821566024e+01
1.635253095541110113e+01
1.633667215326232736e+01
1.631811137096443076e+01
1.629649103327757587e+01
1.627141984919946083e+01
1.624247195785338604e+01
1.620918651748438677e+01
1.617106789658715016e+01
1.612758665478635223e+01
1.607818152383803323e+01
1.602226262279042146e+01
1.595921615380720304e+01
1.588841082740313659e+01
1.580920624662723384e+01
1.572096343689777243e+01
1.562305763391205282e+01
1.551489332768562157e+01
1.539592142610268333e+01
1.526565823496347285e+01
1.512370579120405090e+01
1.496977296512860711e+01
1.480369670484950184e+01
1.462546286005627216e+01
1.443522622967232572e+01
1.423332976145873552e+01
1.402032306776933801e+01
1.379698046930353073e+01
1.356431844232014861e+01
1.332361152936537607e+01
1.307640464652856416e+01
1.282451892925440440e+01
1.257004859706616884e+01
1.231534823679099944e+01
1.206301313088263072e+01
1.181585628121588449e+01
1.157688172225582868e+01
1.134924918071047983e+01
1.113622996950740784e+01
1.094116393389881914e+01
1.076741701265120987e+01
1.061831875376828016e+01
1.049707290996672526e+01
1.040664941510838304e+01
1.034967605222834663e+01
1.032837207267107260e+01
1.034450151704827903e+01
1.039929483202582539e+01
1.049335619876622694e+01
1.062658431580538121e+01
1.079815383858437805e+01
1.100655113444088684e+01
1.124959560603730502e+01
1.152445789732623993e+01
1.182770936401023576e+01
1.215539607130683386e+01
1.250313509516057842e+01
1.286621221042683771e+01
1.323965411899484579e+01
1.361829289633876705e+01
1.399685381416368024e+01
1.437006629529633095e+01
1.473277952579007533e+01
1.508007399061861875e+01
1.540737103638428884e+01
1.571054180977499826e+01
1.598601257613278115e+01
1.623086212179516608e+01
1.644290531533026112e+01
1.662075320091909703e+01
1.676383839573317758e+01
1.687239869813808113e+01
1.694741919382637363e+01
1.699053963820581714e+01
1.700393742428008892e+01
1.699019759660623663e+01
1.695218138627384974e+01
1.689290332305231956e+01
1.681542394311536981e+01
1.672276102727575164e+01
1.661781862273096522e+01
1.650333115395209660e+01
1.638182016123588269e+01
1.625556283974321303e+01
1.612657286772560639e+01
1.599659399479204147e+01
1.586710558553474115e+01
1.573933780690135009e+01
1.561429308745469946e+01
1.549277042510121660e+01
1.537538994860619646e+01
1.526261626054811416e+01
1.515478001993105472e+01
1.505209777049603304e+01
1.495469020148881256e+01
1.486259896142391668e+01
1.477580198424937841e+01
1.469422718818575646e+01
1.461776440365822261e+01
1.454627545124421317e+01
1.447960242630869843e+01
1.441757435812029620e+01
1.436001248414900111e+01
1.430673440245647754e+01
1.425755736070085256e+01
1.421230088705206462e+01
1.417078893555881436e+01
1.413285166136603443e+01
1.409832689180003840e+01
1.406706135875807639e+01
1.403891172051294056e+01
1.401374538571001516e+01
1.399144117658864594e+01
1.397188984949606372e+01
1.395499449538218073e+01
1.394067083566835841e+01
1.392884744701008870e+01
1.391946594029690232e+01
1.391248110485426182e+01
1.390786104681379953e+01
1.390558733315355688e+01
1.390565515433165267e+01
1.390807351589761964e+01
1.391286546538472102e+01
1.392006835684495059e+01
1.392973415138681048e+01
1.394192974807813812e+01
1.395673733432869845e+01
1.397425473845727417e+01
1.399459576352079360e+01
1.401789047619788064e+01
1.404428540326503416e+01
1.407394360491892549e+01
1.410704455878768826e+01
1.414378378692619087e+01
1.418437216491307673e+01
1.422903482846369094e+01
1.427800958629824635e+01
1.433154474976635484e+01
1.438989629545950244e+01
1.445332425666107490e+01
1.452208824504488049e+01
1.459644197931678455e+01
1.467662665614167139e+01
1.476286293083489731e+01
1.485534115303458513e+01
1.495420938244884823e+01
1.505955856485846311e+01
1.517140416577642092e+01
1.528966362795202905e+01
1.541412927063720240e+01
1.554443680270762229e+01
1.568003040257469571e+01
1.582012617728402937e+01
1.596367646082942393e+01
1.610933760949393090e+01
1.625544364959688792e+01
1.639998749416234958e+01
1.654061107818988674e+01
1.667460629636631708e+01
1.679892992305400412e+01
1.691023681003884604e+01
1.700493550220771155e+01
1.707926840021113435e+01
1.712941600148635857e+01
1.715162403456598739e+01
1.714235272462336468e+01
1.709844569320528151e+01
1.701730908925340913e+01
1.689708227063983514e+01
1.673677741573934341e+01
1.653637132033012946e+01
1.629684587780823080e+01
1.602018468376872562e+01
1.570933357460015323e+01
1.536812563063955039e+01
1.500116947398743683e+01
1.461370907027206734e+01
1.421146967757397306e+01
1.380049916263724974e+01
1.338701044276200136e+01
1.297724112148849684e+01
1.257734575384822584e+01
1.219329824621492087e+01
1.183075280593199352e+01
1.149486993046449435e+01
1.119020137950156091e+01
1.092067309016630183e+01
1.068955310301299733e+01
1.049932373346994297e+01
1.035157369730964305e+01
1.024700937134255518e+01
1.018549988505050052e+01
1.016609847771555053e+01
1.018709531106596167e+01
1.024614584492870151e+01
1.034042697210738915e+01
1.046672071129558823e+01
1.062147884546237009e+01
1.080095179561627106e+01
1.100132619900794140e+01
1.121882770738293900e+01
1.144978867156212665e+01
1.169069358401252501e+01
1.193822150020848660e+01
1.218928433862174998e+01
1.244105251313159677e+01
1.269097174699786024e+01
1.293677895576681713e+01
1.317651729866233623e+01
1.340854418781736079e+01
1.363152748458974273e+01
1.384443008050527446e+01
1.404648650920949571e+01
1.423717585111424810e+01
1.441619402066214839e+01
1.458342694189621191e+01
1.473892503028437240e+01
1.488287890870306285e+01
1.501559618895614001e+01
1.513747928885218563e+01
1.524900440671606816e+01
1.535070191013296359e+01
1.544313842906963252e+01
1.552690090362418118e+01
1.560258276189665239e+01
1.567077229076156364e+01
1.573204316723463414e+01
1.578694702125505600e+01
1.583600784524515248e+01
1.587971801861619703e+01
1.591853570798505402e+01
1.595288339930004540e+01
1.598314733090394668e+01
1.600967762567865904e+01
1.603278893837509500e+01
1.605276146433310203e+01
1.606984218115734464e+01
1.608424622044897134e+01
1.609615828631436685e+01
1.610573405375300382e+01
1.611310149975577843e+01
1.611836212949303615e+01
1.612159207149040441e+01
1.612284302389485191e+01
1.612214304107677165e+01
1.611949715556546181e+01
1.611488783489442511e+01
1.610827527727838415e+01
1.609959755403847836e+01
1.608877061061669167e+01
1.607568814172237737e+01
1.606022136190453509e+01
1.604221869651405541e+01
1.602150542505008701e+01
1.599788331657553719e+01
1.597113030403725986e+01
1.594100025316647695e+01
1.590722289174945381e+01
1.586950397785136602e+01
1.582752579431363316e+01
1.578094806601353817e+01
1.572940941053132669e+01
1.567252943514991870e+01
1.560991159459916666e+01
1.554114693387596979e+01
1.546581881715420970e+01
1.538350875041276034e+01
1.529380337288523783e+01
1.519630268470310952e+01
1.509062954618761410e+01
1.497644046754593994e+01
1.485343768767828898e+01
1.472138251941342446e+01
1.458010990868143075e+01
1.442954410932536646e+01
1.426971529051220600e+01
1.410077679292486685e+01
1.392302264125612510e+01
1.373690483752164937e+01
1.354304994971878351e+01
1.334227466061947531e+01
1.313560013554994654e+01
1.292426489888298136e+01
1.270973518331042484e+01
1.249371051781678155e+01
1.227812177035206709e+01
1.206512005437788382e+01
1.185705824956637677e+01
1.165646826604967679e+01
1.146603368927375755e+01
1.128855541796040107e+01
1.112691718536053997e+01
1.098406247717512763e+01
1.086296252319943179e+01
1.076653297939972553e+01
1.069751972964415643e+01
1.065841973347445304e+01
1.065143509210141026e+01
1.067841866223010072e+01
1.074079727040009580e+01
1.083947579026866492e+01
1.097474996909491907e+01
1.114625894743818080e+01
1.135297603701208047e+01
1.159321376040659679e+01
1.186462561450353448e+01
1.216421684425111138e+01
1.248838937220973122e+01
1.283301522096737912e+01
1.319351357329848895e+01
1.356492641056090065e+01
1.394199996459801838e+01
1.431927458518762641e+01
1.469118705179635143e+01
1.505219190681792973e+01
1.539689972105089844e+01
1.572022095027308985e+01
1.601750673126108637e+01
1.628468549425806700e+01
1.651839343289768536e+01
1.671608870428560678e+01
1.687613461136152893e+01
1.699784059848518680e+01
1.708145604128266370e+01
1.712811614782967595e+01
1.713974315797075931e+01
1.711891182641052822e+01
1.706869422990827445e+01
1.699250094660719057e+01
1.689393170543005240e+01
1.677664227822574006e+01
1.664422998195944459e+01
1.650013876229372300e+01
1.634758501668587272e+01
1.618950466536171362e+01
1.602851992749446097e+01
1.586692237683110207e+01
1.570666862832190347e+01
1.554938625596233770e+01
1.539638904529454244e+01
1.524870099805719548e+01
1.510708747944905994e+01
1.497209054389106875e+01
1.484406475923042379e+01
1.472321030066327729e+01
1.460960138378821860e+01
1.450320964719943539e+01
1.440392324188800011e+01
1.431156285955261787e+01
1.422589578563692037e+01
1.414664863927223770e+01
1.407351901843886210e+01
1.400618596873820998e+01
1.394431909723527063e+01
1.388758620808511601e+01
1.383565943567209189e+01
1.378821996586985854e+01
1.374496151490998130e+01
1.370559276091299417e+01
1.366983893895819691e+01
1.363744278059070680e+01
1.360816496118442842e+01
1.358178418559708156e+01
1.355809701020144331e+01
1.353691749197032124e+01
1.351807672364163437e+01
1.350142230259165110e+01
1.348681777850029562e+01
1.347414210513566069e+01
1.346328912189679627e+01
1.345416708122373883e+01
1.344669823863644176e+01
1.344081851632000202e+01
1.343647724947943267e+01
1.343363701988067938e+01
1.343227358656159787e+01
1.343237591596906100e+01
1.343394631625858260e+01
1.343700067909765750e+01
1.344156883159393523e+01
1.344769500006009721e+01
1.345543838693403771e+01
1.346487386050761614e+01
1.347609275604218304e+01
1.348920378161176359e+01
1.350433402566133623e+01
1.352163005177177801e+01
1.354125906344588159e+01
1.356341011536023800e+01
1.358829533871459105e+01
1.361615112972239849e+01
1.364723923895846980e+01
1.368184767634608967e+01
1.372029132334785473e+01
1.376291210696446221e+01
1.381007856323262040e+01
1.386218457926889158e+01
1.391964706457920720e+01
1.398290228610800590e+01
1.405240057714234680e+01
1.412859913884741303e+01
1.421195266870062035e+01
1.430290157138211349e+01
1.440185751630072453e+01
1.450918608201849658e+01
1.462518618821617089e+01
1.475006592384358051e+01
1.488391435315492650e+01
1.502666891350892264e+01
1.517807816604200255e+01
1.533766000899864679e+01
1.550465612788969416e+01
1.567798450835818080e+01
1.585619331673133203e+01
1.603742085729696853e+01
1.621936703684731995e+01
1.639928115203993642e+01
1.657396897668419200e+01
1.673982019472489213e+01
1.689285700697744375e+01
1.702880679806819586e+01
1.714320426715637069e+01
1.723152779901493403e+01
