1.360051048408606711e+01
1.344650260080969773e+01
1.328707698240924628e+01
1.312289628517101114e+01
1.295478004370023051e+01
1.278371902640835778e+01
1.261088915457060722e+01
1.243766183225570288e+01
1.226560544911941797e+01
1.209647349379750381e+01
1.193218103404523056e+01
1.177478128033560445e+01
1.162645656903931801e+01
1.148952291250184565e+01
1.136642533513923148e+01
1.125970173501317539e+01
1.117192002910981685e+01
1.110560945895755935e+01
1.106319682133014304e+01
1.104695181054190378e+01
1.105894119309559009e+01
1.110097438598525521e+01
1.117452997268868842e+01
1.128067312650666132e+01
1.141997368616218544e+01
1.159243912412652300e+01
1.179747142458018416e+01
1.203383605893718844e+01
1.229964382224959607e+01
1.259235663286298923e+01
1.290880279140965925e+01
1.324519707878409314e+01
1.359719175462615048e+01
1.395995999460625470e+01
1.432828161778408749e+01
1.469662366026791567e+01
1.505924014472214623e+01
1.541030648191533103e+01
1.574407736579587258e+01
1.605505125049439386e+01
1.633813687068193587e+01
1.658882340659842924e+01
1.680334843971537495e+01
1.697884806026538485e+01
1.711347085310531213e+01
1.720644151098266050e+01
1.725806599791115659e+01
1.726967674767471905e+01
1.724352370739140028e+01
1.718262401822313379e+01
1.709058638403555719e+01
1.697142536919323064e+01
1.682937890035010042e+01
1.666874091109060885e+01
1.649371872716495702e+01
1.630831974355622194e+01
1.611626592019579718e+01
1.592093137993152929e+01
1.572529929059886555e+01
1.553193701544022787e+01
1.534299018320852959e+01
1.516019509222913442e+01
1.498490602388781312e+01
1.481813200213941784e+01
1.466057771609123073e+01
1.451268486805024516e+01
1.437467181586608866e+01
1.424657033258606731e+01
1.412825883422174300e+01
1.401949194927521702e+01
1.391992683254652974e+01
1.382914680508106819e+01
1.374668267300234170e+01
1.367203169553828523e+01
1.360467391387216729e+01
1.354408558664577988e+01
1.348974968298970722e+01
1.344116364158404764e+01
1.339784477642888660e+01
1.335933381901771710e+01
1.332519705056190240e+01
1.329502741460816750e+01
1.326844490546198330e+01
1.324509644996498103e+01
1.322465542791464976e+01
1.320682094089010405e+01
1.319131689622862069e+01
1.317789096511846658e+01
1.316631345944014697e+01
1.315637616119140141e+01
1.314789114225392197e+01
1.314068960143699982e+01
1.313462074072981167e+01
1.312955070741852914e+01
1.312536161615523689e+01
1.312195066758262918e+01
1.311922937393242883e+01
1.311712290183375984e+01
1.311556954050646517e+01
1.311452030205645691e+01
1.311393865791397140e+01
1.311380041789408146e+01
1.311409375626142015e+01
1.311481938937601122e+01
1.311599090991072281e+01
1.311763528296644132e+01
1.311979350848601733e+01
1.312252145484498200e+01
1.312589086832100271e+01
1.312999056005590681e+01
1.313492777451846116e+01
1.314082973723354009e+01
1.314784537669866360e+01
1.315614721079113458e+01
1.316593338401501967e+01
1.317742982991472545e+01
1.319089252644944210e+01
1.320660979472701158e+01
1.322490458682956849e+01
1.324613668200133709e+01
1.327070469512007911e+01
1.329904778276056732e+01
1.333164690311828338e+01
1.336902545232062423e+01
1.341174905937187312e+01
1.346042425932628284e+01
1.351569568427023071e+01
1.357824129239913624e+01
1.364876504484982256e+01
1.372798629215855293e+01
1.381662504877085773e+01
1.391538233763775700e+01
1.402491501095126303e+01
1.414580487298626643e+01
1.427852258696495902e+01
1.442338747207219285e+01
1.458052454362129779e+01
1.474981947243744429e+01
1.493087069530950117e+01
1.512293711541144070e+01
1.532488120313741575e+01
1.553511129192051321e+01
1.575153113812140404e+01
1.597150576450470894e+01
1.619184961707986048e+01
1.640883909250714368e+01
1.661824983516548215e+01
1.681542094616149896e+01
1.699535112240264212e+01
1.715283266137231521e+01
1.728262617270975099e+01
1.737967179096794368e+01
1.743932425970704259e+01
1.745759316126587635e+01
1.743136861567717233e+01
1.735861564499011322e+01
1.723852271053009488e+01
1.707158953325751582e+01
1.685964050877119291e+01
1.660575911581198483e+01
1.631415374209720071e+01
1.598997560319210720e+01
1.563910876323239485e+01
1.526794796887598338e+01
1.488318006767450186e+01
1.449158228551232597e+01
1.409983804167657873e+01
1.371436514179685773e+01
1.334116555646870061e+01
1.298570731660771393e+01
1.265281764493259686e+01
1.234657677331260039e+01
1.207027345756412728e+01
1.182644711446298835e+01
1.161690105415443774e+01
1.144263348366724031e+01
1.130382989900834723e+01
1.119999071864271301e+01
1.113006479283769856e+01
1.109250553627629721e+01
1.108532594367242474e+01
1.110621229523498243e+01
1.115264241856538341e+01
1.122195020347087180e+01
1.131136513197354532e+01
1.141807327131960470e+01
1.153929245725643682e+01
1.167233954225447512e+01
1.181468499006123452e+01
1.196398769128716388e+01
1.211810255764839006e+01
1.227507113227974145e+01
1.243311514466060252e+01
1.259064231993939131e+01
1.274625868172734577e+01
1.289877687738464651e+01
1.304721447586136129e+01
1.319078231713053917e+01
1.332886631661383525e+01
1.346100652497574401e+01
1.358687613403149541e+01
1.370626183964010103e+01
1.381904606525385404e+01
1.392519107402872258e+01
1.402472482234689544e+01
1.411772837676711845e+01
1.420432474303985515e+01
1.428466899250291888e+01
1.435893960440799155e+01
1.442733094522853321e+01
1.449004681101611602e+01
1.454729495231087988e+01
1.459928249573957970e+01
1.464621217007698739e+01
1.468827924792995887e+01
1.472566910999134393e+01
1.475855534547819836e+01
1.478709830540806536e+01
1.481144403738393756e+01
1.483172353493451467e+01
1.484805224259580392e+01
1.486052976700058004e+01
1.486923975544520005e+01
1.487424990600036345e+01
1.487561208382265576e+01
1.487336252449633633e+01
1.486752211094078824e+01
1.485809671666511989e+01
1.484507761272886306e+01
1.482844194052097642e+01
1.480815325859867038e+01
1.478416217338861927e+01
1.475640706809768865e+01
1.472481494861854401e+01
1.468930242729591917e+01
1.464977686685518066e+01
1.460613770939465184e+01
1.455827801825965828e+01
1.450608626323590933e+01
1.444944838050981950e+01
1.438825014536052826e+01
1.432237990472468425e+01
1.425173172652523412e+01
1.417620904616557809e+01
1.409572891215772117e+01
1.401022697160304453e+01
1.391966336797384329e+01
1.382402975422396274e+01
1.372335762831582961e+01
1.361772815618237154e+01
1.350728351156012153e+01
1.339223953345091722e+01
1.327289914359226586e+01
1.314966556157884092e+01
1.302305402847581384e+01
1.289370078533141850e+01
1.276236862447723830e+01
1.262994950291453300e+01
1.249746593192410948e+01
1.236607321525294623e+01
1.223706336689560636e+01
1.211186932659892435e+01
1.199206690070395886e+01
1.187937301934063328e+01
1.177564023663722814e+01
1.168284545562661414e+01
1.160306745268131756e+01
1.153845017214965907e+01
1.149115687465582702e+01
1.146332365388975916e+01
1.145701673338734317e+01
1.147419137789347410e+01
1.151664501539021046e+01
1.158595751024315312e+01
1.168342191671808905e+01
1.180997578506823409e+01
1.196613299356218363e+01
1.215191015556352916e+01
1.236675811006828241e+01
1.260952287571980079e+01
1.287843456037033718e+01
1.317109383179879423e+01
1.348445259321246503e+01
1.381482263692068280e+01
1.415792568700469545e+01
1.450896156711526253e+01
1.486267929231054907e+01
1.521346358552853495e+01
1.555545255866584675e+01
1.588268654504708621e+01
1.618927877620849287e+01
1.646960071348839705e+01
1.671847776828771970e+01
1.693138904764332153e+01
1.710465940786712125e+01
1.723562654910258374e+01
1.732276316206858269e+01
1.736573702904841099e+01
1.736540063376583731e+01
1.732371261516383498e+01
1.724360175110196636e+01
1.712878838362421874e+01
1.698357988295122212e+01
1.681265769859240322e+01
1.662087319181269507e+01
1.641306603398522057e+01
1.619391284623838700e+01
1.596780780111964937e+01
1.573877317791926700e+01
1.551039635005928652e+01
1.528578992396447234e+01
1.506757342177205494e+01
1.485787625027252190e+01
1.465836058452530821e+01
1.447025955439548106e+01
1.429442328533024664e+01
1.413136587691808721e+01
1.398130963580852892e+01
1.384422644820595494e+01
1.371987795915905117e+01
1.360785568069278284e+01
1.350762042961929765e+01
1.341853918867437834e+01
1.333991741580148016e+01
1.327102556750420526e+01
1.321111975481888479e+01
1.315945735982276865e+01
1.311530877945423690e+01
1.307796631513770969e+01
1.304675090144740324e+01
1.302101708877155595e+01
1.300015652808273181e+01
1.298360014286786424e+01
1.297081916068617424e+01
1.296132520315397230e+01
1.295466962750889728e+01
1.295044230511472882e+01
1.294826998278143648e+01
1.294781435213541698e+01
1.294876992654114645e+01
1.295086180638733175e+01
1.295384339899147719e+01
1.295749414806155997e+01
1.296161732033574765e+01
1.296603788633404619e+01
1.297060052113177520e+01
1.297516775114424981e+01
1.297961826268516816e+01
1.298384537547360829e+01
1.298775569237568206e+01
1.299126792387087903e+01
1.299431189043279566e+01
1.299682769655413317e+01
1.299876507473431353e+01
1.300008289714690513e+01
1.300074885699732086e+01
1.300073931513673386e+01
1.300003931359919385e+01
1.299864276176474220e+01
1.299655279948168740e+01
1.299378234452661474e+01
1.299035483420022530e+01
1.298630517558361319e+01
1.298168091796691570e+01
1.297654366165290085e+01
1.297097072515366989e+01
1.296505708789866240e+01
1.295891762543540437e+01
1.295268964557547875e+01
1.294653573935072011e+01
1.294064693361137763e+01
1.293524613284652602e+01
1.293059179891810651e+01
1.292698180915327733e+01
1.292475739760033981e+01
1.292430706219192160e+01
1.292607030862783368e+01
1.293054109593110468e+01
1.293827086202291810e+01
1.294987103227243352e+01
1.296601491193440836e+01
1.298743883595904336e+01
1.301494228612457427e+01
1.304938644147424398e+01
1.309169030687909441e+01
1.314282330501305118e+01
1.320379322153970314e+01
1.327562875088394101e+01
1.335935652372176463e+01
1.345597300980657884e+01
1.356641157161155498e+01
1.369150423148223261e+01
1.383193717097442743e+01
1.398819927950329856e+01
1.416052446528747666e+01
1.434882991748919068e+01
1.455265299542920765e+01
1.477108869312355921e+01
1.500272896760856689e+01
1.524560614003971537e+01
1.549714548692666760e+01
1.575413567899975753e+01
1.601272696232204495e+01
1.626846355648477171e+01
1.651635023730220198e+01
1.675095060186161078e+01
1.696651940150683302e+01
1.715717610376026414e+01
1.731712233386015853e+01
1.744089396591201790e+01
1.752362919115716977e+01
1.756133098472236043e+01
1.755110302832589397e+01
1.749133920967526024e+01
1.738184777010563664e+01
1.722389353512443222e+01
1.702014887165993073e+01
1.677455829341007387e+01
1.649213811334242408e+01
1.617874015842810209e+01
1.584080274513954478e+01
1.548510226440498982e+01
1.511851626493424483e+01
1.474780986376343428e+01
1.437945063942037294e+01
1.401944965992204395e+01
1.367323220038041143e+01
1.334554533057600878e+01
1.304039316231119372e+01
1.276099256495830758e+01
1.250977500711421619e+01
1.228843505131925440e+01
1.209795957140016398e+01
1.193862507968471753e+01
1.181004894890720713e+01
1.171131957542427138e+01
1.164112144431141616e+01
1.159780452253789385e+01
1.157943596952293319e+01
1.158387402452835246e+01
1.160885422738950012e+01
1.165205843424033638e+01
1.171115808915400969e+01
1.178384755265709494e+01
1.186788473335949590e+01
1.196113790873151572e+01
1.206162389712370775e+01
1.216752783203355825e+01
1.227720705684265745e+01
1.238918753541595486e+01
1.250215891107609778e+01
1.261496964281162114e+01
1.272662123675057444e+01
1.283626064184718274e+01
1.294317078982009406e+01
1.304675987912729163e+01
1.314655007409307785e+01
1.324216605333990238e+01
1.333332362072146182e+01
1.341981848930878662e+01
1.350151535666527636e+01
1.357833741180197684e+01
1.365025645185084358e+01
1.371728375366549280e+01
1.377946181904713008e+01
1.383685704588223508e+01
1.388955334672433928e+01
1.393764667455684680e+01
1.398124039770145721e+01
1.402044144842962936e+01
1.405535715253849283e+01
1.408609265620723683e+01
1.411274886450808808e+01
1.413542081583526056e+01
1.415419642389829491e+01
1.416915552868432293e+01
1.418036920586386529e+01
1.418789929472723621e+01
1.419179811110809197e+01
1.419210831966500308e+01
1.418886294680329740e+01
1.418208552173983072e+01
1.417179033904253238e+01
1.415798284072353752e+01
1.414066012227501190e+01
1.411981157030025535e+01
1.409541964365936373e+01
1.406746081610448407e+01
1.403590670102367532e+01
1.400072538231313324e+01
1.396188297900305386e+01
1.391934547574455294e+01
1.387308085024881521e+01
1.382306153853990338e+01
1.376926727401033546e+01
1.371168834122614655e+01
1.365032929687643382e+01
1.358521319856548537e+01
1.351638639256152175e+01
1.344392390775576196e+01
