-3.627622841640050777e-01
-3.458168877576596745e-01
-3.313145281184635138e-01
-3.192423454162984786e-01
-3.095922730720557792e-01
-3.023615322394773708e-01
-2.975530302911640335e-01
-2.951756726737477798e-01
-2.952445944049387760e-01
-2.977813138592024789e-01
-3.028138078389016052e-01
-3.103765030197783159e-01
-3.205101748468935363e-01
-3.332617407097084872e-01
-3.486839296505489516e-01
-3.668348053863493274e-01
-3.877771155295601790e-01
-4.115774314800822453e-01
-4.383050386086898009e-01
-4.680305329962942684e-01
-5.008240653494516748e-01
-5.367531734233649265e-01
-5.758801374072243240e-01
-6.182587864152319090e-01
-6.639306697800634316e-01
-7.129205205763616826e-01
-7.652309259098106775e-01
-8.208361212603851875e-01
-8.796748412721216992e-01
-9.416421598617350508e-01
-1.006580272635772877e+00
-1.074268185537248455e+00
-1.144410292174230293e+00
-1.216623834775373281e+00
-1.290425249885353676e+00
-1.365215429323598517e+00
-1.440264013018497824e+00
-1.514693048442185219e+00
-1.587460737333452387e+00
-1.657346557234161022e+00
-1.722939651538581085e+00
-1.782632732117402918e+00
-1.834623378481187173e+00
-1.876923619410316935e+00
-1.907377696934207112e+00
-1.923687908417284431e+00
-1.923450025154211929e+00
-1.904202056335496884e+00
-1.863490505579944001e+00
-1.798955833657648551e+00
-1.708435016812780427e+00
-1.590075915366711001e+00
-1.442457928204353701e+00
-1.264715351314348979e+00
-1.056661397318796602e+00
-8.189087485962951440e-01
-5.529756367731839539e-01
-2.613602924372618874e-01
5.243323308651509640e-02
3.839281797390189932e-01
7.277687974043390851e-01
1.077871042762408971e+00
1.427624047784247230e+00
1.770134186200104542e+00
2.098499253890350413e+00
2.406092067971993043e+00
2.686825116487192577e+00
2.935369186955113285e+00
3.147311819578983538e+00
3.319256903732983321e+00
3.448873599377822341e+00
3.534900937323399273e+00
3.577112862748303979e+00
3.576249826405462517e+00
3.533924125523021154e+00
3.452508075437641377e+00
3.335013921781475599e+00
3.184962364462557982e+00
3.006234659119315200e+00
2.802941794648813545e+00
2.579348506723434298e+00
2.339795658395761535e+00
2.088542244177272078e+00
1.829598661439162388e+00
1.566680508932944083e+00
1.303246243378731739e+00
1.042483307872548393e+00
7.872250454330506075e-01
5.398912544951908199e-01
3.025017849023789451e-01
7.672010359392879286e-02
-1.361263330235691627e-01
-3.350438516802435318e-01
-5.193611147104613135e-01
-6.887081953255256295e-01
-8.429941707907806503e-01
-9.823765925587615300e-01
-1.107217813095203285e+00
-1.218038055134970321e+00
-1.315478148207083198e+00
-1.400274720126805095e+00
-1.473241803813157613e+00
-1.535252250431240695e+00
-1.587216570350237665e+00
-1.630060569312540508e+00
-1.664704357440092375e+00
-1.692044695346547556e+00
-1.712941474271891362e+00
-1.728208218325029355e+00
-1.738606019402202829e+00
-1.744840184161551511e+00
-1.747558925782795480e+00
-1.747353562040953934e+00
-1.744759807275525709e+00
-1.740259847577838803e+00
-1.734284959772991241e+00
-1.727218489906081400e+00
-1.719399045206537968e+00
-1.711123781198703009e+00
-1.702651690251721028e+00
-1.694206815257235377e+00
-1.685981328386247036e+00
-1.678138431847911782e+00
-1.670815046482488908e+00
-1.664124266498383298e+00
-1.658157565997942617e+00
-1.652986750051065323e+00
-1.648665648352236612e+00
-1.645231553154361981e+00
-1.642706405776414913e+00
-1.641097737936419998e+00
-1.640399375041455166e+00
-1.640591909092638634e+00
-1.641642948687176196e+00
-1.643507153809688814e+00
-1.646126062566710457e+00
-1.649427716639208841e+00
-1.653326092064658415e+00
-1.657720341382677098e+00
-1.662493853781416675e+00
-1.667513139050933457e+00
-1.672626542917548198e+00
-1.677662800347678340e+00
-1.682429436757306718e+00
-1.686711028857559080e+00
-1.690267341988775485e+00
-1.692831364974384689e+00
-1.694107279062404992e+00
-1.693768409659993202e+00
-1.691455232756174265e+00
-1.686773544194674512e+00
-1.679292930708571996e+00
-1.668545735498701443e+00
-1.654026748750199838e+00
-1.635193889460464067e+00
-1.611470142511381543e+00
-1.582246967045915165e+00
-1.546889284486311356e+00
-1.504742003455001198e+00
-1.455137900412516894e+00
-1.397406634069065179e+00
-1.330884816646198843e+00
-1.254927392741881143e+00
-1.168920869472203306e+00
-1.072298900829587343e+00
-9.645601820546504390e-01
-8.452879924631426789e-01
-7.141709755514833446e-01
-5.710261690698840154e-01
-4.158260434819691098e-01
-2.487285321248079717e-01
-7.010376974434776032e-02
1.194492409950413114e-01
3.190940580974563900e-01
5.277464079501039684e-01
7.440571299391008919e-01
9.663924509941155261e-01
1.192816507602797671e+00
1.421085350998381847e+00
1.648667366794126732e+00
1.872784083609490224e+00
2.090437526368167820e+00
2.298414566191970376e+00
2.493311001959552353e+00
2.671606544846580444e+00
2.829757803565121410e+00
2.964272870213208400e+00
3.071788397405106341e+00
3.149175711310864934e+00
3.193655910589162428e+00
3.202897236141922566e+00
3.175102388521649388e+00
3.109103610241110260e+00
3.004463375566492900e+00
2.861565008835855739e+00
2.681681031232886259e+00
2.467012609628597364e+00
2.220693561814669703e+00
1.946751218844003928e+00
1.650017678057164039e+00
1.335988508080040660e+00
1.010631888572131487e+00
6.801594664165042659e-01
3.507782057389943753e-01
2.844626759693101581e-02
-2.813462715038362316e-01
-5.737570328115947360e-01
-8.447224236088437532e-01
-1.091035703099192178e+00
-1.310372006996756378e+00
-1.501266091239896960e+00
-1.663053506534229120e+00
-1.795787508413224209e+00
-1.900142317423062055e+00
-1.977310402025467706e+00
-2.028898713271792609e+00
-2.056826345798060451e+00
-2.063225725787255715e+00
-2.050351423238083726e+00
-2.020501936037998991e+00
-1.975957539563362619e+00
-1.918932778658852589e+00
-1.851539211237049676e+00
-1.775755341339335436e+00
-1.693403524327665721e+00
-1.606135073251506507e+00
-1.515424141259774427e+00
-1.422569292896858295e+00
-1.328700469309050947e+00
-1.234789057353497865e+00
-1.141659537808774827e+00
-1.050001879209550237e+00
-9.603843035844458198e-01
-8.732661955036021828e-01
-7.890108542747304998e-01
-7.078977219169608759e-01
-6.301337642737532274e-01
-5.558638046479256190e-01
-4.851797728544124944e-01
-4.181289438524397051e-01
-3.547212952565106936e-01
-2.949361122671325108e-01
-2.387279491742378412e-01
-1.860320096001135404e-01
-1.367689747476329987e-01
-9.084929322812543284e-02
-4.817693532198052270e-02
-8.652619340454734131e-03
2.782346180759709409e-02
6.134938381042939065e-02
9.201965553111285390e-02
1.199237593425312443e-01
1.451450011208374469e-01
1.677596242771860202e-01
1.878361332158296204e-01
2.054347867717420117e-01
2.206072080739912289e-01
2.333960829722887542e-01
2.438349279241713019e-01
2.519478904461620594e-01
2.577495750128991903e-01
2.612448794277370534e-01
2.624288299711153849e-01
2.612864101537234474e-01
2.577923800441496716e-01
2.519110860339496272e-01
2.435962632624000812e-01
2.327908357073668888e-01
2.194267221564870085e-01
2.034246598086524860e-01
1.846940644685047817e-01
1.631329588070873360e-01
1.386279865588831983e-01
1.110545769005739231e-01
8.027730872186344957e-02
4.615054591711233167e-02
8.519457106853216624e-03
-3.277846765894844999e-02
-7.791126186079896931e-02
-1.270495333554437500e-01
-1.803625593141380823e-01
-2.380132765000046169e-01
-3.001520713231428661e-01
-3.669093403254297114e-01
-4.383868909627725574e-01
-5.146483665777661365e-01
-5.957089341700073648e-01
-6.815244510764595365e-01
-7.719801481746270122e-01
-8.668785629841223583e-01
-9.659260922512767911e-01
-1.068717295844331394e+00
-1.174716281037029963e+00
-1.283235220784008535e+00
-1.393411245492370831e+00
-1.504184025232106370e+00
-1.614276731626561379e+00
-1.722182365381082825e+00
-1.826156087289596552e+00
-1.924213526618301140e+00
-2.014135829151588730e+00
-2.093483714858651812e+00
-2.159623216354137121e+00
-2.209764471340200043e+00
-2.241013711827368304e+00
-2.250439190723048100e+00
-2.235153477141337497e+00
-2.192415299563614361e+00
-2.119751796012657952e+00
-2.015095759728989577e+00
-1.876926946506950022e+00
-1.704408810060829893e+00
-1.497518554318865158e+00
-1.257167892252904817e+00
-9.853022183024512382e-01
-6.849595287672205490e-01
-3.602734517597162567e-01
-1.641126110395725937e-02
3.405564122298193053e-01
7.038518699970254255e-01
1.066243886857939360e+00
1.420343162426819017e+00
1.758917718998077806e+00
2.075199615079402538e+00
2.363151788331761427e+00
2.617671140441464317e+00
2.834719811992305605e+00
3.011391166037394207e+00
3.145921119243431985e+00
3.237651702027543266e+00
3.286952700213455536e+00
3.295112021793481283e+00
3.264209084175418329e+00
3.196983472101829094e+00
3.096703916742562512e+00
2.967031687915690608e+00
2.811873457535913001e+00
2.635246297059492981e+00
2.441184236459676526e+00
2.233659538121670174e+00
2.016472352607730389e+00
1.793145948660524125e+00
1.566897303424379384e+00
1.340657222079057798e+00
1.117059219129319381e+00
8.983900936435436080e-01
6.865618352343186848e-01
4.831314079589051902e-01
2.893395855620822243e-01
1.061394893416181956e-01
-6.578689098838431948e-02
-2.260143916565327260e-01
-3.743554788631444086e-01
-5.108331276225921425e-01
-6.356468390303030569e-01
-7.491366758275612714e-01
-8.517506529165564944e-01
-9.440179455238506545e-01
-1.026527300218710081e+00
-1.099908824148976505e+00
-1.164817794109532567e+00
-1.221920059171669681e+00
-1.271879193391457941e+00
-1.315345669907919568e+00
-1.352948154532479297e+00
-1.385286841487720411e+00
-1.412928619369073324e+00
-1.436403813852002109e+00
-1.456204250255041188e+00
-1.472782402913128008e+00
-1.486551420483007258e+00
-1.497885842151076563e+00
-1.507122834477011564e+00
-1.514563807589051958e+00
-1.520476280331257923e+00
-1.525095885990766842e+00
-1.528628430851071140e+00
-1.531251934011376603e+00
-1.533118591446439805e+00
-1.534356623743280190e+00
-1.535071976422630380e+00
-1.535349852496602496e+00
-1.535256063705397800e+00
-1.534838192741873497e+00
-1.534126562888873835e+00
-1.533135015310081561e+00
-1.531861495867633760e+00
-1.530288455198818065e+00
-1.528383066786093591e+00
-1.526097268720873812e+00
-1.523367635936606401e+00
-1.520115090563547211e+00
-1.516244458407665086e+00
-1.511643882739962752e+00
-1.506184107324932242e+00
-1.499717643744386208e+00
-1.492077844206366910e+00
-1.483077902111715529e+00
-1.472509815754599272e+00
-1.460143355069120297e+00
-1.445725084270433447e+00
-1.428977507273144099e+00
-1.409598417772101486e+00
-1.387260547633958119e+00
-1.361611625552334059e+00
-1.332274954794672395e+00
-1.298850621328755395e+00
-1.260917414363436517e+00
-1.218035516085415271e+00
-1.169749970957269847e+00
-1.115594930231825987e+00
-1.055098681616272405e+00
-9.877895665749741871e-01
-9.132030222599124558e-01
-8.308900964742986783e-01
-7.404277808953489970e-01
-6.414313025845840288e-01
-5.335682306872985281e-01
-4.165742061513014738e-01
-2.902706377611852795e-01
-1.545854992488706336e-01
-9.578010746578921597e-03
1.445347701711438004e-01
3.073551244307474173e-01
4.782908021011144095e-01
6.565472660768797430e-01
8.411148250339761656e-01
1.030744097497445999e+00
1.223920563806033979e+00
1.418857078709995889e+00
1.613505956173976630e+00
1.805570195705502368e+00
1.992501738348939844e+00
2.171505666036001703e+00
2.339575723372485871e+00
2.493554469630660630e+00
2.630190225243515201e+00
2.746187315595113532e+00
2.838273403511287540e+00
2.903296016532006529e+00
2.938334776623583888e+00
2.940812994585413787e+00
2.908604377528591023e+00
2.840137457353030914e+00
2.734500118392900969e+00
2.591542749294756032e+00
2.411972459052191819e+00
2.197426795866503024e+00
1.950515127400479498e+00
1.674817481839874667e+00
1.374832250595746874e+00
1.055866575642705474e+00
7.238683671678290965e-01
3.852068172757193709e-01
4.641686923876253701e-02
-2.860703404296499608e-01
-6.061864268625272167e-01
-9.084514160724670440e-01
-1.188149509380302504e+00
-1.441446532177002915e+00
-1.665448284924002209e+00
-1.858204554873637449e+00
-2.018667728628591895e+00
-2.146618420958513074e+00
-2.242571513340308798e+00
-2.307672650040566875e+00
-2.343589546620890474e+00
-2.352399382962191865e+00
-2.336475447242485792e+00
-2.298379517925007054e+00
-2.240766974289200242e+00
-2.166308697290065588e+00
-2.077629052462024895e+00
-1.977256369601640307e+00
-1.867582910923684558e+00
-1.750833399055538253e+00
-1.629042253614936708e+00
-1.504038793070422875e+00
-1.377439275222934745e+00
-1.250646129295424513e+00
-1.124855580184046078e+00
-1.001073259139094507e+00
-8.801344546841078920e-01
-7.627240483374914115e-01
-6.493923484493095977e-01
-5.405661820374253468e-01
-4.365573025207324931e-01
-3.375710327589324100e-01
-2.437172248474543668e-01
-1.550239557723956940e-01
-7.145295389835097655e-02
7.084924832625490512e-03
8.071570103347673608e-02
1.495907093206381433e-01
2.138777305306525656e-01
2.737545501394753611e-01
3.294044173363473993e-01
3.810128034462636482e-01
4.287649692927000822e-01
4.728439825882642666e-01
