1.623321079701642411e+00
1.871420245575229790e+00
2.096146155138558509e+00
2.295898641506833204e+00
2.469505902998546443e+00
2.616219157280560204e+00
2.735698409847016510e+00
2.827993894800631569e+00
2.893526710306059790e+00
2.933065063215657187e+00
2.947691935877077452e+00
2.938765880022418564e+00
2.907880336553327449e+00
2.856825025549210917e+00
2.787548773900375920e+00
2.702120654880756145e+00
2.602686995806528181e+00
2.491424497027851181e+00
2.370492226282033155e+00
2.241986223188096705e+00
2.107899829255869495e+00
1.970091580520864749e+00
1.830261366891213770e+00
1.689934633685278520e+00
1.550453994324181295e+00
1.412977396797324259e+00
1.278481903880430481e+00
1.147772031542853011e+00
1.021491549475775473e+00
9.001376900728875752e-01
7.840767890368524062e-01
6.735604960590970691e-01
5.687418455218096192e-01
4.696906482372891767e-01
3.764078312568973073e-01
2.888384969824351889e-01
2.068835938188202661e-01
1.304101792672039406e-01
5.926031810735285510e-02
-6.741297858192286593e-03
-6.778089659879898976e-02
-1.240502172152467553e-01
-1.757420237580148425e-01
-2.230464189461414670e-01
-2.661478486525492015e-01
-3.052226911904147300e-01
-3.404373387153475372e-01
-3.719466883174561422e-01
-3.998929657758117373e-01
-4.244048162709180283e-01
-4.455966061422039770e-01
-4.635678859050940681e-01
-4.784029701612084184e-01
-4.901706000948376496e-01
-4.989236568283543782e-01
-5.046989018136321947e-01
-5.075167243868646816e-01
-5.073808817031598695e-01
-5.042782207366562908e-01
-4.981783767653810147e-01
-4.890334475591791574e-01
-4.767776476261026408e-01
-4.613269527394722735e-01
-4.425787510944272918e-01
-4.204115245150991109e-01
-3.946845921791427014e-01
-3.652379593768085853e-01
-3.318923242769895587e-01
-2.944493094665344146e-01
-2.526920001138566185e-01
-2.063858853839790342e-01
-1.552803217972970329e-01
-9.911065040230526701e-02
-3.760111953801877765e-02
2.953121581181098257e-02
1.025714369488443245e-01
1.818003603452756356e-01
2.674866003943751069e-01
3.598769221100502347e-01
4.591847283674302393e-01
5.655765709138651509e-01
6.791566173532905815e-01
7.999490777287718846e-01
9.278786735093309535e-01
1.062749329981858892e+00
1.204221381596829676e+00
1.351787752691175903e+00
1.504749809738780364e+00
1.662193915622986351e+00
1.822970174425033285e+00
1.985675366098124339e+00
2.148642603066468482e+00
2.309940527025075241e+00
2.467384708274309002e+00
2.618563139605560419e+00
2.760876425475897289e+00
2.891591371839644431e+00
3.007904821836333120e+00
3.107013223519389467e+00
3.186183050597656941e+00
3.242818140113001846e+00
3.274521619552418272e+00
3.279151444059162923e+00
3.254869985747786743e+00
3.200190163565447499e+00
3.114021962910585195e+00
2.995719818568915116e+00
2.845121008635931759e+00
2.662560641598190614e+00
2.448870260825031675e+00
2.205394684871167854e+00
1.934033171521345684e+00
1.637256109935231185e+00
1.318068736194774715e+00
9.799313106782626681e-01
6.266821803987218109e-01
2.625097542656311678e-01
-1.081045499732215948e-01
-4.804942735534969978e-01
-8.499138370334322623e-01
-1.211623904324344192e+00
-1.561011692244107296e+00
-1.893676869967858112e+00
-2.205486386645331365e+00
-2.492647787655839942e+00
-2.751810622169049925e+00
-2.980164383258816940e+00
-3.175461250952117176e+00
-3.336005967926720217e+00
-3.460674968108054639e+00
-3.548942252155246280e+00
-3.600881157262627585e+00
-3.617146848648395530e+00
-3.598949751963843369e+00
-3.548020411579911659e+00
-3.466566798373826863e+00
-3.357226462779837828e+00
-3.223010498348313213e+00
-3.067231886065110658e+00
-2.893414195307804526e+00
-2.705184381127768045e+00
-2.506159103358712947e+00
-2.299835565538872029e+00
-2.089496326083386979e+00
-1.878134570958731819e+00
-1.668402806623419776e+00
-1.462584412283953750e+00
-1.262585180951711461e+00
-1.069940840059111498e+00
-8.858364417570687710e-01
-7.111340471162409527e-01
-5.464057905942606430e-01
-3.919699078230308165e-01
-2.479277774862800876e-01
-1.142004523671382998e-01
9.436515243032453024e-03
1.233208565392276274e-01
2.278745572269368358e-01
3.235783910439970490e-01
4.109501248368203630e-01
4.905263549360570074e-01
5.628477810242469292e-01
6.284476166253069040e-01
6.878427689635961961e-01
7.415273972665874513e-01
7.899684559818398455e-01
8.336028575758536174e-01
8.728359151620256329e-01
9.080407752159709300e-01
9.395585906256237463e-01
9.676992295161772617e-01
9.927423499473022606e-01
1.014938709443403253e+00
1.034511605047005789e+00
1.051658364882251062e+00
1.066551828672571256e+00
1.079341774665462328e+00
1.090156261899927426e+00
1.099102863241477657e+00
1.106269776011861161e+00
1.111726799517083641e+00
1.115526174534664960e+00
1.117703282370127837e+00
1.118277203880687409e+00
1.117251139169299190e+00
1.114612691547582246e+00
1.110334019145395867e+00
1.104371858761821423e+00
1.096667427604468337e+00
1.087146209920750728e+00
1.075717637960128314e+00
1.062274674255087703e+00
1.046693310991499537e+00
1.028832000357908338e+00
1.008531034185347286e+00
9.856118984373943848e-01
9.598766324064473832e-01
9.311072310971556520e-01
8.990651353104753829e-01
8.634908689625595546e-01
8.241038958637975087e-01
7.806027810146496382e-01
7.326657641044364011e-01
6.799518767387707774e-01
6.221027563659192738e-01
5.587453451723286557e-01
4.894956890984515918e-01
4.139640855419146614e-01
3.317618527832721931e-01
2.425100106506843378e-01
1.458501499975400351e-01
4.145773159825169585e-02
-7.094203457138475999e-02
-1.915557141460322854e-01
-3.205007626506621854e-01
-4.577826487320560966e-01
-6.032706298766478126e-01
-7.566730305728536221e-01
-9.175129788254229313e-01
-1.085105559459766056e+00
-1.258537240067466589e+00
-1.436648421191744518e+00
-1.618020142222470703e+00
-1.800966463168329312e+00
-1.983534783712752159e+00
-2.163517024983530934e+00
-2.338474749158354626e+00
-2.505780216214441136e+00
-2.662673112303160394e+00
-2.806329805559780954e+00
-2.933939270442114555e+00
-3.042778678727067199e+00
-3.130282622929999370e+00
-3.194102605939823203e+00
-3.232156558661408940e+00
-3.242670517701342181e+00
-3.224215030712697772e+00
-3.175738836182691482e+00
-3.096601178969733414e+00
-2.986599635327349844e+00
-2.845985561739905023e+00
-2.675464231912366930e+00
-2.476192682265829781e+00
-2.249788186808050039e+00
-1.998328605559316129e+00
-1.724321101032434633e+00
-1.430664316843456740e+00
-1.120620035056185460e+00
-7.977509626596973602e-01
-4.658293526300000820e-01
-1.287742856819361903e-01
2.093920489378375549e-01
5.446242314639955229e-01
8.729556653878737249e-01
1.190561554446023074e+00
1.493801165040435697e+00
1.779289921435617261e+00
2.043984046416726486e+00
2.285227096315419537e+00
2.500772986975498213e+00
2.688817483624076132e+00
2.848015999265792075e+00
2.977475662024639647e+00
3.076746269663282796e+00
3.145819308928947233e+00
3.185120277174594339e+00
3.195485595548746005e+00
3.178129826451823625e+00
3.134611019991692338e+00
3.066795897901145818e+00
2.976822113267787895e+00
2.867054363238684900e+00
2.740032258474850213e+00
2.598409848883916684e+00
2.444888794040088964e+00
2.282148939077639049e+00
2.112781293047776732e+00
1.939228704013606475e+00
1.763738464755968627e+00
1.588329178605009329e+00
1.414772017228492329e+00
1.244584533742731258e+00
1.079034266162739009e+00
9.191492979016121501e-01
7.657334657956632595e-01
6.193846006416344752e-01
4.805147304727346302e-01
3.493715290878488533e-01
2.260603796617928485e-01
1.105664107344885710e-01
2.775866366363253634e-03
-9.750376281881460716e-02
-1.905253353808516736e-01
-2.765857061665032979e-01
-3.560115906263838781e-01
-4.291476634313696192e-01
-4.963467876857606820e-01
-5.579621921812493168e-01
-6.143413620082490700e-01
-6.658213984785327222e-01
-7.127256014923359917e-01
-7.553610512441071290e-01
-7.940169855779750652e-01
-8.289638008311754902e-01
-8.604525315069141422e-01
-8.887146849397806747e-01
-9.139623354705157521e-01
-9.363883979950331504e-01
-9.561670179887969967e-01
-9.734540244425281541e-01
-9.883874087493166316e-01
-1.001087794235221651e+00
-1.011658873088931321e+00
-1.020187787819311520e+00
-1.026745441355680910e+00
-1.031386722734022543e+00
-1.034150637495711678e+00
-1.035060334306310281e+00
-1.034123019615528438e+00
-1.031329755024389616e+00
-1.026655133583780799e+00
-1.020056831554980503e+00
-1.011475034227128145e+00
-1.000831736679123729e+00
-9.880299223785891094e-01
-9.729526251802420589e-01
-9.554618858733788800e-01
-9.353976192359244601e-01
-9.125764141963876863e-01
-8.867902986165371315e-01
-8.578055130162639541e-01
-8.253613520818326998e-01
-7.891691494657961936e-01
-7.489115032540425432e-01
-7.042418656651823206e-01
-6.547846525139905394e-01
-6.001360595624197769e-01
-5.398658109022855811e-01
-4.735201027698739962e-01
-4.006260443581458608e-01
-3.206979251485052584e-01
-2.332456654623235870e-01
-1.377858015235354228e-01
-3.385534608879103846e-02
7.897119007385164369e-02
2.010614196093809536e-01
3.327012784561192427e-01
4.740679061788935500e-01
6.251995219254219416e-01
7.859628720826421500e-01
9.560191091489652626e-01
1.134789288398464269e+00
1.321420937721778932e+00
1.514757507504254530e+00
1.713312895063053842e+00
1.915253590739562917e+00
2.118391530607913076e+00
2.320191209912693342e+00
2.517794766972730081e+00
2.708067959278690484e+00
2.887668153433159191e+00
3.053132324637729766e+00
3.200979252253044027e+00
3.327816601363004168e+00
3.430441974622088885e+00
3.505929027420344291e+00
3.551695921475804152e+00
3.565560546884314341e+00
3.545789176460985903e+00
3.491140604570039940e+00
3.400903586515828803e+00
3.274927254685527700e+00
3.113642893707713188e+00
2.918064559671680769e+00
2.689765910291924911e+00
2.430869702351440953e+00
2.144067345740679809e+00
1.832599064068007655e+00
1.500160804067041997e+00
1.150806855237212156e+00
7.888769494562858364e-01
4.189463729573043027e-01
4.573748641299535400e-02
-3.259974393150293359e-01
-6.915624202349696104e-01
-1.046421724487120342e+00
-1.386311122107825478e+00
-1.707297956440560815e+00
-2.005814911700814829e+00
-2.278740743230162291e+00
-2.523482913199762923e+00
-2.738022270390095603e+00
-2.920898800227087921e+00
-3.071173636203745172e+00
-3.188420554347926927e+00
-3.272731786605693749e+00
-3.324702489703782682e+00
-3.345392924788363587e+00
-3.336283911669119195e+00
-3.299232303276918188e+00
-3.236424687155261548e+00
-3.150326593784892548e+00
-3.043625661241689873e+00
-2.919167681605469244e+00
-2.779885297503637442e+00
-2.628721247069298439e+00
-2.468550933231985489e+00
-2.302110834301716036e+00
-2.131938687187036496e+00
-1.960329329112857843e+00
-1.789307404196700979e+00
-1.620615764017486971e+00
-1.455716901709601219e+00
-1.295804247519093622e+00
-1.141820210860139406e+00
-9.944784020264775259e-01
-8.542881171070970669e-01
-7.215797082807133833e-01
-5.965298489858515962e-01
-4.791859787866937226e-01
-3.694893848697534677e-01
-2.672965232743521047e-01
-1.723982954772488307e-01
-8.453710957064861087e-02
-3.421670562494461953e-03
7.126045936684323456e-02
1.398324218928384266e-01
2.026195658180765247e-01
2.599426921727181483e-01
3.121128121581691617e-01
3.594271981412965333e-01
4.021665102124751812e-01
4.405928006549690856e-01
4.749482217728456246e-01
5.054542822575207595e-01
5.323115214460281130e-01
5.556994924920621859e-01
5.757769643611212462e-01
5.926822704825751575e-01
6.065337457732770110e-01
6.174302066336997408e-01
6.254514388362820698e-01
6.306586683066547350e-01
6.330949964136820540e-01
6.327857875889416617e-01
6.297390026555823583e-01
6.239454763118471581e-01
6.153791416303727724e-01
6.039972083577306305e-01
5.897403063315846961e-01
5.725326095376579438e-01
5.522819616721641456e-01
5.288800290988477926e-01
5.022025123317800377e-01
4.721094544850363284e-01
4.384456910726578505e-01
4.010414944607624821e-01
3.597134754033377013e-01
3.142658091345691962e-01
2.644918639615432276e-01
2.101763227340310292e-01
1.510978885564364937e-01
8.703267561281591291e-02
1.775839852945698683e-02
-5.694053345468279986e-02
-1.372668974142988996e-01
-2.234033997979448238e-01
-3.155041685270134622e-01
-4.136848928797630109e-01
-5.180115316713287399e-01
-6.284875458988312680e-01
-7.450396623684637509e-01
-8.675022612222037521e-01
-9.956006032163529085e-01
-1.128933280383490168e+00
-1.266954487773952032e+00
-1.408956956015024353e+00
-1.554056618894329445e+00
-1.701180292387976190e+00
-1.849057771317831556e+00
-1.996219753508655881e+00
-2.141002763871082681e+00
-2.281561944673123676e+00
-2.415892241354491876e+00
-2.541858154312184759e+00
-2.657231733151051323e+00
-2.759737808219755451e+00
-2.847104415511074738e+00
-2.917115021677981535e+00
-2.967658496257667533e+00
-2.996773843281457683e+00
-3.002689530253491501e+00
-2.983860345340891840e+00
-2.939005607733091274e+00
-2.867149394157225029e+00
-2.767658156383003387e+00
-2.640269390913645431e+00
-2.485110830053371966e+00
-2.302717039060756310e+00
-2.094046561918604610e+00
