-1.894462154418777667e-17
2.667173138485816004e-17
2.733961523741315532e-17
7.197595116435622116e-17
4.439192730404058165e-17
6.196760536168477380e-17
3.054817240207824677e-17
-4.268700262899350036e-17
9.093293859097589064e-17
3.866148772209572001e-17
-1.375988449474283306e-17
-4.124933336715182799e-18
2.772381229302321281e-17
7.979301004483270507e-18
2.786479698670432851e-17
-6.594822719230544927e-18
3.092895130446411127e-17
2.498063155898274491e-17
-3.006841392242787007e-17
-4.124933336715158147e-18
-6.140734818551560821e-18
2.742033500590874561e-17
3.359567059165323000e-18
1.333561550545783659e-16
-1.263918052161603266e-16
-1.489980283953979847e-17
8.331625477718061648e-18
-4.623837358382334162e-17
6.218629052581249578e-17
-7.954080995227103967e-17
1.513657639276323148e-17
-3.442852608923364317e-19
-1.505527711293253045e-16
-7.368177896274244590e-17
-1.090541281663593124e-17
1.123074495575887570e-17
-0.000000000000000000e+00
4.233617311260028980e-18
3.505010987217288894e-17
-5.705461939056939437e-17
3.806786588273575123e-17
2.115215803985092593e-17
-1.513657639276324380e-17
-4.756409742549874188e-19
3.954888994659233503e-17
7.979301004483390685e-18
-1.014092387175379612e-16
-1.884843976186311142e-17
1.066618552827977258e-17
3.035038755182569690e-17
2.408288450536902642e-17
-3.180799631553080141e-17
-4.234445322635123812e-18
6.960661053698887367e-18
2.903366864439145514e-17
7.766250904873877388e-18
2.786479698670427921e-17
2.816713574793722967e-18
-1.046610742061806232e-16
-1.072249872240568712e-17
-2.263973617085606387e-17
-4.703497089353594083e-18
2.682606523940956520e-17
8.069885583175063183e-18
2.775528500078436362e-17
1.004112620959695527e-17
2.629048791035088246e-17
-2.373031663817532889e-17
-4.124933336715199747e-18
7.979301004483359870e-18
-1.161460450361077868e-16
-2.916504891066334290e-17
-2.263973617085606387e-17
-4.703497089353588690e-18
2.696704993309066857e-17
2.907298153485433984e-18
-4.234445322635114568e-18
1.003996550313812837e-17
9.636698137466106640e-19
-1.985377183758138166e-18
-2.197010773166482005e-32
-8.760634670416436114e-20
-2.183715794620638861e-18
-1.772327084148732720e-18
2.032097204124220290e-33
6.756510189841302970e-33
-8.760634670423448906e-20
4.887947526920705665e-33
-2.183715794620638861e-18
-1.772327084148731950e-18
-3.842243602673979078e-18
2.032097204124220290e-33
6.756510189841301602e-33
-8.760634670423452517e-20
1.560504721033342184e-33
4.887947526920705665e-33
-2.183715794620638476e-18
-1.772327084148731565e-18
9.017855641878319191e-33
-3.842243602673979078e-18
2.032097204124222343e-33
6.756510189841301602e-33
-8.760634670423453721e-20
2.751255186901295705e-33
1.092405360878353486e-33
4.887947526920696086e-33
-2.183715794620638476e-18
-1.772327084148730024e-18
1.217414028942387969e-34
9.017855641878319191e-33
-3.842243602673980619e-18
2.032097204124224395e-33
6.756510189841301602e-33
-8.760634670423452517e-20
-0.000000000000000000e+00
2.751255186901295705e-33
1.092405360878353829e-33
4.887947526920691981e-33
-2.183715794620636165e-18
-1.772327084148718083e-18
-1.217414028942390962e-34
-2.677664508652441694e-32
-3.842243602674002960e-18
-3.337896651840886208e-33
-2.701141491684621629e-32
-8.760634670423174461e-20
-5.502510373802602357e-33
-7.274839551878590447e-33
5.888798491125727966e-33
1.746972635696510473e-17
-1.772327084148718083e-18
8.740933802767801824e-33
-3.842243602674018367e-18
-2.358476511518988904e-32
-7.134837955812971354e-34
-8.760634670426902339e-20
3.529524109088538895e-33
-4.711673806415154489e-33
-2.183715794620642713e-18
-1.772327084148727713e-18
1.921121801336995548e-17
1.371635864781320727e-32
6.479588350730769182e-33
-8.760634670427026321e-20
-2.072891479239342761e-32
-2.183715794620641172e-18
-1.772327084148758913e-18
5.077914302720686818e-33
-2.251394299533905384e-33
-8.760634670424327612e-20
-2.183715794620633854e-18
1.793632094109678503e-17
1.844077163353028721e-32
-8.760634670423480202e-20
-1.772327084148762765e-18
-8.760634670425882800e-20
2.499999999999993200e-02
-2.463178424174880666e-20
9.652588198546326094e-18
2.499999999999993200e-02
-2.513862553851866544e-17
-2.463178424171317696e-20
5.335424480205896652e-17
1.960473778823565958e-16
2.500000000000017139e-02
1.671122077439113444e-16
1.828748781695253909e-16
-2.463178424171413992e-20
-9.225319637823965915e-18
3.030078318601503966e-17
-5.538169950023850832e-18
2.499999999999997710e-02
-6.619458406044070055e-17
-2.816748897921382766e-17
-1.436224576376742482e-17
4.731726500105628193e-18
2.017707826130349720e-16
-2.390813967354369059e-17
3.010979846793411516e-17
3.489967873124695206e-17
2.499999999999994588e-02
-1.184062565194835073e-16
5.637829795733324934e-17
-2.789223837345211750e-17
-2.058765969749946042e-17
2.523404465828340660e-18
-9.763523886172885240e-18
-6.877754085496594982e-17
7.533989719622524661e-17
2.228009031477374134e-17
-2.825846385543410006e-16
2.499999999999995975e-02
-0.000000000000000000e+00
6.033049599783752578e-17
3.911102299508613656e-17
-2.928050538950950110e-17
8.052657240483440869e-18
-6.606847826226253731e-18
9.763523886172885240e-18
-7.607390870286369513e-17
-9.308764489147910650e-18
-7.575526256800605921e-17
9.764310748888301108e-18
2.499999999999993200e-02
5.807576052164610476e-17
-1.402851051237339808e-17
-1.978746362091394231e-17
-4.807412824985752692e-17
1.087872345641131833e-18
-5.691933305520527773e-17
-2.262851296724536817e-17
3.031243922335003713e-17
9.652588198546384642e-18
2.500000000000026854e-02
-1.526622637960528110e-17
-2.730159667210708001e-17
-2.851949604831633021e-17
-7.581800741520047637e-19
-1.026916042846432516e-17
2.415412002178473234e-17
1.085058739390667060e-17
2.499999999999994241e-02
-3.468291470871528875e-17
-2.476879888834776365e-17
-2.463178424171009547e-20
-1.147562134479102093e-16
9.601892090609246676e-18
2.499999999999994588e-02
-2.947658122370194073e-17
-1.932713219657854850e-18
7.653785260264508586e-18
2.499999999999995975e-02
1.053264945427889055e-18
2.499999999999993200e-02
7.210774666255647114e-01
-8.333333333333332871e-02
8.254096222701776675e-01
-1.771084450732812993e-16
-8.333333333333337034e-02
-8.111970259865430788e-17
7.210774666255647114e-01
-1.608179623749246393e-16
1.488001972366371706e-17
-8.333333333333332871e-02
-2.877132773962321609e-17
3.293839359304061399e-16
8.254096222701778895e-01
-1.589852775673236657e-16
1.340204309621809707e-19
-8.635455521701968413e-17
-8.333333333333335646e-02
-2.918084589698010625e-17
-1.329482827851750754e-16
9.353384879446493186e-18
7.210774666255647114e-01
-1.820022484751811132e-16
2.828673570852707209e-17
-1.512250649506126433e-16
2.880851979068099262e-17
-8.333333333333341197e-02
-5.349745786312200747e-17
-1.329520627720914572e-17
-8.520530283079140733e-18
1.410384550111516112e-16
8.254096222701778895e-01
-1.576023513857901112e-16
9.379945347158084634e-18
-4.606712970115194794e-17
1.119735673332227189e-17
-1.835487373248496325e-16
-8.333333333333337034e-02
-2.381488127750621910e-17
9.226640576147291173e-18
6.340929243437969827e-18
1.588731097038026371e-16
9.306560079642967313e-17
7.210774666255647114e-01
-1.512888376863410266e-16
2.020801984826231996e-17
-5.877321347290487096e-17
3.124073666283974839e-17
-1.475762065292804673e-16
-0.000000000000000000e+00
-8.333333333333337034e-02
-5.459412416046249759e-17
2.417573353576197815e-19
2.636419842904767027e-17
9.698120369635038860e-17
9.482694106969845752e-17
8.254096222701780006e-01
-1.268818109997001019e-16
2.994494426213078907e-17
-6.140752872828787037e-17
1.437863408928464260e-17
-1.927204362045182976e-16
-8.333333333333335646e-02
-3.484636371053331056e-17
5.246720174725644142e-17
2.208455665978738555e-17
1.046669415999102407e-16
7.210774666255647114e-01
-1.709029563703335933e-16
2.903505253413183251e-18
-5.390817599502095072e-17
2.962626917090569723e-17
-8.333333333333334259e-02
-5.108553887436599612e-17
2.628608124248677877e-17
-1.598280689223158459e-17
8.254096222701780006e-01
-1.632392064449730725e-16
-2.140741694835760139e-18
-4.141489613681328567e-17
-8.333333333333338422e-02
-6.015299993869778269e-17
-1.120603657320401653e-19
7.210774666255644894e-01
-1.733971536902236331e-16
1.213883175935974526e-18
-8.333333333333339810e-02
-3.598745156255907520e-17
8.254096222701778895e-01
-1.474840828376419208e-16
-8.333333333333335646e-02
7.210774666255646004e-01
2.845422426672031269e-03
-2.500000000000008812e-02
-3.319659497783364853e-03
-5.264002554301128134e-18
-2.500000000000008119e-02
-5.707651942369535384e-17
2.845422426672077672e-03
3.522741824201067578e-17
2.861016754366158237e-18
-2.500000000000005690e-02
-2.502901463592816161e-17
-4.432689416446980203e-17
-3.319659497783406053e-03
1.510957821979974707e-17
-1.694450927305701601e-18
3.708773259024569738e-17
-2.500000000000006731e-02
-2.449077861175923831e-17
4.723187903648731136e-17
2.765034129799532381e-17
2.845422426672103260e-03
2.177194097794658959e-17
1.562836860527174671e-17
7.811713143231819120e-17
1.833696559273247088e-17
-2.500000000000004996e-02
-5.265710427404905010e-17
-6.256726820908670325e-18
5.432911252968076148e-18
6.356700898673449447e-17
-3.319659497783459395e-03
1.596197246096392436e-17
-1.485802844166264653e-18
4.871076923091105875e-17
3.093452187533778390e-18
6.888924639989896350e-17
-2.500000000000006037e-02
-5.233575188091203585e-18
9.779062935643508802e-19
2.029437077948525758e-17
8.140166367938549581e-17
9.877301819033163549e-17
2.845422426671998309e-03
2.227548616041287649e-17
9.342271656937986076e-18
3.600468545915794467e-17
2.313683211705133654e-17
8.438014189603906981e-17
-0.000000000000000000e+00
-2.500000000000008119e-02
-3.601281807104722939e-17
-8.006976947225243474e-18
5.776962179936230953e-17
1.950975767193316715e-17
1.005343584636004445e-16
-3.319659497783273780e-03
4.668251284705378884e-17
1.907919607080635042e-17
3.337037020377490829e-17
6.274729543496200709e-18
3.923591222080091903e-17
-2.500000000000006384e-02
-1.626505762111802387e-17
-2.807544452125095283e-18
3.603799819583456237e-17
2.719549557549302232e-17
2.845422426672207777e-03
2.661367476420232663e-18
-7.962242937911018125e-18
4.086972293704179712e-17
2.152236462511724532e-17
-2.500000000000004996e-02
-3.250423278495037663e-17
1.803734695990390935e-17
2.039783247331971165e-17
-3.319659497783286357e-03
1.032511740178057168e-17
-1.300648988616016797e-17
5.336300279524950531e-17
-2.500000000000007425e-02
-4.157169384928261310e-17
-8.169800748317153487e-18
2.845422426671910705e-03
1.671701565298416113e-19
-6.865512945727968236e-19
-2.500000000000007078e-02
-1.740614547314363444e-17
-3.319659497783517942e-03
2.608024100911150149e-17
-2.500000000000003955e-02
2.845422426671915042e-03
2.845422426672104994e-03
-8.458941048271900601e-17
-3.319659497783253397e-03
-1.150697920789771716e-17
-1.218213785687721727e-16
-3.149596903741666258e-17
2.845422426672090249e-03
2.478614692365427998e-18
-2.151278182594890801e-17
-9.300418772725841994e-17
5.515357503505450463e-19
-5.908272600558008191e-17
-3.319659497783320617e-03
8.866601566203110283e-18
-2.606824950762085952e-17
2.795510099547178849e-17
-9.980953291268900716e-17
1.089771774519437530e-18
5.599099015994343972e-17
-4.439515095189534533e-17
2.845422426672150531e-03
1.552896432435001906e-17
-8.745429975043415059e-18
6.898449983754425767e-17
1.586105071396997230e-17
-8.304370150003893134e-17
-2.707655388777113231e-17
2.502384302547458032e-18
-6.661258099692257759e-17
1.929613715125731063e-17
-3.319659497783356613e-03
9.718995807367347663e-18
-2.585960142448139561e-17
3.957813763613719917e-17
6.175373087712952150e-19
3.631277737066591954e-17
-9.197898410945835371e-17
2.034697519818726580e-17
9.737017417020355978e-18
-5.175112147040546703e-17
3.713079184390829039e-17
4.689086553810491349e-17
2.845422426672036906e-03
1.603250950681626281e-17
-1.503152692337731128e-17
2.687205386438403271e-17
2.066091723828880098e-17
5.180367286680609364e-17
-0.000000000000000000e+00
-1.166879241397758853e-16
-1.043226768476866139e-17
7.521341762308170906e-19
-1.427587045052847671e-17
-2.476111416354408449e-17
4.865220581137372869e-17
-3.319659497783197018e-03
4.043953619345724296e-17
-5.294602509508463142e-18
2.423773860900107644e-17
3.798814664733689031e-18
6.659443191567899716e-18
-1.062553095371538660e-16
9.315492765161141928e-18
5.951566671330838941e-18
-3.601033719262142634e-17
-1.707537625998424472e-17
2.845422426672255048e-03
-3.581609177176356363e-18
-3.233604151822621379e-17
3.173709134226794987e-17
1.904644974635473133e-17
-9.312972264065946811e-17
-6.923682398671081406e-18
2.679645808336003463e-17
-5.164765977657095133e-17
-3.319659497783261637e-03
4.082140748184047366e-18
-3.738028846647528044e-17
4.423037120047568888e-17
-9.360208075880920234e-17
-1.599114346300295426e-17
3.983164751413297071e-19
2.845422426671983997e-03
-6.075806497066750497e-18
-2.506034987488768896e-17
-9.941311605813638456e-17
8.174404913137312459e-18
-3.319659497783493222e-03
1.983726435551494944e-17
-6.806116191243080004e-17
2.845422426672014355e-03
2.845422426672043412e-03
-2.829192455724836392e-17
-3.319659497783374394e-03
-2.582314136513402843e-17
-6.292172664920710860e-17
-2.750843608754882026e-17
2.845422426672098055e-03
-1.183754746487092641e-17
3.271835983761217321e-18
-3.852858889120254807e-17
4.539068700218584585e-18
-7.918479370695533537e-17
-3.319659497783381333e-03
-5.449560591033150137e-18
-1.283631697910744976e-18
-2.349737216851493281e-17
-4.915083394355041170e-17
5.077304724387031793e-18
3.588892245856806300e-17
-8.040367355403924287e-18
2.845422426672071601e-03
1.212802167113717036e-18
1.603918783466677806e-17
1.753202667355760724e-17
8.395521143938135622e-18
-2.587775661691399941e-17
-2.308902093790300649e-17
-1.759968339882790944e-17
-3.025779740043116579e-17
2.664141584238317730e-18
-3.319659497783477610e-03
-4.597166349868952047e-18
-1.074983614771320354e-18
-1.187433552784945743e-17
-6.847992261260559178e-18
-1.995605514889425730e-17
-3.932535314294648186e-17
2.433450814805518516e-17
-1.036505028435483893e-17
-1.539633787391399668e-17
2.049879627688932369e-17
1.761719835508690239e-17
2.845422426671993105e-03
1.716347349580011632e-18
9.753090886332698493e-18
-2.458041929960253144e-17
1.377359055278311578e-17
-4.465159652754140209e-18
-0.000000000000000000e+00
-6.030311304060892526e-17
-6.444734734900990094e-18
-1.934993352514449183e-17
2.207891314596299364e-17
-4.139310973056307893e-17
1.937853862835572375e-17
-3.319659497783309342e-03
2.612337403622091937e-17
1.949001530020150503e-17
-2.721473455498553085e-17
-3.666714905298147644e-18
-4.960938932799219084e-17
-5.255982804551921708e-17
1.330302571502795657e-17
-1.415050103004439295e-17
3.472895424352511005e-19
-3.370737182700323916e-17
2.845422426672219486e-03
-1.789777133441263989e-17
-7.551423708516197855e-18
-1.971538182171861428e-17
1.158092017632289312e-17
-3.527090480668046612e-17
-2.936149448804259056e-18
6.694390381984614769e-18
-1.529287618007951796e-17
-3.319659497783347939e-03
-1.023402140905224233e-17
-1.259567065676536157e-17
-7.222101963510875274e-18
-4.407095204905557217e-17
-1.200361051313640925e-17
-1.970375122623409939e-17
2.845422426671948869e-03
-2.039196865430300013e-17
-2.757320651777343204e-19
-4.354821378199403022e-17
1.216193786300261872e-17
-3.319659497783579525e-03
5.521102198278679005e-18
-2.251938897765543909e-17
2.845422426672030835e-03
3.793617934183137053e-19
1.979902429873548936e-18
-1.090111528259561279e-18
4.067237403635632627e-18
1.979902429873548936e-18
3.556768987425069462e-18
3.793617934183137053e-19
4.067237403635632627e-18
-4.777991481545333121e-18
1.979902429873548936e-18
3.556768987425069462e-18
2.953230860256686376e-17
-1.090111528259561279e-18
4.067237403635632627e-18
-4.777991481545333121e-18
2.845074041097563416e-17
2.044954063914312133e-18
3.556768987425068691e-18
2.953230860256686376e-17
6.105003700265136757e-18
3.793617934183137053e-19
4.067237403635630316e-18
-4.777991481545328498e-18
2.845074041097563416e-17
2.959075909893255115e-17
2.044953815760128521e-18
3.556768987425068691e-18
2.953230860256688841e-17
6.105003700265136757e-18
-1.969354206565985014e-17
-1.090111528259561279e-18
4.067237403635625693e-18
-4.777991481545330039e-18
2.845074041097560335e-17
2.959075909893255115e-17
-1.669576172269973192e-17
2.044954063914312133e-18
3.556768987425068691e-18
2.953230860256690690e-17
6.105003700265142149e-18
-1.969354206565985014e-17
-4.947000181322502271e-17
3.793617934183137053e-19
4.067237403635629545e-18
-4.777991481545328498e-18
2.845074041097556021e-17
2.959075909893255115e-17
-1.669576172269973192e-17
-0.000000000000000000e+00
1.979902429873548936e-18
3.556768987425067151e-18
2.953230860256695004e-17
6.105003700265144460e-18
-1.969354206565987171e-17
-4.947000181322502271e-17
-1.090111528259561279e-18
4.067237403635624923e-18
-4.777991481545328498e-18
2.845074041097554788e-17
2.959075909893256964e-17
-1.669576172269970727e-17
1.979902429873548936e-18
3.556768987425066380e-18
2.953230860256695620e-17
6.105003700265144460e-18
-1.969354206565987171e-17
3.793617934183137053e-19
4.067237403635625693e-18
-4.777991481545323106e-18
2.845074041097553555e-17
2.959075909893258813e-17
1.979902429873548936e-18
3.556768987425066380e-18
2.953230860256697469e-17
6.105003700265142149e-18
-1.090111528259561279e-18
4.067237403635621071e-18
-4.777991481545323106e-18
2.845074041097554172e-17
2.025515154083183303e-18
3.556768987425066380e-18
2.953230860256699934e-17
3.793617934183137053e-19
4.067237403635619530e-18
-4.777991481545322335e-18
2.044953815760128521e-18
3.556768987425066380e-18
-1.090111528259561279e-18
4.067237403635617990e-18
2.044954063914312133e-18
3.793617934183137053e-19
-2.000337317760755492e-18
-5.133268323122867617e-18
2.519472880417537231e-18
5.394630504539529654e-18
-5.133268323122867617e-18
-5.097203528886229125e-19
-2.000337317760755492e-18
5.394630504539529654e-18
-1.716367911832409529e-18
-5.133268323122867617e-18
-5.097203528886229125e-19
3.528795620676761892e-17
2.519472880417537231e-18
5.394630504539528884e-18
-1.716367911832409529e-18
-1.167523209540292954e-17
-4.871026922652937465e-18
-5.097203528886228162e-19
3.528795620676761892e-17
-1.898008286090783773e-16
-2.000337317760755492e-18
5.394630504539526573e-18
-1.716367911832411455e-18
-1.167523209540292954e-17
1.720147872834425175e-18
-4.870010483116233229e-18
-5.097203528886228162e-19
3.528795620676766206e-17
-1.898008286090783773e-16
8.682763925263646388e-19
2.519472880417537231e-18
5.394630504539521951e-18
-1.716367911832408566e-18
-1.167523209540291568e-17
1.720147872834425175e-18
2.362721464318585323e-17
-4.871026922652937465e-18
-5.097203528886228162e-19
3.528795620676768672e-17
-1.898008286090784513e-16
8.682763925263646388e-19
2.512535948967026792e-17
-2.000337317760755492e-18
5.394630504539520410e-18
-1.716367911832413573e-18
-1.167523209540290027e-17
1.720147872834422094e-18
2.362721464318585323e-17
-0.000000000000000000e+00
-5.133268323122867617e-18
-5.097203528886231051e-19
3.528795620676771753e-17
-1.898008286090785006e-16
8.682763925263646388e-19
2.512535948967026792e-17
2.519472880417537231e-18
5.394630504539518869e-18
-1.716367911832408373e-18
-1.167523209540289411e-17
1.720147872834425175e-18
2.362721464318581317e-17
-5.133268323122867617e-18
-5.097203528886269569e-19
3.528795620676773602e-17
-1.898008286090785006e-16
8.682763925263646388e-19
-2.000337317760755492e-18
5.394630504539515788e-18
-1.716367911832412610e-18
-1.167523209540288640e-17
1.720147872834425175e-18
-5.133268323122867617e-18
-5.097203528886269569e-19
3.528795620676776067e-17
-1.898008286090784020e-16
2.519472880417537231e-18
5.394630504539514247e-18
-1.716367911832412610e-18
-1.167523209540288640e-17
-4.871026922652937465e-18
-5.097203528886269569e-19
3.528795620676778532e-17
-2.000337317760755492e-18
5.394630504539511165e-18
-1.716367911832409144e-18
-4.870010483116233229e-18
-5.097203528886269569e-19
2.519472880417537231e-18
5.394630504539508084e-18
-4.871026922652937465e-18
-2.000337317760755492e-18
2.921471932627939528e-18
-2.499999999999995628e-02
-4.118936125002026061e-18
3.588325385657793999e-17
-2.499999999999995628e-02
1.714640081334275959e-17
2.921471932627939528e-18
3.588325385657793999e-17
1.510062784751957782e-17
-2.499999999999995628e-02
1.714640081334275959e-17
-3.726511049445752728e-17
-4.118936125002026061e-18
3.588325385657791534e-17
1.510062784751957782e-17
1.268667893049046727e-17
-2.499999999999997016e-02
1.714640081334275651e-17
-3.726511049445752728e-17
-1.290513992190391827e-16
2.921471932627939528e-18
3.588325385657786603e-17
1.510062784751957474e-17
1.268667893049046727e-17
1.094835308375552172e-17
-2.499999999999997363e-02
1.714640081334275651e-17
-3.726511049445756426e-17
-1.290513992190391827e-16
-2.199821400504383784e-17
-4.118936125002026061e-18
3.588325385657786603e-17
1.510062784751956241e-17
1.268667893049045340e-17
1.094835308375552172e-17
-5.075390875145975395e-17
-2.499999999999997016e-02
1.714640081334275651e-17
-3.726511049445758891e-17
-1.290513992190392320e-16
-2.199821400504383784e-17
2.043425187816436006e-17
2.921471932627939528e-18
3.588325385657783522e-17
1.510062784751955009e-17
1.268667893049043337e-17
1.094835308375553251e-17
-5.075390875145975395e-17
-0.000000000000000000e+00
-2.499999999999995628e-02
1.714640081334272878e-17
-3.726511049445762589e-17
-1.290513992190392567e-16
-2.199821400504386249e-17
2.043425187816436006e-17
-4.118936125002026061e-18
3.588325385657784138e-17
1.510062784751955625e-17
1.268667893049043183e-17
1.094835308375552943e-17
-5.075390875145966150e-17
-2.499999999999995628e-02
1.714640081334270721e-17
-3.726511049445764438e-17
-1.290513992190392567e-16
-2.199821400504386249e-17
2.921471932628005395e-18
3.588325385657782289e-17
1.510062784751954084e-17
1.268667893049042721e-17
1.094835308375553867e-17
-2.499999999999995628e-02
1.714640081334270721e-17
-3.726511049445766287e-17
-1.290513992190391827e-16
-4.118936125002026061e-18
3.588325385657779208e-17
1.510062784751954084e-17
1.268667893049042721e-17
-2.499999999999997016e-02
1.714640081334270721e-17
-3.726511049445768752e-17
2.921471932627939528e-18
3.588325385657781673e-17
1.510062784751954084e-17
-2.499999999999997363e-02
1.714640081334270721e-17
-4.118936125002026061e-18
3.588325385657775510e-17
-2.499999999999997016e-02
2.921471932627939528e-18
8.333333333333313442e-02
1.048129577102426632e-17
2.112963068407689446e-18
8.333333333333312054e-02
-1.493296931869323320e-17
-2.796231168941460842e-18
1.885095689954216008e-17
1.151575918387028668e-17
8.333333333333313442e-02
-1.917461154199826993e-17
-1.605419494991875231e-17
-4.515821172942798270e-18
5.551947828923033451e-17
2.230565608757279857e-17
1.392727039860072326e-17
8.333333333333316217e-02
-7.062301840602049386e-18
-2.326503971900925507e-17
-2.022174165861457798e-17
-7.070006223875028938e-18
6.972404118234598373e-17
2.706997017529573769e-17
3.677415169323469672e-17
-4.726343325131858439e-18
8.333333333333318993e-02
-6.314782292197730109e-17
-2.662742550700191672e-17
-2.518816499219658166e-17
1.621274977856822944e-18
-8.693613846544019599e-18
9.070545480405121951e-17
5.362519828883562234e-17
2.919928712498961178e-17
1.948163398023328271e-17
8.337321632019965304e-18
8.333333333333316217e-02
-0.000000000000000000e+00
-6.371805762727904151e-17
-2.808805020339848811e-17
-2.174620985657704823e-17
-1.647126701795729864e-17
7.857846986420460617e-19
7.408563874703479088e-17
6.817998609977153115e-17
2.546008107577259582e-17
3.517157588972260212e-17
8.432994607413433928e-19
8.333333333333314830e-02
-6.047290266141556671e-17
-1.461587997114330777e-17
-2.877587547979447110e-17
-3.830504477782325668e-18
-9.029408884549816057e-18
6.746610095360211957e-17
3.658172723709888807e-17
1.048682201594662018e-17
-3.340321948627303530e-18
8.333333333333313442e-02
-2.136041452418985790e-17
-1.389190294956456561e-17
-1.306001941955984304e-17
-9.052849581103570625e-18
3.432450856579676718e-17
2.845643951680670064e-17
7.266785403722608650e-18
8.333333333333313442e-02
-2.678707531155687633e-17
-1.815168831304115077e-17
5.545320835031892779e-18
3.180923150827695764e-17
7.324583102975245679e-18
8.333333333333318993e-02
-1.591867549317908058e-17
-6.463272055704774870e-18
1.492923337445035303e-17
8.333333333333314830e-02
3.798492877656088180e-18
8.333333333333313442e-02
-2.499999999999994588e-02
2.056576478533862071e-17
1.993361150523415659e-17
-2.499999999999994935e-02
2.466496235067194933e-17
7.288237845372895865e-18
-1.478971508226981188e-17
2.933640762069674690e-17
-2.499999999999995975e-02
-2.506306538270627595e-17
2.354373671944640557e-17
5.568647841371576155e-18
5.539816014359817741e-17
-1.133501589423912717e-17
3.174791883542717423e-17
-2.499999999999997016e-02
5.913295944659184730e-17
-2.915349355971728575e-17
1.937619001075057990e-17
3.014462790439378614e-18
6.219154500713799432e-17
2.694865202966363915e-17
3.133479711422709352e-18
1.309430511169459253e-17
-2.499999999999996669e-02
-4.989412376288395260e-17
3.956783578019199846e-17
-3.107661883290461234e-17
4.121920664722198082e-17
1.390855167770378708e-18
-3.236584641019568976e-17
4.609270211362758362e-17
2.907796897935739922e-17
-1.415903800157873240e-17
2.615797006884641627e-17
-2.499999999999996669e-02
-0.000000000000000000e+00
-5.046435846818568686e-17
3.810721108379542707e-17
-2.763466369728506658e-17
2.312666465140782226e-17
1.087025371295649906e-17
-4.898566246721208141e-17
6.064748992456343080e-17
2.533876293014045106e-17
1.530903907910535398e-18
1.866394789756777597e-17
-2.499999999999994241e-02
-4.721920350232225520e-17
5.157938131605060741e-17
-3.466432932050251410e-17
3.576742719158281834e-17
1.055060129764605360e-18
5.993360477839411783e-17
3.646040909146674947e-17
-2.315384996586547813e-17
1.448032648819912625e-17
-2.499999999999995282e-02
4.483484676300413739e-17
-1.978035679027255007e-17
2.653791224980520082e-17
1.031619433210809963e-18
3.420319042016461008e-17
-5.184232465005351442e-18
2.508743384054905500e-17
-2.499999999999995282e-02
-3.267552915226492550e-17
2.144624335632392699e-17
1.562978984934628569e-17
-1.831440473535147600e-18
2.514523153980166891e-17
-2.499999999999996669e-02
2.367925617618600334e-17
3.621196958609554873e-18
3.274988181127677627e-17
-2.499999999999999098e-02
1.388296189197044720e-17
-2.499999999999999445e-02
4.931496684224200211e-17
2.805616255606056743e-17
1.098148300333622864e-17
4.485627052834723635e-17
-2.208158288864560128e-17
1.477863561609484412e-17
-1.582329889109226709e-18
2.038427911879880354e-17
4.264489816327898913e-17
1.424482227503802624e-17
-2.320280851987111730e-17
1.305904561209345200e-17
3.055096573185729579e-17
1.872369298921430268e-18
2.279579033352925861e-17
3.541113234980134413e-17
2.680840731600522427e-17
1.015439409802705034e-17
-2.737035522856692448e-17
1.050486056116129991e-17
2.900490674546025783e-17
2.101457617922732877e-18
1.634086490458327912e-17
4.142176609796670741e-18
4.680588139195841515e-17
4.642217381408285783e-17
7.243283649605341533e-18
8.231268824839655964e-18
-5.527338592095512773e-18
8.881252938492390905e-18
7.967197244070790606e-17
1.290606385194983635e-17
4.230774567616543790e-18
-9.516528084181333581e-19
1.720584156694851297e-17
3.874737543561051322e-17
-0.000000000000000000e+00
4.585193910878110509e-17
5.782658953208792483e-18
1.167322396045914163e-17
-2.361988058790959584e-17
1.836065148367842113e-17
6.305215638369152674e-17
2.746085166288567275e-17
4.915685183995625034e-19
1.473828910107116603e-17
9.711819395669909647e-18
5.322105470843410038e-17
4.909709407464438883e-17
1.925482918546396897e-17
4.643558337241697960e-18
-1.097911804773463519e-17
8.545457900486511246e-18
2.674696651671633820e-17
1.161321467972584320e-17
-9.946464772704831322e-18
5.528197986301269175e-18
4.269834508691631078e-17
1.251029463241743887e-17
1.952753086747167201e-17
-2.020863298951216490e-17
8.522017203932648827e-18
9.355996008423726924e-18
8.023152728155301527e-18
1.613530533865116094e-17
4.457923556284631851e-17
6.632358505479275782e-18
-2.530030188299342948e-17
2.312018762006819235e-17
1.137594471962549381e-17
1.619310303790373480e-17
4.480913372574610473e-17
-2.306728906313141476e-17
1.111159472933147232e-17
2.379775330937886372e-17
2.906440544122586008e-17
2.137335966269232304e-17
1.781573772726107935e-17
9.250762806356920139e-17
1.971277969905865132e-17
3.355270534736001533e-18
8.943671053045587637e-17
-1.173238805528035291e-17
6.435252759092990408e-18
-3.028654786788177076e-17
1.275806665019858798e-17
8.288852947544560526e-17
-7.728270901813131117e-18
-1.285361368650588897e-17
4.715662755091555143e-18
3.442017622805892405e-17
-2.683184867985113227e-17
1.516957786492903381e-17
7.747622331174360894e-17
-3.972728361096798890e-17
-1.181869907882411472e-17
-1.702116039520170385e-17
2.161477704159427320e-18
-9.145853940388638817e-17
5.970668114124355740e-18
-1.236335307418928958e-17
-3.484035858803560219e-18
8.956486174429141266e-17
3.840526678960538782e-17
-5.929240727736788088e-17
-1.374182435201148599e-17
4.821856241269710943e-18
5.378700814904243327e-19
-5.416288684782653921e-17
-1.075573822973968112e-16
8.099985063818148935e-18
-2.965587078719072825e-17
9.579629098348272769e-18
8.185330048313888324e-17
-0.000000000000000000e+00
3.783503208430362275e-17
-6.075303197376445844e-17
-1.029986921639197105e-17
-1.327068575454441527e-17
1.001726862667640333e-17
-7.078270290484291853e-17
-9.300259448646113657e-17
4.360779014601183826e-18
-1.396592887770149820e-17
2.085606927069627842e-18
9.979642670791607227e-17
4.108018705016696196e-17
-4.728086174150929659e-17
-1.732953483960936772e-17
-6.299232143694207210e-19
2.020750434845689410e-19
-9.371647963263041257e-17
1.548242517592747145e-17
-3.865068275147749555e-17
-2.098014482298964866e-18
8.563079778684698530e-17
-5.402539629455582207e-17
-2.445562309379437586e-18
-9.859438156146999728e-18
1.786343469307858699e-19
1.322520650462536905e-17
-2.068106525061738735e-17
8.509092870050914573e-18
8.430244983221990977e-17
-1.534073467137176371e-17
-1.495110704962826432e-17
1.477680476306623618e-17
-1.732827325914719507e-17
8.566890569303567010e-18
8.574665442830346588e-17
-1.271809422976618642e-17
2.768211872329525387e-18
1.617154084077868515e-17
7.043560701277742301e-17
1.302997680569041309e-17
6.022777338439871667e-17
0.000000000000000000e+00
0.000000000000000000e+00
0.000000000000000000e+00
0.000000000000000000e+00
0.000000000000000000e+00
0.000000000000000000e+00
0.000000000000000000e+00
0.000000000000000000e+00
0.000000000000000000e+00
0.000000000000000000e+00
0.000000000000000000e+00
0.000000000000000000e+00
0.000000000000000000e+00
0.000000000000000000e+00
0.000000000000000000e+00
0.000000000000000000e+00
0.000000000000000000e+00
0.000000000000000000e+00
0.000000000000000000e+00
0.000000000000000000e+00
0.000000000000000000e+00
0.000000000000000000e+00
0.000000000000000000e+00
0.000000000000000000e+00
0.000000000000000000e+00
0.000000000000000000e+00
0.000000000000000000e+00
0.000000000000000000e+00
0.000000000000000000e+00
0.000000000000000000e+00
0.000000000000000000e+00
0.000000000000000000e+00
0.000000000000000000e+00
0.000000000000000000e+00
0.000000000000000000e+00
0.000000000000000000e+00
0.000000000000000000e+00
0.000000000000000000e+00
0.000000000000000000e+00
0.000000000000000000e+00
0.000000000000000000e+00
0.000000000000000000e+00
0.000000000000000000e+00
0.000000000000000000e+00
0.000000000000000000e+00
0.000000000000000000e+00
0.000000000000000000e+00
0.000000000000000000e+00
0.000000000000000000e+00
0.000000000000000000e+00
0.000000000000000000e+00
0.000000000000000000e+00
0.000000000000000000e+00
0.000000000000000000e+00
0.000000000000000000e+00
0.000000000000000000e+00
0.000000000000000000e+00
0.000000000000000000e+00
0.000000000000000000e+00
0.000000000000000000e+00
0.000000000000000000e+00
0.000000000000000000e+00
0.000000000000000000e+00
0.000000000000000000e+00
0.000000000000000000e+00
0.000000000000000000e+00
0.000000000000000000e+00
0.000000000000000000e+00
0.000000000000000000e+00
0.000000000000000000e+00
0.000000000000000000e+00
0.000000000000000000e+00
0.000000000000000000e+00
0.000000000000000000e+00
0.000000000000000000e+00
0.000000000000000000e+00
0.000000000000000000e+00
0.000000000000000000e+00
0.000000000000000000e+00
0.000000000000000000e+00
0.000000000000000000e+00
0.000000000000000000e+00
0.000000000000000000e+00
0.000000000000000000e+00
0.000000000000000000e+00
0.000000000000000000e+00
0.000000000000000000e+00
0.000000000000000000e+00
0.000000000000000000e+00
0.000000000000000000e+00
0.000000000000000000e+00
0.000000000000000000e+00
0.000000000000000000e+00
0.000000000000000000e+00
0.000000000000000000e+00
0.000000000000000000e+00
0.000000000000000000e+00
0.000000000000000000e+00
0.000000000000000000e+00
0.000000000000000000e+00
0.000000000000000000e+00
0.000000000000000000e+00
0.000000000000000000e+00
0.000000000000000000e+00
0.000000000000000000e+00
0.000000000000000000e+00
0.000000000000000000e+00
0.000000000000000000e+00
0.000000000000000000e+00
0.000000000000000000e+00
0.000000000000000000e+00
0.000000000000000000e+00
0.000000000000000000e+00
0.000000000000000000e+00
0.000000000000000000e+00
0.000000000000000000e+00
0.000000000000000000e+00
0.000000000000000000e+00
0.000000000000000000e+00
0.000000000000000000e+00
0.000000000000000000e+00
0.000000000000000000e+00
0.000000000000000000e+00
0.000000000000000000e+00
0.000000000000000000e+00
0.000000000000000000e+00
0.000000000000000000e+00
0.000000000000000000e+00
0.000000000000000000e+00
0.000000000000000000e+00
0.000000000000000000e+00
0.000000000000000000e+00
0.000000000000000000e+00
0.000000000000000000e+00
0.000000000000000000e+00
0.000000000000000000e+00
0.000000000000000000e+00
0.000000000000000000e+00
0.000000000000000000e+00
0.000000000000000000e+00
0.000000000000000000e+00
0.000000000000000000e+00
0.000000000000000000e+00
0.000000000000000000e+00
0.000000000000000000e+00
0.000000000000000000e+00
0.000000000000000000e+00
0.000000000000000000e+00
0.000000000000000000e+00
0.000000000000000000e+00
0.000000000000000000e+00
0.000000000000000000e+00
0.000000000000000000e+00
0.000000000000000000e+00
0.000000000000000000e+00
0.000000000000000000e+00
0.000000000000000000e+00
0.000000000000000000e+00
0.000000000000000000e+00
0.000000000000000000e+00
0.000000000000000000e+00
0.000000000000000000e+00
0.000000000000000000e+00
0.000000000000000000e+00
0.000000000000000000e+00
0.000000000000000000e+00
0.000000000000000000e+00
0.000000000000000000e+00
0.000000000000000000e+00
0.000000000000000000e+00
0.000000000000000000e+00
0.000000000000000000e+00
0.000000000000000000e+00
0.000000000000000000e+00
0.000000000000000000e+00
0.000000000000000000e+00
0.000000000000000000e+00
0.000000000000000000e+00
0.000000000000000000e+00
0.000000000000000000e+00
0.000000000000000000e+00
0.000000000000000000e+00
0.000000000000000000e+00
0.000000000000000000e+00
0.000000000000000000e+00
0.000000000000000000e+00
0.000000000000000000e+00
0.000000000000000000e+00
0.000000000000000000e+00
0.000000000000000000e+00
0.000000000000000000e+00
0.000000000000000000e+00
0.000000000000000000e+00
0.000000000000000000e+00
0.000000000000000000e+00
0.000000000000000000e+00
0.000000000000000000e+00
0.000000000000000000e+00
0.000000000000000000e+00
0.000000000000000000e+00
0.000000000000000000e+00
0.000000000000000000e+00
0.000000000000000000e+00
0.000000000000000000e+00
0.000000000000000000e+00
0.000000000000000000e+00
0.000000000000000000e+00
0.000000000000000000e+00
0.000000000000000000e+00
0.000000000000000000e+00
0.000000000000000000e+00
0.000000000000000000e+00
0.000000000000000000e+00
0.000000000000000000e+00
0.000000000000000000e+00
0.000000000000000000e+00
0.000000000000000000e+00
0.000000000000000000e+00
0.000000000000000000e+00
0.000000000000000000e+00
0.000000000000000000e+00
0.000000000000000000e+00
0.000000000000000000e+00
0.000000000000000000e+00
0.000000000000000000e+00
0.000000000000000000e+00
0.000000000000000000e+00
0.000000000000000000e+00
0.000000000000000000e+00
0.000000000000000000e+00
0.000000000000000000e+00
0.000000000000000000e+00
0.000000000000000000e+00
0.000000000000000000e+00
0.000000000000000000e+00
0.000000000000000000e+00
0.000000000000000000e+00
0.000000000000000000e+00
0.000000000000000000e+00
0.000000000000000000e+00
0.000000000000000000e+00
0.000000000000000000e+00
0.000000000000000000e+00
0.000000000000000000e+00
0.000000000000000000e+00
0.000000000000000000e+00
0.000000000000000000e+00
0.000000000000000000e+00
0.000000000000000000e+00
0.000000000000000000e+00
0.000000000000000000e+00
0.000000000000000000e+00
0.000000000000000000e+00
0.000000000000000000e+00
0.000000000000000000e+00
0.000000000000000000e+00
0.000000000000000000e+00
0.000000000000000000e+00
0.000000000000000000e+00
0.000000000000000000e+00
0.000000000000000000e+00
0.000000000000000000e+00
0.000000000000000000e+00
0.000000000000000000e+00
0.000000000000000000e+00
0.000000000000000000e+00
0.000000000000000000e+00
0.000000000000000000e+00
0.000000000000000000e+00
0.000000000000000000e+00
0.000000000000000000e+00
0.000000000000000000e+00
0.000000000000000000e+00
0.000000000000000000e+00
0.000000000000000000e+00
0.000000000000000000e+00
0.000000000000000000e+00
0.000000000000000000e+00
0.000000000000000000e+00
0.000000000000000000e+00
0.000000000000000000e+00
0.000000000000000000e+00
0.000000000000000000e+00
0.000000000000000000e+00
0.000000000000000000e+00
0.000000000000000000e+00
0.000000000000000000e+00
0.000000000000000000e+00
0.000000000000000000e+00
0.000000000000000000e+00
0.000000000000000000e+00
0.000000000000000000e+00
0.000000000000000000e+00
0.000000000000000000e+00
0.000000000000000000e+00
0.000000000000000000e+00
0.000000000000000000e+00
0.000000000000000000e+00
0.000000000000000000e+00
0.000000000000000000e+00
0.000000000000000000e+00
0.000000000000000000e+00
0.000000000000000000e+00
0.000000000000000000e+00
0.000000000000000000e+00
0.000000000000000000e+00
0.000000000000000000e+00
0.000000000000000000e+00
0.000000000000000000e+00
0.000000000000000000e+00
0.000000000000000000e+00
0.000000000000000000e+00
0.000000000000000000e+00
0.000000000000000000e+00
0.000000000000000000e+00
0.000000000000000000e+00
0.000000000000000000e+00
0.000000000000000000e+00
0.000000000000000000e+00
0.000000000000000000e+00
0.000000000000000000e+00
0.000000000000000000e+00
0.000000000000000000e+00
0.000000000000000000e+00
0.000000000000000000e+00
0.000000000000000000e+00
0.000000000000000000e+00
0.000000000000000000e+00
0.000000000000000000e+00
0.000000000000000000e+00
0.000000000000000000e+00
0.000000000000000000e+00
0.000000000000000000e+00
0.000000000000000000e+00
0.000000000000000000e+00
0.000000000000000000e+00
0.000000000000000000e+00
0.000000000000000000e+00
0.000000000000000000e+00
0.000000000000000000e+00
0.000000000000000000e+00
0.000000000000000000e+00
0.000000000000000000e+00
0.000000000000000000e+00
0.000000000000000000e+00
0.000000000000000000e+00
0.000000000000000000e+00
0.000000000000000000e+00
0.000000000000000000e+00
0.000000000000000000e+00
0.000000000000000000e+00
0.000000000000000000e+00
0.000000000000000000e+00
0.000000000000000000e+00
0.000000000000000000e+00
0.000000000000000000e+00
0.000000000000000000e+00
0.000000000000000000e+00
0.000000000000000000e+00
0.000000000000000000e+00
0.000000000000000000e+00
0.000000000000000000e+00
0.000000000000000000e+00
0.000000000000000000e+00
0.000000000000000000e+00
0.000000000000000000e+00
0.000000000000000000e+00
0.000000000000000000e+00
0.000000000000000000e+00
0.000000000000000000e+00
0.000000000000000000e+00
0.000000000000000000e+00
0.000000000000000000e+00
0.000000000000000000e+00
0.000000000000000000e+00
0.000000000000000000e+00
0.000000000000000000e+00
0.000000000000000000e+00
0.000000000000000000e+00
0.000000000000000000e+00
0.000000000000000000e+00
0.000000000000000000e+00
0.000000000000000000e+00
0.000000000000000000e+00
0.000000000000000000e+00
0.000000000000000000e+00
0.000000000000000000e+00
0.000000000000000000e+00
0.000000000000000000e+00
0.000000000000000000e+00
0.000000000000000000e+00
0.000000000000000000e+00
0.000000000000000000e+00
0.000000000000000000e+00
0.000000000000000000e+00
0.000000000000000000e+00
0.000000000000000000e+00
0.000000000000000000e+00
0.000000000000000000e+00
0.000000000000000000e+00
0.000000000000000000e+00
0.000000000000000000e+00
0.000000000000000000e+00
0.000000000000000000e+00
0.000000000000000000e+00
0.000000000000000000e+00
0.000000000000000000e+00
0.000000000000000000e+00
0.000000000000000000e+00
0.000000000000000000e+00
0.000000000000000000e+00
0.000000000000000000e+00
0.000000000000000000e+00
0.000000000000000000e+00
0.000000000000000000e+00
0.000000000000000000e+00
0.000000000000000000e+00
0.000000000000000000e+00
0.000000000000000000e+00
0.000000000000000000e+00
0.000000000000000000e+00
0.000000000000000000e+00
0.000000000000000000e+00
0.000000000000000000e+00
0.000000000000000000e+00
0.000000000000000000e+00
0.000000000000000000e+00
0.000000000000000000e+00
0.000000000000000000e+00
0.000000000000000000e+00
0.000000000000000000e+00
0.000000000000000000e+00
0.000000000000000000e+00
0.000000000000000000e+00
0.000000000000000000e+00
0.000000000000000000e+00
0.000000000000000000e+00
0.000000000000000000e+00
0.000000000000000000e+00
0.000000000000000000e+00
0.000000000000000000e+00
0.000000000000000000e+00
0.000000000000000000e+00
0.000000000000000000e+00
0.000000000000000000e+00
0.000000000000000000e+00
0.000000000000000000e+00
0.000000000000000000e+00
0.000000000000000000e+00
0.000000000000000000e+00
0.000000000000000000e+00
0.000000000000000000e+00
0.000000000000000000e+00
0.000000000000000000e+00
0.000000000000000000e+00
0.000000000000000000e+00
0.000000000000000000e+00
0.000000000000000000e+00
0.000000000000000000e+00
0.000000000000000000e+00
0.000000000000000000e+00
0.000000000000000000e+00
0.000000000000000000e+00
0.000000000000000000e+00
0.000000000000000000e+00
0.000000000000000000e+00
0.000000000000000000e+00
0.000000000000000000e+00
0.000000000000000000e+00
0.000000000000000000e+00
0.000000000000000000e+00
0.000000000000000000e+00
0.000000000000000000e+00
0.000000000000000000e+00
0.000000000000000000e+00
0.000000000000000000e+00
0.000000000000000000e+00
0.000000000000000000e+00
0.000000000000000000e+00
0.000000000000000000e+00
0.000000000000000000e+00
0.000000000000000000e+00
0.000000000000000000e+00
0.000000000000000000e+00
0.000000000000000000e+00
0.000000000000000000e+00
0.000000000000000000e+00
0.000000000000000000e+00
0.000000000000000000e+00
0.000000000000000000e+00
0.000000000000000000e+00
0.000000000000000000e+00
0.000000000000000000e+00
0.000000000000000000e+00
0.000000000000000000e+00
0.000000000000000000e+00
0.000000000000000000e+00
0.000000000000000000e+00
0.000000000000000000e+00
0.000000000000000000e+00
0.000000000000000000e+00
0.000000000000000000e+00
0.000000000000000000e+00
0.000000000000000000e+00
0.000000000000000000e+00
0.000000000000000000e+00
0.000000000000000000e+00
0.000000000000000000e+00
0.000000000000000000e+00
0.000000000000000000e+00
0.000000000000000000e+00
0.000000000000000000e+00
0.000000000000000000e+00
0.000000000000000000e+00
0.000000000000000000e+00
0.000000000000000000e+00
0.000000000000000000e+00
0.000000000000000000e+00
0.000000000000000000e+00
0.000000000000000000e+00
0.000000000000000000e+00
0.000000000000000000e+00
0.000000000000000000e+00
0.000000000000000000e+00
0.000000000000000000e+00
0.000000000000000000e+00
0.000000000000000000e+00
0.000000000000000000e+00
0.000000000000000000e+00
0.000000000000000000e+00
0.000000000000000000e+00
0.000000000000000000e+00
0.000000000000000000e+00
0.000000000000000000e+00
0.000000000000000000e+00
0.000000000000000000e+00
0.000000000000000000e+00
0.000000000000000000e+00
0.000000000000000000e+00
0.000000000000000000e+00
0.000000000000000000e+00
0.000000000000000000e+00
0.000000000000000000e+00
0.000000000000000000e+00
0.000000000000000000e+00
0.000000000000000000e+00
0.000000000000000000e+00
0.000000000000000000e+00
0.000000000000000000e+00
0.000000000000000000e+00
0.000000000000000000e+00
0.000000000000000000e+00
0.000000000000000000e+00
0.000000000000000000e+00
0.000000000000000000e+00
0.000000000000000000e+00
0.000000000000000000e+00
0.000000000000000000e+00
0.000000000000000000e+00
0.000000000000000000e+00
0.000000000000000000e+00
0.000000000000000000e+00
0.000000000000000000e+00
0.000000000000000000e+00
0.000000000000000000e+00
0.000000000000000000e+00
0.000000000000000000e+00
0.000000000000000000e+00
0.000000000000000000e+00
0.000000000000000000e+00
0.000000000000000000e+00
0.000000000000000000e+00
0.000000000000000000e+00
0.000000000000000000e+00
0.000000000000000000e+00
0.000000000000000000e+00
0.000000000000000000e+00
0.000000000000000000e+00
0.000000000000000000e+00
0.000000000000000000e+00
0.000000000000000000e+00
0.000000000000000000e+00
0.000000000000000000e+00
0.000000000000000000e+00
0.000000000000000000e+00
1.800000000000000000e+04
-3.600000000000000000e+04
1.800000000000000000e+04
-0.000000000000000000e+00
-0.000000000000000000e+00
-0.000000000000000000e+00
-0.000000000000000000e+00
-0.000000000000000000e+00
-0.000000000000000000e+00
-0.000000000000000000e+00
-0.000000000000000000e+00
-0.000000000000000000e+00
-0.000000000000000000e+00
1.000000000000000000e+00
1.500000000000000000e+00
-0.000000000000000000e+00
-0.000000000000000000e+00
-0.000000000000000000e+00
-0.000000000000000000e+00
-0.000000000000000000e+00
-0.000000000000000000e+00
-0.000000000000000000e+00
-0.000000000000000000e+00
-0.000000000000000000e+00
-0.000000000000000000e+00
-0.000000000000000000e+00
1.000000000000000000e+00
7.296137339055808191e-01
-1.083333333333334619e-01
8.154506437768251903e-01
1.454584958356403823e-16
-1.083333333333333925e-01
-8.479400389860965996e-17
7.296137339055805970e-01
1.314247113045165880e-16
-4.502007579039955493e-17
-1.083333333333334619e-01
-1.168251192819651057e-16
6.273083365686292373e-17
8.154506437768251903e-01
1.260928987157030046e-16
-4.044560795002846800e-17
-1.294239627764144130e-16
-1.083333333333334897e-01
-1.174126706202215058e-16
-5.242606894571968286e-17
-1.882558803009678677e-18
7.296137339055809301e-01
1.199232567839308299e-16
-5.901350045356565503e-17
-1.704723027490404954e-16
-3.126749573358660061e-17
-1.083333333333335174e-01
-8.921392690120064145e-17
9.722938626431159224e-19
2.033065499299813955e-17
1.537743862220218461e-16
8.154506437768255234e-01
1.253969207257506659e-16
-4.286597580420938171e-17
-1.410726723633395657e-16
-1.433939094617529851e-17
-1.478409709762161099e-16
-1.083333333333334758e-01
-1.367563912963254243e-16
-6.287240918653792782e-18
6.241038819312161910e-18
1.354285431888658138e-16
2.354818563585806821e-16
7.296137339055808191e-01
1.178106161602943596e-16
-5.373264267713783366e-17
-1.282773441080221512e-16
-3.663281901304992225e-17
-1.633318664723562655e-16
0.000000000000000000e+00
-1.083333333333334481e-01
-1.058566063639080049e-16
2.333714794306758192e-18
-2.933560877465434507e-17
1.976114285800728869e-16
2.337205160853117622e-16
8.154506437768255234e-01
9.472521902187899900e-17
-6.328933739888729485e-17
-1.256129648056304341e-16
-2.099066122861355059e-17
-1.181876367971179422e-16
0.000000000000000000e+00
-1.083333333333334342e-01
-1.254524773435603479e-16
-2.767516988298477493e-18
1.085997131005278653e-18
1.897829297161460928e-16
0.000000000000000000e+00
7.296137339055808191e-01
1.371739124409431156e-16
-3.325742503660713196e-17
-1.331864650397387411e-16
-2.123342012094535837e-17
0.000000000000000000e+00
0.000000000000000000e+00
-1.083333333333334481e-01
-1.103552441721886693e-16
-2.247115786876308141e-17
-1.772241039203762053e-18
0.000000000000000000e+00
0.000000000000000000e+00
8.154506437768253013e-01
1.323202104229373319e-16
-3.153952765819790907e-17
-1.459079550105774038e-16
0.000000000000000000e+00
0.000000000000000000e+00
0.000000000000000000e+00
-1.083333333333335036e-01
-1.005326694033927717e-16
2.900140077621907988e-18
0.000000000000000000e+00
0.000000000000000000e+00
0.000000000000000000e+00
7.296137339055809301e-01
1.397931909016869642e-16
-4.360937202713823243e-17
0.000000000000000000e+00
0.000000000000000000e+00
0.000000000000000000e+00
0.000000000000000000e+00
-1.083333333333335174e-01
-1.244936343741743475e-16
0.000000000000000000e+00
0.000000000000000000e+00
0.000000000000000000e+00
0.000000000000000000e+00
8.154506437768255234e-01
1.147625178023401671e-16
0.000000000000000000e+00
0.000000000000000000e+00
0.000000000000000000e+00
0.000000000000000000e+00
0.000000000000000000e+00
-1.083333333333335174e-01
0.000000000000000000e+00
0.000000000000000000e+00
0.000000000000000000e+00
0.000000000000000000e+00
0.000000000000000000e+00
7.296137339055810411e-01
0.000000000000000000e+00
0.000000000000000000e+00
0.000000000000000000e+00
0.000000000000000000e+00
0.000000000000000000e+00
0.000000000000000000e+00
5.833333333333330650e-02
-1.164772794347147424e-17
6.922578580735129939e-17
5.833333333333330650e-02
1.313491111783179147e-17
1.629798996494267560e-18
1.852139703677522922e-17
5.982298969188874915e-17
5.833333333333332732e-02
5.787516823033012359e-17
1.425613674905730442e-17
3.349389000495639655e-18
4.898219993133639551e-17
1.506669784874455992e-17
5.741147847715825402e-17
5.833333333333336201e-02
8.852706329850600400e-17
6.196559640734110874e-17
1.842368345775317630e-17
5.903574051427774797e-18
6.292557442402105127e-17
7.743170804527093378e-17
5.982022430826962384e-19
7.606509220089086962e-17
5.833333333333334814e-02
-1.745206928196364523e-18
1.080921869649058837e-16
6.388872168052841683e-17
-3.419333178718260054e-18
7.527181674096779325e-18
3.049026087080291319e-17
7.902441731753146197e-17
7.530239109557722301e-17
1.789071995608416515e-17
6.300142724373903047e-17
5.833333333333334814e-02
0.000000000000000000e+00
-1.174972222894600991e-18
1.095528116613024735e-16
6.044676654490881253e-17
1.467320881709585691e-17
-1.952216871089192351e-18
4.711007692781928018e-17
6.446962950659573805e-17
7.904159714479422048e-17
2.200778046594911214e-18
7.049544941501762455e-17
5.833333333333329263e-02
0.000000000000000000e+00
-4.420127188757983348e-18
9.608064142904732401e-17
6.747643216812621999e-17
2.032446276920895492e-18
7.862976712102574242e-18
0.000000000000000000e+00
6.518351465276503870e-17
6.791995098346792207e-17
2.688553192037089238e-17
7.467907082438624037e-17
5.833333333333332038e-02
0.000000000000000000e+00
0.000000000000000000e+00
1.028251759820940282e-16
5.259245963789623747e-17
1.126196121869845216e-17
7.886417408656444365e-18
0.000000000000000000e+00
0.000000000000000000e+00
7.017716965476996900e-17
8.915914419510816543e-18
6.407196347203634552e-17
5.833333333333330650e-02
0.000000000000000000e+00
0.000000000000000000e+00
0.000000000000000000e+00
6.548763199988857592e-17
1.635363011217973986e-17
-6.711753007479065261e-18
0.000000000000000000e+00
0.000000000000000000e+00
0.000000000000000000e+00
5.563122428040567249e-18
6.401416577278371620e-17
5.833333333333334120e-02
0.000000000000000000e+00
0.000000000000000000e+00
0.000000000000000000e+00
0.000000000000000000e+00
1.412061729231765734e-17
5.296839883257630122e-18
0.000000000000000000e+00
0.000000000000000000e+00
0.000000000000000000e+00
0.000000000000000000e+00
5.640951550130859652e-17
5.833333333333337589e-02
0.000000000000000000e+00
0.000000000000000000e+00
0.000000000000000000e+00
0.000000000000000000e+00
0.000000000000000000e+00
-4.964925050103229847e-18
0.000000000000000000e+00
0.000000000000000000e+00
0.000000000000000000e+00
0.000000000000000000e+00
0.000000000000000000e+00
5.833333333333336201e-02
0.000000000000000000e+00
0.000000000000000000e+00
0.000000000000000000e+00
0.000000000000000000e+00
0.000000000000000000e+00
0.000000000000000000e+00
0.000000000000000000e+00
0.000000000000000000e+00
0.000000000000000000e+00
0.000000000000000000e+00
0.000000000000000000e+00
0.000000000000000000e+00
0.000000000000000000e+00
0.000000000000000000e+00
0.000000000000000000e+00
0.000000000000000000e+00
0.000000000000000000e+00
0.000000000000000000e+00
0.000000000000000000e+00
0.000000000000000000e+00
0.000000000000000000e+00
0.000000000000000000e+00
0.000000000000000000e+00
0.000000000000000000e+00
0.000000000000000000e+00
0.000000000000000000e+00
0.000000000000000000e+00
0.000000000000000000e+00
0.000000000000000000e+00
0.000000000000000000e+00
0.000000000000000000e+00
0.000000000000000000e+00
0.000000000000000000e+00
0.000000000000000000e+00
0.000000000000000000e+00
0.000000000000000000e+00
0.000000000000000000e+00
0.000000000000000000e+00
0.000000000000000000e+00
0.000000000000000000e+00
0.000000000000000000e+00
0.000000000000000000e+00
0.000000000000000000e+00
0.000000000000000000e+00
0.000000000000000000e+00
0.000000000000000000e+00
0.000000000000000000e+00
0.000000000000000000e+00
0.000000000000000000e+00
0.000000000000000000e+00
0.000000000000000000e+00
0.000000000000000000e+00
0.000000000000000000e+00
0.000000000000000000e+00
0.000000000000000000e+00
0.000000000000000000e+00
0.000000000000000000e+00
0.000000000000000000e+00
0.000000000000000000e+00
0.000000000000000000e+00
0.000000000000000000e+00
0.000000000000000000e+00
0.000000000000000000e+00
0.000000000000000000e+00
0.000000000000000000e+00
0.000000000000000000e+00
0.000000000000000000e+00
0.000000000000000000e+00
0.000000000000000000e+00
0.000000000000000000e+00
0.000000000000000000e+00
0.000000000000000000e+00
0.000000000000000000e+00
0.000000000000000000e+00
0.000000000000000000e+00
0.000000000000000000e+00
0.000000000000000000e+00
0.000000000000000000e+00
0.000000000000000000e+00
0.000000000000000000e+00
0.000000000000000000e+00
0.000000000000000000e+00
0.000000000000000000e+00
0.000000000000000000e+00
9.508453275792892734e-02
3.983591397339455997e-02
3.983591397339444201e-02
3.983591397339455303e-02
-7.347366608389389847e-19
2.259905099089140391e-18
-3.520204028814984528e-18
-0.000000000000000000e+00
-0.000000000000000000e+00
-0.000000000000000000e+00
-0.000000000000000000e+00
-0.000000000000000000e+00
-0.000000000000000000e+00
-0.000000000000000000e+00
-0.000000000000000000e+00
-0.000000000000000000e+00
-0.000000000000000000e+00
-0.000000000000000000e+00
-0.000000000000000000e+00
-0.000000000000000000e+00
-0.000000000000000000e+00
-0.000000000000000000e+00
-0.000000000000000000e+00
-0.000000000000000000e+00
-0.000000000000000000e+00
-0.000000000000000000e+00
-0.000000000000000000e+00
-0.000000000000000000e+00
-0.000000000000000000e+00
-0.000000000000000000e+00
-0.000000000000000000e+00
-0.000000000000000000e+00
-0.000000000000000000e+00
-0.000000000000000000e+00
-0.000000000000000000e+00
-0.000000000000000000e+00
-0.000000000000000000e+00
-0.000000000000000000e+00
-0.000000000000000000e+00
-0.000000000000000000e+00
-0.000000000000000000e+00
-0.000000000000000000e+00
2.999999999999999889e-01
1.000000000000000000e+01
-1.000000000000000000e+00
-0.000000000000000000e+00
-0.000000000000000000e+00
-0.000000000000000000e+00
-0.000000000000000000e+00
-0.000000000000000000e+00
-0.000000000000000000e+00
-0.000000000000000000e+00
-0.000000000000000000e+00
-0.000000000000000000e+00
-0.000000000000000000e+00
-0.000000000000000000e+00
-0.000000000000000000e+00
-2.999999999999999889e-01
-0.000000000000000000e+00
-0.000000000000000000e+00
-0.000000000000000000e+00
-0.000000000000000000e+00
-0.000000000000000000e+00
-0.000000000000000000e+00
-0.000000000000000000e+00
-0.000000000000000000e+00
-0.000000000000000000e+00
-0.000000000000000000e+00
-0.000000000000000000e+00
-0.000000000000000000e+00
-0.000000000000000000e+00
-0.000000000000000000e+00
-0.000000000000000000e+00
-0.000000000000000000e+00
-0.000000000000000000e+00
-0.000000000000000000e+00
-0.000000000000000000e+00
-0.000000000000000000e+00
-0.000000000000000000e+00
-0.000000000000000000e+00
-0.000000000000000000e+00
-0.000000000000000000e+00
-0.000000000000000000e+00
-0.000000000000000000e+00
-0.000000000000000000e+00
-0.000000000000000000e+00
-0.000000000000000000e+00
-0.000000000000000000e+00
-0.000000000000000000e+00
-0.000000000000000000e+00
-0.000000000000000000e+00
-0.000000000000000000e+00
-0.000000000000000000e+00
-0.000000000000000000e+00
-0.000000000000000000e+00
-0.000000000000000000e+00
-0.000000000000000000e+00
-0.000000000000000000e+00
-0.000000000000000000e+00
-0.000000000000000000e+00
-0.000000000000000000e+00
-0.000000000000000000e+00
-0.000000000000000000e+00
-0.000000000000000000e+00
-0.000000000000000000e+00
-0.000000000000000000e+00
-0.000000000000000000e+00
-0.000000000000000000e+00
-0.000000000000000000e+00
-0.000000000000000000e+00
-0.000000000000000000e+00
-0.000000000000000000e+00
-0.000000000000000000e+00
-0.000000000000000000e+00
-0.000000000000000000e+00
-0.000000000000000000e+00
-0.000000000000000000e+00
-0.000000000000000000e+00
-0.000000000000000000e+00
-0.000000000000000000e+00
-0.000000000000000000e+00
-0.000000000000000000e+00
-2.999999999999999889e-01
-0.000000000000000000e+00
-0.000000000000000000e+00
-0.000000000000000000e+00
-0.000000000000000000e+00
-0.000000000000000000e+00
-0.000000000000000000e+00
-0.000000000000000000e+00
-0.000000000000000000e+00
-0.000000000000000000e+00
-0.000000000000000000e+00
-0.000000000000000000e+00
-0.000000000000000000e+00
-0.000000000000000000e+00
-0.000000000000000000e+00
-0.000000000000000000e+00
-0.000000000000000000e+00
-0.000000000000000000e+00
-0.000000000000000000e+00
-0.000000000000000000e+00
-0.000000000000000000e+00
-0.000000000000000000e+00
-0.000000000000000000e+00
1.000000000000000000e+00
-0.000000000000000000e+00
-0.000000000000000000e+00
-0.000000000000000000e+00
-0.000000000000000000e+00
-0.000000000000000000e+00
-0.000000000000000000e+00
-0.000000000000000000e+00
-0.000000000000000000e+00
-0.000000000000000000e+00
-0.000000000000000000e+00
-0.000000000000000000e+00
-2.999999999999999889e-01
-0.000000000000000000e+00
-0.000000000000000000e+00
-0.000000000000000000e+00
-0.000000000000000000e+00
-0.000000000000000000e+00
-0.000000000000000000e+00
-0.000000000000000000e+00
-0.000000000000000000e+00
-0.000000000000000000e+00
-0.000000000000000000e+00
-0.000000000000000000e+00
-0.000000000000000000e+00
-0.000000000000000000e+00
-0.000000000000000000e+00
-0.000000000000000000e+00
-0.000000000000000000e+00
-0.000000000000000000e+00
-0.000000000000000000e+00
-0.000000000000000000e+00
-0.000000000000000000e+00
-0.000000000000000000e+00
-0.000000000000000000e+00
-0.000000000000000000e+00
-0.000000000000000000e+00
