61

2
 1.324772E+04 1.509694E-03

1
 7.528285E-01 -4.894930E-02 -7.223336E-01
 -3.006730E-01 0.000000E+00 9.527802E-01
 1.533763E-02 1.303982E+03

1
 7.651848E-01 -7.802953E-02 -7.233168E-01
 -4.780760E-01 0.000000E+00 8.776879E-01
 1.628067E-02 1.228451E+03

1
 7.827311E-01 -1.041183E-01 -7.241804E-01
 -6.439992E-01 0.000000E+00 7.646238E-01
 1.560316E-02 1.281792E+03

1
 8.054798E-01 -1.261540E-01 -7.253274E-01
 -7.841104E-01 0.000000E+00 6.205985E-01
 1.688658E-02 1.184373E+03

1
 8.323015E-01 -1.435217E-01 -7.250035E-01
 -8.822736E-01 0.000000E+00 4.696809E-01
 1.765403E-02 1.132886E+03

1
 8.611698E-01 -1.550667E-01 -7.249410E-01
 -9.649216E-01 0.000000E+00 2.602406E-01
 1.716495E-02 1.165165E+03

1
 8.957334E-01 -1.602060E-01 -7.228105E-01
 -9.991875E-01 0.000000E+00 -3.949308E-02
 1.709905E-02 1.169656E+03

1
 9.279358E-01 -1.590357E-01 -7.227437E-01
 -9.995792E-01 0.000000E+00 -2.661017E-02
 1.748631E-02 1.143752E+03

1
 9.594993E-01 -1.561621E-01 -7.215365E-01
 -9.792331E-01 0.000000E+00 -2.024378E-01
 1.717665E-02 1.164372E+03

1
 9.899364E-01 -1.463920E-01 -7.213074E-01
 -8.872374E-01 0.000000E+00 -4.590916E-01
 1.757170E-02 1.138194E+03

1
 1.015499E+00 -1.266441E-01 -7.206406E-01
 -7.181920E-01 0.000000E+00 -6.957750E-01
 1.676070E-02 1.193268E+03

1
 1.037141E+00 -1.044684E-01 -7.199443E-01
 -6.292362E-01 0.000000E+00 -7.772132E-01
 1.707355E-02 1.171403E+03

1
 1.054818E+00 -7.791180E-02 -7.195213E-01
 -4.858234E-01 0.000000E+00 -8.738768E-01
 1.769124E-02 1.130503E+03

1
 1.067731E+00 -4.869794E-02 -7.195692E-01
 -3.328968E-01 0.000000E+00 -9.429614E-01
 1.799979E-02 1.111124E+03

1
 1.076610E+00 1.581869E-02 -7.175914E-01
 1.005310E-01 0.000000E+00 -9.948837E-01
 1.734613E-02 1.152995E+03

1
 1.069041E+00 4.672440E-02 -7.169971E-01
 3.269408E-01 0.000000E+00 -9.448819E-01
 1.775353E-02 1.126537E+03

1
 1.055375E+00 7.536543E-02 -7.168771E-01
 5.511762E-01 0.000000E+00 -8.343339E-01
 1.780601E-02 1.123216E+03

1
 1.037580E+00 1.018139E-01 -7.161969E-01
 6.027623E-01 0.000000E+00 -7.975363E-01
 1.828561E-02 1.093756E+03

1
 1.015305E+00 1.246391E-01 -7.161672E-01
 7.548883E-01 0.000000E+00 -6.548655E-01
 1.732884E-02 1.154146E+03

1
 9.890178E-01 1.421428E-01 -7.170172E-01
 9.160629E-01 0.000000E+00 -4.004367E-01
 1.848406E-02 1.082013E+03

1
 9.587951E-01 1.519264E-01 -7.166698E-01
 9.596430E-01 0.000000E+00 -2.781648E-01
 1.859243E-02 1.075707E+03

1
 9.270655E-01 1.571381E-01 -7.165952E-01
 9.956690E-01 0.000000E+00 -8.205495E-02
 1.820102E-02 1.098839E+03

1
 8.949052E-01 1.586893E-01 -7.162961E-01
 9.980795E-01 0.000000E+00 -5.363411E-02
 1.842328E-02 1.085583E+03

1
 8.561993E-01 1.540658E-01 -7.191505E-01
 9.638721E-01 0.000000E+00 2.620118E-01
 1.857544E-02 1.076691E+03

1
 8.273681E-01 1.419599E-01 -7.179101E-01
 8.690323E-01 0.000000E+00 4.941256E-01
 1.810850E-02 1.104454E+03

1
 8.014243E-01 1.242083E-01 -7.176883E-01
 7.605544E-01 0.000000E+00 6.489591E-01
 1.739939E-02 1.149465E+03

1
 7.794535E-01 1.015275E-01 -7.179093E-01
 6.062926E-01 0.000000E+00 7.952416E-01
 1.731935E-02 1.154778E+03

1
 7.625645E-01 7.478119E-02 -7.180343E-01
 4.474870E-01 0.000000E+00 8.941610E-01
 1.578648E-02 1.266907E+03

1
 7.505697E-01 4.525719E-02 -7.194882E-01
 2.793024E-01 0.000000E+00 9.597025E-01
 1.654451E-02 1.208860E+03

1
 7.453332E-01 1.423750E-02 -7.201109E-01
 5.808646E-02 0.000000E+00 9.980096E-01
 1.668424E-02 1.198736E+03

1
 7.517592E-01 -2.070127E-02 2.426412E+00
 -1.229104E-01 0.000000E+00 9.924174E-01
 1.569683E-02 1.274143E+03

1
 7.586501E-01 -5.151389E-02 2.426051E+00
 -3.047572E-01 0.000000E+00 9.522430E-01
 1.661037E-02 1.204067E+03

1
 7.714437E-01 -8.077835E-02 2.426686E+00
 -4.884816E-01 0.000000E+00 8.724012E-01
 1.668280E-02 1.198840E+03

1
 7.895442E-01 -1.068446E-01 2.426245E+00
 -6.291201E-01 0.000000E+00 7.769451E-01
 1.703862E-02 1.173804E+03

1
 8.117822E-01 -1.287067E-01 2.426657E+00
 -7.883728E-01 0.000000E+00 6.146015E-01
 1.751731E-02 1.141728E+03

1
 8.383438E-01 -1.458456E-01 2.427267E+00
 -8.875271E-01 0.000000E+00 4.604352E-01
 1.785912E-02 1.119876E+03

1
 8.684404E-01 -1.577428E-01 2.428295E+00
 -9.612896E-01 0.000000E+00 2.663531E-01
 1.794734E-02 1.114371E+03

1
 9.003963E-01 -1.650145E-01 2.429334E+00
 -9.983342E-01 0.000000E+00 -5.451799E-02
 1.690668E-02 1.182965E+03

1
 9.338458E-01 -1.631176E-01 2.429601E+00
 -9.937577E-01 0.000000E+00 -1.006020E-01
 1.772547E-02 1.128320E+03

1
 9.644347E-01 -1.578449E-01 2.429932E+00
 -9.640176E-01 0.000000E+00 -2.635737E-01
 1.692728E-02 1.181525E+03

1
 9.944057E-01 -1.475824E-01 2.429195E+00
 -9.049144E-01 0.000000E+00 -4.237524E-01
 1.709223E-02 1.170123E+03

1
 1.020600E+00 -1.291496E-01 2.429820E+00
 -7.325994E-01 0.000000E+00 -6.786989E-01
 1.693046E-02 1.181303E+03

1
 1.042565E+00 -1.070532E-01 2.429036E+00
 -6.689627E-01 0.000000E+00 -7.422725E-01
 1.689143E-02 1.184033E+03

1
 1.072656E+00 -5.058463E-02 2.428924E+00
 -2.990607E-01 0.000000E+00 -9.542319E-01
 1.706426E-02 1.172041E+03

1
 1.080144E+00 -2.013211E-02 2.429261E+00
 -1.339791E-01 0.000000E+00 -9.909839E-01
 1.800486E-02 1.110811E+03

1
 1.080133E+00 1.306736E-02 2.431101E+00
 1.204786E-01 0.000000E+00 -9.924706E-01
 1.772205E-02 1.128538E+03

1
 1.072359E+00 4.384956E-02 2.430687E+00
 3.292606E-01 0.000000E+00 -9.442390E-01
 1.809236E-02 1.105439E+03

1
 1.058911E+00 7.348092E-02 2.430565E+00
 5.026445E-01 0.000000E+00 -8.644632E-01
 1.860870E-02 1.074766E+03

1
 1.042041E+00 9.934173E-02 2.429489E+00
 6.156914E-01 0.000000E+00 -7.879751E-01
 1.841122E-02 1.086294E+03

1
 1.019677E+00 1.227751E-01 2.428921E+00
 7.659777E-01 0.000000E+00 -6.428624E-01
 1.869578E-02 1.069760E+03

1
 9.920506E-01 1.406291E-01 2.428743E+00
 9.148713E-01 0.000000E+00 -4.037139E-01
 1.851996E-02 1.079916E+03

1
 9.623547E-01 1.506757E-01 2.428650E+00
 9.616400E-01 0.000000E+00 -2.742333E-01
 1.883787E-02 1.061691E+03

1
 9.309614E-01 1.558600E-01 2.427701E+00
 9.968467E-01 0.000000E+00 -7.913357E-02
 1.838042E-02 1.088114E+03

1
 8.992227E-01 1.573070E-01 2.427556E+00
 9.986731E-01 0.000000E+00 -5.132687E-02
 1.824671E-02 1.096088E+03

1
 8.623553E-01 1.526492E-01 2.430620E+00
 9.528790E-01 0.000000E+00 3.033500E-01
 1.893530E-02 1.056228E+03

1
 8.074312E-01 1.219496E-01 2.430254E+00
 7.634530E-01 0.000000E+00 6.458614E-01
 1.731574E-02 1.155019E+03

1
 7.857653E-01 9.920548E-02 2.429616E+00
 6.152897E-01 0.000000E+00 7.878562E-01
 1.730748E-02 1.155570E+03

1
 7.684840E-01 7.225913E-02 2.428766E+00
 4.598282E-01 0.000000E+00 8.879280E-01
 1.644326E-02 1.216304E+03

1
 7.564738E-01 4.263355E-02 2.428476E+00
 2.874205E-01 0.000000E+00 9.572490E-01
 1.599174E-02 1.250646E+03

1
 7.507578E-01 1.171437E-02 2.428406E+00
 8.488018E-02 0.000000E+00 9.962538E-01
 1.584938E-02 1.261879E+03

